1 16808
1 16808
1 389299388
4 198061569
1 16808
5 59955668
1 16808
6 712808059
1 16808
1 16808
3 924783277
1 16808
1 16808
8 273615222
1 516473760
2 101392494
4 393767958
6 656422733
3 864533467
5 335429361
1 979250451
1 16808
1 16808
3 761371570
1 16808
1 16808
4 584849836
1 615484309
1 16808
7 422917732
1 16808
1 831973999
1 732665673
3 111405747
1 257797013
1 16808
1 896017698
1 15743305
1 16808
3 700265606
1 16808
1 731554984
1 16808
8 671639497
1 16808
2 575277456
2 166002443
9 272046568
3 500927011
1 10221323
1 16808
4 348388114
1 303889455
1 16808
1 256703052
1 16808
8 800311725
1 16808
1 947728542
3 722399058
1 16808
2 300714395
1 16808
2 129341475
4 343589039
8 702763855
1 16808
5 39686196
8 872975920
1 16808
1 16808
5 780426194
1 16808
3 967211173
1 16808
1 16808
1 16808
1 16808
1 16808
1 16808
1 16808
2 708235235
4 5148109
1 87566945
3 145094699
5 678076821
2 36483680
1 227350487
1 16808
1 16808
8 117244929
8 270537747
1 932716602
1 763447847
3 159649678
3 896490309
1 663260282
1 16808
1 16808
1 16808
1 263984910
1 16808
1 16808
1 92553721
5 44596191
2 156504110
1 16808
1 974250534
1 16808
2 643843169
7 315802906
3 199673680
1 16808
4 298392979
1 16808
2 435626311
9 944372537
6 594896287
7 358443797
1 390668941
1 605379647
1 16808
7 183770682
1 102160334
1 727391243
1 942914602
1 16808
1 16808
1 16808
1 16808
1 443557985
3 63735719
1 16808
3 459620612
1 16808
3 200769893
2 593662230
1 16808
1 16808
1 16808
1 16808
6 18734501
1 16808
1 16808
1 16808
1 16808
3 572247036
1 16808
1 734229005
1 16808
1 16808
1 16808
1 16808
1 841212984
1 16808
3 501938637
1 16808
1 16808
1 16808
1 652857129
1 16808
2 57776496
6 973671725
1 16808
1 16808
1 545038896
1 16808
3 252505383
7 959055324
1 279174329
1 16808
1 16808
5 27386999
1 16808
3 773381681
1 16808
1 16808
1 16808
1 16808
3 530758601
1 16808
8 579842189
1 16808
5 308435111
1 347099563
9 363005626
1 16808
5 745269126
6 303975799
1 16808
1 16808
6 56287589
3 301449106
1 16808
5 774161242
1 16808
1 16808
1 16808
5 597256006
1 16808
8 709316981
1 16808
1 16808
1 484393035
1 637146659
7 418228592
1 16808
1 16808
1 16808
2 868596016
3 619955606
1 921916077
7 507215208
4 417932516
5 37681182
1 962097986
1 16808
1 16808
1 16808
1 16808
6 104739462
1 16808
1 16808
1 16808
8 180620230
5 816996021
1 16808
1 16808
1 16808
1 16808
1 16808
1 260455578
3 40320649
3 566917118
6 199816449
1 16808
1 16808
1 798104804
1 16808
1 16808
1 16808
3 82259851
1 16808
1 16808
1 16808
1 674702715
1 874721362
1 16808
2 651491000
1 16808
1 16808
1 16808
1 305350840
2 345079379
1 16808
7 822974537
2 108567115
2 766980354
1 16808
5 218225996
1 16808
1 16808
3 642129586
1 16043786
1 16808
7 200970143
1 16808
1 56152138
1 16808
1 16808
3 46104668
1 392783380
3 111460520
1 16808
1 16808
2 353892121
2 743301802
2 311656668
1 16808
1 524843291
3 633282310
1 16808
1 16808
5 220736288
2 40442921
1 16808
1 16808
1 159862201
5 995371714
1 16808
9 915361797
1 16808
3 819047391
1 16808
9 259705466
1 16808
2 544788584
1 16808
5 681477013
1 539827282
2 477528772
4 247201117
8 267835654
1 156916920
1 16808
1 454128433
3 905407339
1 16808
1 16808
1 16808
1 16808
2 111962930
1 16808
1 16808
1 16808
1 16808
1 287496582
8 20086476
1 16808
1 16808
4 313442789
1 16808
7 988216664
1 428895379
7 528295076
1 477975890
8 222364716
8 168765364
1 16808
1 16808
1 16808
6 436269663
1 16808
1 16808
1 761317123
1 16808
4 314586226
6 98648795
9 330788415
1 16808
2 55663520
1 16808
1 16808
1 16808
7 450758383
2 462586358
6 441334888
9 245090386
2 758179256
1 16808
1 16808
1 16808
1 16808
2 81896911
1 823421800
1 130794084
6 351896275
1 16808
1 16808
1 290187886
1 530873663
1 16808
1 491690586
2 732411649
6 922885426
1 16808
1 16808
1 818419015
1 557655638
1 620848488
1 16808
1 16808
1 16808
6 422341955
1 275185055
1 16808
1 16808
9 901885718
1 16808
1 16808
2 622710654
1 639453395
8 379195149
8 396050929
1 27145408
3 842540723
1 16808
8 836105542
7 197307405
1 16808
1 16808
1 16808
2 98560488
1 524091546
1 16808
1 16808
1 16808
1 16808
1 710625329
1 16808
3 20573146
8 970458886
1 880970772
1 801153149
1 16808
1 16808
1 16808
3 220848783
5 463376555
1 688795030
1 365707832
1 16808
1 16808
1 16808
1 545567711
1 16808
1 16808
1 16808
2 658364127
9 501135691
1 940669719
1 16808
4 955972456
1 16808
1 16808
1 16808
1 16808
1 16808
1 16808
1 16808
1 971142103
3 591533042
7 469974462
1 273107329
1 451661451
1 16808
1 16808
1 16808
1 16808
2 915343338
2 78712305
2 204888765
1 16808
8 992083429
6 14226116
3 500927011
1 16808
7 839114510
9 362661477
1 16808
1 16808
3 702260587
1 16808
1 16808
1 16808
4 542186014
1 16808
1 16808
1 16808
8 213127029
2 763203531
1 16808
1 948879920
1 755833479
1 16808
1 543086243
9 966214063
1 16808
1 16808
1 605379647
1 583642290
1 168308655
1 16808
1 811917178
4 465313447
1 16808
5 275174803
2 684626116
1 16808
4 693235681
3 950845036
1 16808
8 188903790
4 171097581
9 679938070
1 16808
1 222914838
1 16808
4 101195871
9 757135473
1 16808
1 16808
9 421155438
1 16808
2 49641423
4 65439772
1 16808
1 195903229
1 16808
7 277499369
1 224770579
9 838367283
1 16808
8 152929565
1 16808
6 148282501
4 133203797
1 16808
1 880970772
1 958581255
1 16808
1 16808
1 649503843
1 16808
1 16808
1 984037279
1 16808
1 16808
1 449069887
3 692216423
1 16808
2 350626899
4 916087112
1 16808
1 16808
6 623533119
1 16808
1 16808
1 16808
6 451359156
4 620966372
7 888240833
7 227960710
1 23177188
9 401024863
1 16808
1 16808
2 375035711
1 16808
1 16808
2 453403571
5 842002425
1 16808
1 16808
1 16808
1 16808
1 16808
1 16808
1 195132636
1 16808
1 16808
1 16808
1 16808
8 863471990
1 16808
1 16808
1 513788147
1 16808
6 541359661
2 685558625
6 161002954
6 225769036
9 163772980
1 16808
1 16808
2 238910782
4 659799139
1 16808
6 31639771
1 16808
1 16808
1 16808
1 16808
1 16808
1 766167015
1 16808
4 898940301
1 16808
1 16808
7 857556443
6 291994813
6 578102120
1 16808
6 456654981
6 517372103
1 16808
2 858355629
3 879750255
1 297476440
1 16808
7 917840661
1 106369822
1 16808
1 16808
2 349375085
1 16808
1 354486939
3 818720571
5 645949166
1 16808
1 16808
1 16808
1 954244469
3 523657887
9 592167329
1 297172544
1 16808
1 16808
4 669083128
9 287523317
1 16808
3 363273384
1 16808
1 16808
1 874730616
1 16808
1 16808
5 156797396
6 615192032
7 538772351
1 16808
7 544060473
1 16808
7 839825219
1 16808
1 16808
1 470400639
1 16808
1 16808
1 16808
1 16808
5 683846847
1 16808
1 16808
1 16808
5 260364771
1 16808
1 16808
1 222133131
1 37712643
1 127311627
6 255945192
1 16808
1 16808
1 190307606
1 16808
1 16808
1 252941780
1 16808
1 16808
1 591261961
1 856414691
1 16808
2 961116935
1 82213120
1 16808
1 111396749
2 903765465
1 16808
9 471229772
1 16808
1 16808
9 620099598
1 51557915
1 721208416
1 388693107
6 998638770
1 16808
1 16808
6 531075872
1 16808
1 16808
2 880350718
4 750079311
1 16808
1 16808
1 16808
1 16808
3 966806236
4 71923672
1 16808
4 384121255
6 785737984
1 16808
7 839114510
1 16808
1 239415755
1 16808
7 83291063
1 16808
1 582898548
2 354553603
1 16808
1 16808
1 833485510
1 16808
1 269954916
1 729397017
8 304031964
1 16808
1 175184863
1 16808
1 16808
1 16808
6 970892105
1 16808
1 16808
1 16808
6 487879706
1 16808
8 805514935
1 16808
1 16808
1 16808
1 16808
1 236385256
9 947232555
1 16808
2 40993272
8 695887160
1 16808
2 98560488
1 16808
1 16808
1 16808
1 131233279
1 16808
1 16808
1 16808
1 194978284
7 498548001
1 936829987
1 261268201
1 16808
5 590547819
3 944095071
6 733545947
9 389372784
1 16808
5 412403668
3 475218234
1 16808
1 16808
3 876045819
1 16808
1 852620727
1 16808
1 16808
7 107257925
1 16808
1 16808
1 16808
1 16808
1 16808
1 16808
3 4885707
1 16808
1 16808
4 675533492
1 16808
1 16808
2 923925498
1 448681946
7 513179771
1 16808
2 19596638
8 209623779
1 16808
6 191849059
1 16808
2 142269927
1 16808
1 758817655
1 16808
1 607279267
1 16808
1 16808
4 935058088
1 16808
2 406857977
1 16808
1 16808
7 469974462
1 16808
1 16808
1 16808
3 94998133
1 16808
4 91178563
1 460058935
1 104671888
3 917687877
1 313800214
1 16808
1 16808
1 16808
1 16808
1 522482012
1 16808
6 113099973
1 16808
1 16808
1 16808
1 16808
1 91432150
7 420346728
1 16808
1 16808
1 398734752
5 122762731
8 415445777
5 24202874
1 16808
5 69745320
1 16808
1 466555661
3 57363163
1 16808
1 16808
1 16808
4 213018527
1 197917583
1 686250773
1 853969104
2 880350718
3 699648434
6 236686068
1 16808
1 989865418
1 947937674
1 16808
1 16808
1 16808
1 561777072
1 16808
8 196312014
6 223378235
1 16808
1 16808
5 404016486
1 756756542
2 790888819
7 858312112
1 364796564
1 16808
1 16808
3 508546379
9 819095839
4 387825745
1 16808
3 531808532
1 16808
2 265134889
1 16808
1 16808
1 16808
4 995608922
1 16808
1 751855927
1 111371138
1 16808
1 16808
1 16808
1 16808
1 618170532
1 664360180
1 16808
1 16808
1 16808
9 392256642
1 16808
1 16808
1 16808
1 510006190
5 747684444
1 16808
1 16808
5 267059449
3 941446250
1 16808
1 29683975
9 489315445
5 551595625
1 692975281
1 16808
1 16808
1 16808
1 16808
1 16808
2 362659083
1 16808
6 684835770
8 191924792
4 853557092
1 894331077
1 16808
1 16808
1 292049210
6 270064757
8 90762978
1 16808
9 748169640
1 16808
1 294575520
8 282940037
9 865837257
1 16808
3 389911424
1 16808
1 528127462
1 16808
2 415910843
1 16808
9 579795042
1 19032932
3 200078337
1 16808
1 16808
1 16808
7 731528132
9 210725648
1 16808
1 16808
3 518813972
2 346208296
1 16808
1 645326873
4 68932974
1 16808
1 767753779
1 903538218
1 16808
1 16808
3 76610528
1 202749309
1 16808
1 16808
1 16808
1 702570365
1 16808
7 243282418
1 16808
1 653506142
1 16808
1 16808
1 16808
1 16808
1 16808
9 72762728
1 16808
7 708815215
1 16808
2 395462213
1 16808
1 16808
1 16808
9 805129709
1 16808
1 16808
1 16808
1 16808
1 16808
1 16808
2 541327054
1 16808
1 16808
1 16808
1 16808
1 485266357
1 16808
9 196297861
1 16808
1 16808
6 953982185
1 16808
4 862854284
8 104704335
7 606862951
2 753720320
1 16808
1 16808
5 225790561
1 915630321
1 16808
1 16808
1 16808
1 16808
1 730728650
1 16808
1 16808
8 122124216
2 45838614
6 678238628
7 94877934
1 481483568
1 16808
3 900743893
1 635372397
1 721265944
1 16808
1 16808
1 16808
1 16808
1 16808
1 518904259
1 16808
1 16808
1 16808
1 16808
1 16808
1 767736032
1 16808
1 16808
1 187444425
2 594798221
3 950743906
8 670943110
3 215169123
1 16808
1 16808
1 766022055
1 689199343
1 318391799
1 987282994
2 94608277
1 16808
1 16808
1 16808
1 3130604
5 555023772
1 16808
1 872165467
1 16808
1 16808
1 16808
9 96153212
1 16808
1 16808
5 291590664
7 13350541
1 16808
1 16808
1 16808
6 706757327
1 727968787
1 16808
1 16808
1 739528226
1 150288996
1 16808
1 16808
2 584426637
1 16808
1 16808
1 16808
1 16808
1 555668934
1 16808
8 358907872
2 809337501
1 16808
1 215907985
1 16808
3 145094699
1 16808
6 361482206
5 541833525
1 16808
1 253834748
7 917840661
2 815702478
8 457731058
1 642972694
1 16808
1 16808
1 16808
1 16808
1 16808
1 16808
1 16808
1 16808
1 16808
1 16808
1 587943030
6 246957304
1 16808
1 16808
5 80379536
7 116903279
6 573733341
1 417088569
1 16808
3 372134905
1 16808
1 67143172
1 928572977
2 750908117
1 16808
7 126840762
4 700828058
1 16808
1 16808
1 16808
1 16808
1 16808
1 16808
1 16808
1 16808
6 18407190
1 16808
7 172971235
1 16808
4 758943586
1 16808
1 16808
1 16808
1 16808
1 335514256
3 1587879
3 221669293
1 731799135
1 16808
1 16808
7 944466907
1 448442938
1 413889395
1 16808
6 573733341
1 970457426
1 16808
8 759922508
5 544867003
1 16808
1 963721867
4 281332476
1 980695321
1 16808
1 16808
8 168643552
7 175283915
1 16808
1 16808
1 719985466
1 394161640
1 16808
1 649503843
1 16808
8 876483012
2 303125680
1 16808
1 342303578
1 16808
1 881802473
1 528302512
1 16808
1 965001607
2 130905680
1 16808
4 989841991
1 16808
1 243586961
1 12692647
1 16808
1 16808
4 760555568
1 16808
1 16808
7 704749084
9 624707827
1 16808
1 16808
1 249955105
2 766661154
1 226733462
1 795921176
1 16808
1 16808
5 670218029
1 772397444
1 16808
1 134988198
1 16808
1 954642090
1 16808
1 16808
3 110948855
1 16808
1 16808
8 822228071
1 16808
1 16808
1 298033736
1 721052589
1 208510242
1 16808
8 675700753
7 912552129
4 384121255
1 16808
1 16808
1 16808
1 16808
1 512705971
1 16808
1 961009652
4 825110639
5 88026575
1 16808
3 827334024
6 554529394
1 835181937
1 501679534
1 16808
5 150355147
2 790815289
1 68242263
1 108677283
1 16808
8 434213973
1 16808
1 16808
7 192341654
1 16808
2 142269927
2 329850812
1 16808
8 251893686
1 16808
1 16808
2 949704406
1 16808
1 16808
4 287321541
1 16808
1 747958533
1 16808
1 16808
4 388469714
1 461976299
1 16808
1 85780182
1 16808
1 16808
1 16808
1 16808
1 16808
1 841778752
1 16808
1 647074346
3 964676206
1 16808
1 912151910
1 16808
1 16808
1 16808
1 442049727
6 18729138
1 16808
4 420833293
1 16808
2 524568569
2 43605584
1 16808
1 260563030
1 16808
2 664922534
2 963907941
1 82045755
9 574714100
6 925969714
7 338058821
1 242079803
2 498821676
1 16808
1 16808
4 942749845
2 236391960
1 16808
1 16808
1 16808
1 589451658
1 16808
1 16808
4 497026487
1 333649537
1 16808
1 255566508
1 16808
1 16808
1 31936188
1 16808
1 16808
5 276629325
1 819441107
1 16808
1 682144325
1 625517092
1 16808
4 756909178
1 16808
1 16808
1 235234178
5 555023772
6 434326045
1 953055771
1 503442926
3 747534603
8 971470849
1 358490574
1 16808
1 16808
1 16808
8 674550704
4 398950912
5 682220067
1 16808
1 16808
1 16808
1 16808
1 16808
1 16808
3 876932408
1 885524304
1 16808
1 16808
4 552711620
4 109713018
1 16808
1 16808
1 16808
1 16808
1 567846470
1 508665621
1 16808
1 466555661
1 362320466
1 16808
4 799191487
1 632043522
1 16808
6 330746678
1 16808
1 719737592
1 16808
7 36897901
1 100571124
7 639491053
2 887393703
1 16808
1 463814679
1 108163070
1 16808
5 355430742
1 16808
1 16808
1 726305253
1 16808
1 645272191
1 16808
1 16808
5 682220067
1 16808
1 416509574
1 87999289
1 584377636
1 16808
1 16808
7 366201134
1 602842851
3 514081589
1 16808
2 40389485
5 156982102
1 16808
1 16808
1 876580183
1 16808
8 639484804
1 16808
5 499291437
1 16808
1 593216205
1 16808
1 456555608
1 915102
1 16808
8 963710279
1 556356967
1 16808
2 740421098
1 16808
1 16808
1 16808
4 674577257
1 562477058
1 241177882
1 16808
2 799874387
1 16808
1 297049596
1 16808
1 16808
1 16808
1 16808
1 16808
1 16808
1 16808
1 16808
1 16808
9 755180350
4 90776903
1 16808
1 16808
3 263030083
1 16808
1 16808
1 16808
1 16808
1 546796523
1 547474908
1 16808
1 16808
1 16808
9 592612266
2 63612819
1 16808
7 311031858
1 16808
1 934597021
4 48604103
1 387346292
7 694476795
1 16808
4 387334160
1 16808
1 16808
1 16808
1 16808
1 987257419
1 16808
1 16808
1 16808
1 549061285
9 672418850
2 94608277
6 657171173
1 16808
1 371026438
4 894589894
5 380157
4 149212619
1 16808
1 16808
1 473361039
1 16808
1 506007082
1 4357770
1 16808
2 681497375
1 16808
4 250028817
1 16808
1 16808
1 767753779
5 300916394
1 106067475
1 557042943
1 87999289
1 871691158
1 16808
3 298740832
1 501289184
1 456771602
1 16808
3 405256373
1 16808
4 675780243
1 16808
1 16808
1 16808
1 16808
1 16808
9 815476948
2 925974562
1 16808
1 922300004
1 16808
1 16808
1 16808
1 16808
9 783271099
1 16808
7 317788983
1 16808
7 725080792
8 212580391
1 16808
1 16808
4 290288994
1 16808
1 16808
2 105696096
1 16808
1 970695814
1 16808
1 16808
6 924468741
3 984234348
1 6006771
1 16808
1 16808
1 16808
1 16808
1 338812575
8 365209174
3 740374528
1 402809604
1 16808
1 16808
1 611689456
1 16808
1 16808
3 472279906
1 16808
1 841202911
1 416008153
1 593248084
1 16808
1 16808
1 16808
1 16808
1 16808
1 371084361
1 16808
1 16808
1 16808
2 877979280
1 120468171
1 16808
1 16808
1 16808
6 267660990
2 431973161
6 606928427
1 16808
5 388668514
2 188897203
3 467672643
6 932779192
1 16808
8 361677572
1 16808
1 631903900
1 16808
1 16808
1 16808
1 889014395
1 485392631
3 76248789
1 857835973
1 9101279
1 16808
6 679124306
1 326247883
7 366201134
4 267824746
1 16808
5 453721076
1 857405348
1 16808
9 836241336
6 832972420
1 16808
8 695887160
1 16808
7 266151702
3 530951944
7 789083477
4 532575685
5 685904741
1 16808
1 16808
2 81896911
1 16808
1 16808
1 16808
1 16808
1 16808
1 823254487
1 771739535
6 730821108
1 16808
1 16808
3 42670094
1 16808
4 247070262
1 418730376
1 16808
1 16808
1 426106690
2 469864288
1 16808
1 16808
1 16808
3 183863638
1 16808
1 969077974
1 643795935
4 473184199
4 26391507
1 917925366
1 16808
1 16808
1 16808
1 16808
1 16808
5 305268318
1 87458960
2 737644156
1 16808
1 16808
1 823254487
1 16808
2 361101400
4 448974741
1 840440042
8 934896863
1 241362898
4 220728464
1 456440092
1 16808
1 16808
1 16808
1 16808
1 568495443
1 16808
1 16808
1 16808
2 766528825
1 16808
3 431808207
1 16808
1 730527128
1 16808
1 83226659
1 16808
1 16808
6 873172910
1 325035060
1 16808
1 16808
2 98560488
1 16808
1 707900931
1 16808
1 16808
5 527770402
5 865239321
1 16808
1 16808
1 16808
1 974885920
1 16808
1 16808
1 16808
7 229939826
1 16808
1 16808
1 16808
2 96564332
1 16808
1 16808
1 16808
1 16808
4 850792090
1 964279756
1 16808
1 16808
4 625511920
5 928974931
1 16808
1 16808
1 637880452
1 116930024
1 839557746
2 117746350
1 16808
1 16808
1 16808
4 576189582
1 16808
1 580614921
1 16808
3 267017731
1 16808
1 389628278
4 625057445
1 16808
1 698655476
8 835194925
1 339679316
1 276485421
1 16808
9 422538033
9 519851051
2 469274051
1 16808
1 16808
1 520394830
1 16808
1 16808
1 200723954
1 16808
1 16808
1 215522917
1 16808
1 16808
1 16808
1 16808
4 988808093
1 16808
1 16808
3 920910914
9 850842485
1 16808
1 16808
1 16808
1 16808
5 721323957
1 16808
1 16808
1 305701443
4 898940301
6 578102120
1 490942019
7 770079932
3 888902990
3 4885707
1 620033460
1 455097500
1 16808
1 16808
1 412215167
7 742008380
1 121366302
1 16808
1 16808
1 360853685
4 744008077
1 16808
1 568705147
4 315785536
5 291590664
1 839679694
1 16808
7 489452174
1 16808
6 857397423
1 16808
1 16808
1 674478719
1 16808
1 16808
1 16808
1 16808
1 16808
1 735622693
2 906789877
1 16808
1 16808
4 121551905
6 883342558
9 94939246
7 557129621
1 16808
4 979893948
1 16808
1 765706510
1 365493344
1 16808
1 552191543
1 867730896
1 16808
1 16808
3 894581988
1 16808
3 806349941
1 90840951
1 989178017
6 529234509
1 16808
8 390217507
3 835357698
4 506560205
1 16808
2 709352846
8 942782825
8 4233696
1 16808
1 16808
1 16808
8 527061510
1 268878408
1 16808
1 16808
1 16808
1 112505659
1 512705971
1 16808
1 450975766
6 351896275
1 16808
6 114723862
1 122878660
5 871282175
1 16808
1 16808
1 16808
2 627921152
1 16808
2 483853822
1 16808
7 204456934
1 302056977
9 294004927
1 16808
1 16808
1 977152690
1 542355193
1 510175692
1 710218139
5 392779450
1 16808
1 938757365
1 16808
4 418435849
1 16808
4 37999991
8 418595183
1 895354208
1 16808
1 16808
1 16808
3 188539865
1 510057042
4 892170966
1 122878660
1 16808
1 16808
1 16808
6 897168887
1 682598063
1 16808
1 16808
1 16808
1 16808
1 16808
9 676052159
1 16808
1 16808
2 516586949
5 432034697
1 16808
1 16808
4 33575752
3 69743432
1 16808
6 752959663
1 916533763
7 489427953
6 833786857
8 661704932
1 16808
1 14907287
1 16808
9 722387596
4 560296373
1 764626523
5 336361423
1 558867165
1 16808
5 577205450
5 425955746
3 183392952
1 16808
1 16808
1 750489687
1 2845845
1 16808
4 614904118
4 647193251
1 16808
1 494361823
1 16808
1 16808
1 16808
2 682134954
9 22587795
1 16808
1 16808
1 16808
1 16808
1 16808
1 16808
1 16808
2 554069342
1 605379647
4 541072614
1 16808
1 16808
3 901352132
1 16808
1 16808
1 834219598
1 16808
9 524782607
8 640151443
1 16808
4 388182712
1 881802473
1 16808
1 16808
1 16808
1 313084853
2 899869447
1 16808
1 16808
1 16808
2 92381010
1 16808
1 16808
1 472452432
1 16808
1 16808
1 16808
1 457834524
1 16808
9 91474895
1 16808
7 682969066
1 16808
1 112640044
1 16808
1 16808
1 16808
2 977417019
1 16808
2 587969136
1 16808
1 16808
1 16808
1 16808
1 16808
1 729641014
5 425226320
1 16808
1 16808
1 16808
1 16808
1 16808
7 469974462
1 16808
2 33564157
1 16808
5 59120007
1 1412299
1 16808
1 16808
1 16808
5 633991679
1 289213618
1 16808
1 16808
1 16808
1 189572394
3 459384131
6 925969714
8 668299077
5 97717510
1 16808
1 16808
1 16808
1 208786060
1 16808
1 265212774
1 16808
1 16808
1 881167445
1 16808
8 683657671
3 145094699
7 918759061
2 453043466
1 16808
2 25494031
2 999799233
2 704212598
1 16808
2 489436633
8 949768585
5 437587135
1 16808
1 16808
1 16808
1 16808
1 16808
1 297476440
1 16808
1 16808
1 16808
2 88513932
5 907019698
1 16808
1 16808
9 766444201
3 352979944
1 16808
7 12444341
1 925640217
1 846109276
1 16808
1 16808
1 16808
1 739667598
1 16808
1 16808
2 213991434
1 16808
9 270565139
1 16808
1 768390170
9 639931976
1 16808
1 16808
1 219587918
3 425544691
1 16808
2 518799246
6 40403125
1 16808
1 16808
1 16808
2 3728760
6 366330700
4 349149819
1 674702715
1 16808
1 735622693
1 16808
1 16808
1 16808
1 16808
1 463254607
1 18422584
1 16808
1 16808
1 889014839
1 16808
5 225790561
1 16808
1 16808
6 458060292
1 16808
1 16808
1 16808
5 970926951
1 16808
1 16808
2 19596638
1 550839526
7 962335605
1 173744338
1 16808
5 752522219
1 16808
1 16808
4 883268871
9 986054817
1 316380452
1 315417421
2 385833475
1 16808
7 73477176
1 16808
1 16808
7 684842994
3 841633568
1 16808
4 207363393
1 472998656
1 608127167
7 570449328
1 16808
4 758489802
3 821083313
1 16808
1 71093983
1 16808
1 16808
1 16808
8 104303738
2 197220895
1 564957137
1 16808
1 16808
7 281217013
7 615197335
4 324825061
1 16808
1 16808
1 321870304
1 16808
1 16808
8 324744336
1 468548492
3 331662631
1 16808
1 16808
1 16808
1 16808
1 16808
3 509137555
9 754517630
1 939259540
1 598232499
1 16808
1 456820690
1 852549001
5 862003503
1 16808
5 451743850
1 16808
9 805747566
1 16808
1 145167733
1 16808
1 16808
1 16808
7 283486313
5 152007226
9 364890921
1 16808
1 16808
1 16808
2 98560488
4 486910645
1 16808
1 983662940
1 16808
1 16808
1 16808
1 16808
1 16808
5 183841159
1 16808
1 16808
3 220845422
2 816610051
2 550233153
1 373286945
1 782902486
2 748105378
1 856249961
1 16808
1 16808
1 16808
1 16808
1 16808
8 104141451
1 16808
3 20573146
6 3398903
1 16808
1 565783374
1 16808
1 16808
1 147324245
6 682873560
3 525809103
2 593662230
1 16808
6 960728750
4 638430567
1 597639276
3 682886867
1 16808
1 16808
4 53298630
1 16808
1 45117444
1 16808
1 807332449
2 101165187
1 16808
1 16808
7 384043112
1 16808
8 236233438
1 16808
1 16808
1 110337385
1 16808
5 477271220
3 225611893
1 275903210
8 98890755
1 16808
1 399717344
1 42818156
4 84707069
9 285310540
5 928442723
1 16808
1 16808
1 385148103
5 832740756
5 390492552
1 16808
1 190785909
1 16808
5 445616323
1 658650293
1 16808
1 16808
1 262714376
1 300432605
1 16808
1 16808
2 968398763
8 942782825
2 503729743
8 431699902
2 942880642
2 87172666
1 16808
1 16808
1 16808
1 16808
1 16808
2 315886825
1 16808
4 622294294
5 815701612
2 552490358
5 291590664
1 16808
3 173885440
1 884496538
1 16808
2 76676674
9 982577261
1 16808
1 16808
1 16808
1 16808
2 469810942
1 552966236
1 360245485
8 996229660
1 16808
3 793996694
1 16808
1 16808
4 514554356
5 385518678
1 16808
1 4357770
1 16808
1 966839732
3 983913523
1 16808
1 16808
1 713933623
1 16808
1 879590037
2 947985070
2 2655504
3 112999294
1 16808
4 153989385
1 276870002
1 16808
4 13044083
1 841439675
1 16808
1 16808
1 16808
1 16808
1 16808
3 380579977
1 950692782
1 16808
1 16808
1 16808
3 811465516
4 296345316
1 16808
1 16808
5 362952196
1 376525878
1 916541766
1 16808
1 16808
1 16808
1 16808
1 16808
1 771630333
1 16808
8 40157255
1 16808
1 16808
1 20786845
1 78031634
1 16808
1 303674806
1 16808
4 551709760
3 955474221
1 16808
1 875905531
4 110257986
1 240317328
1 16808
8 589326891
4 608633055
9 859377186
4 102854747
1 16808
2 988408544
1 614738740
1 16808
1 16808
1 157558599
1 16808
2 172653058
1 600852594
8 432206595
1 16808
5 926530204
1 16808
1 16808
1 16808
1 16808
1 16808
1 16808
1 16808
1 16808
1 687613223
1 537842365
1 426106690
1 516473760
5 295230575
7 368980938
1 309706665
1 106360930
1 411994990
2 622710654
1 16808
1 16808
1 16808
9 796798223
3 727460750
1 16808
3 720210270
1 582530122
1 36518118
1 16808
1 16808
1 16808
3 90995228
1 16808
1 16808
1 676697906
1 16808
1 16808
9 643492165
1 771630333
1 16808
8 566580746
7 172971235
1 16808
9 292955446
1 16808
1 846740039
1 311456570
1 16808
1 16808
4 406872602
1 16808
1 557988828
1 223276105
1 16808
1 16808
4 492066042
1 227245730
1 16808
2 340678777
1 16808
1 16808
7 573206535
1 16808
1 16808
1 16808
1 16808
1 805393069
2 486043787
1 16808
2 956695032
1 16808
1 16808
2 775095064
9 292955446
1 199458650
1 200614246
1 16808
1 243787302
1 16808
3 1334699
5 453809963
7 549708063
1 16808
1 16808
1 16808
1 16808
1 16808
1 16808
1 562284496
9 210725648
1 16808
2 110889301
1 16808
1 16808
1 778286708
1 948987025
9 343569072
3 756741547
1 598035305
8 499694304
1 16808
8 234537485
1 165689755
1 230345572
1 484342496
1 16808
8 726113248
1 16808
8 859748937
1 16808
2 211106113
1 835181937
1 156578264
1 16808
6 507693146
1 838338101
1 393752995
7 619521220
1 16808
1 16808
1 16808
1 16808
1 934462487
1 16808
1 16808
1 549164395
1 16808
1 16808
3 969653821
1 16808
1 16808
1 16808
1 16808
1 16808
1 16808
1 18503792
1 453691419
2 755284723
5 572919199
1 16808
1 16808
1 93948084
6 86799901
6 925969714
6 135870616
1 16808
1 128977375
1 812693792
1 16808
1 16808
4 826905740
1 16808
1 16808
3 555813270
1 16808
1 16808
5 892747497
1 16808
3 59780041
1 16808
9 258003621
1 16808
1 16808
1 16808
1 16808
4 910734393
8 103401189
5 884134419
1 16808
8 543320173
1 16808
1 16808
1 16808
2 164432430
1 59369236
1 16808
1 16808
3 44167474
5 183055299
7 508318574
1 16808
1 16808
1 659825971
1 231859907
1 16808
5 746789124
4 962034588
1 16808
5 802870373
4 379135980
1 16808
1 16808
6 488461468
1 92631086
2 529123942
1 567058695
4 379708539
4 32277793
1 16808
1 516426647
6 415593404
1 573533988
1 16808
1 16808
1 16808
1 16808
1 16808
7 914290446
1 16808
1 912840533
8 456720204
1 16808
1 16808
1 16808
1 16808
1 126949799
1 696693035
1 16808
1 16808
5 879402060
1 16808
1 16808
1 16808
3 183392952
7 216830551
1 16808
3 46317222
1 16808
1 923617418
1 16808
1 16808
1 16808
1 447164304
1 665954192
1 16808
8 565833851
2 358324356
1 202678423
1 82213120
1 16808
7 436836554
1 16808
1 16808
1 16808
2 662446403
1 16808
9 252721352
1 106459752
1 819648313
1 557351249
6 454304274
1 16808
9 669027551
8 690898294
1 30333369
1 16808
1 895354208
3 769753372
1 16808
1 16808
1 630276735
1 16808
1 16808
1 16808
1 16808
1 858305389
9 192212803
1 16808
1 16808
5 341919156
1 16808
1 16808
1 16808
6 486808450
1 16808
9 589435216
1 425205604
8 22330347
1 621482078
8 432206595
1 184625080
1 16808
1 16808
4 223405003
1 883313389
1 16808
1 16808
1 16808
3 94998133
1 16808
1 439715304
7 378015378
4 851300217
5 840480985
2 937505341
2 181522750
1 33483716
1 399576742
1 877631751
3 758261564
1 805823137
1 16808
2 87774513
1 16808
1 16808
6 9983751
1 16808
8 386311721
1 16808
1 16808
5 90541563
2 720425206
1 16808
6 426463684
1 16808
1 832381061
4 519208305
1 16808
1 756948038
1 16808
1 16808
1 16808
1 485064392
1 16808
3 506085499
1 617996562
9 964586078
1 16808
4 821934858
8 63161315
1 16808
1 16808
6 129319013
1 16808
1 16808
1 16808
2 636872114
5 326702975
2 602855149
1 16808
1 16808
1 90774297
1 16808
2 922325834
7 570929795
1 388737564
1 135474843
1 16808
1 312443681
1 68957456
4 131688833
1 16808
1 16808
1 16808
1 16808
9 405739763
1 646912895
1 450517316
1 16808
1 16808
6 376210229
1 16808
9 88926952
1 16808
1 557168649
5 477144005
1 16808
1 16808
1 16808
1 393752995
1 16808
1 933294981
1 183530994
8 658618665
1 473362374
4 267318423
1 349868234
1 16808
1 545038896
1 16808
7 281217013
1 16808
1 16808
1 16808
1 16808
5 260364771
6 916620413
1 16808
1 16808
5 564339497
1 283071350
1 31000226
1 16808
5 744677928
2 510860300
1 16808
1 16808
1 567846470
1 16808
1 119531093
1 330959234
2 248274960
1 16808
1 16808
1 16808
1 416565150
4 816969199
1 16808
5 35669257
1 16808
1 16808
1 16808
1 65276331
1 16808
7 552732601
1 16808
1 16808
1 16808
3 829173524
1 419944613
1 16808
1 71325651
6 246604788
6 666803804
1 16808
2 147210924
1 100621373
1 363794212
1 16808
1 16808
1 16808
1 16808
9 855847593
1 504468406
1 16808
1 16808
1 16808
1 16808
7 478193921
1 16808
1 16808
1 16808
1 16808
1 16808
4 825719239
6 938056094
1 16808
8 829951416
5 683846847
1 16808
1 16808
4 852807755
3 578867550
1 16808
1 287496582
9 296039718
1 258143061
1 334271683
1 16808
1 16808
1 455319938
1 74564944
1 9419986
1 16808
1 16808
2 743577890
1 16808
1 16808
1 16808
1 958896632
7 319534878
1 16808
1 16808
1 16808
1 230298486
1 16808
1 16808
2 418428407
1 16808
5 242041243
1 16808
1 672188780
5 79011204
8 962030409
1 16808
3 969808709
1 16808
1 16808
5 597256006
1 16808
4 181251774
1 649074017
8 962030409
1 16808
1 16808
1 159105383
4 205095109
1 16808
1 16808
5 105228464
1 16808
3 713939730
1 16808
1 16808
2 607732932
1 16808
3 281152147
4 374556581
1 16808
1 16808
2 183239973
1 630119472
7 693449934
1 16808
1 16808
1 594705895
7 46992625
1 16808
8 763780738
1 929272195
1 16808
2 636911275
1 16808
5 600926499
2 698259748
1 16808
1 16808
1 16808
2 583138204
5 402914789
1 751855927
1 16808
1 16808
1 307071069
1 16808
1 14816379
1 890617175
1 16808
1 16808
1 16808
6 526955783
1 61121980
7 394426593
2 211653315
1 896898105
1 16808
1 16808
1 972326896
1 16808
1 16808
1 16808
1 16808
1 16808
1 16808
1 678902547
1 220130949
1 16808
2 207562163
1 361777517
2 318522317
1 16808
1 16808
1 16808
1 848875694
1 16808
1 16808
1 16808
3 900053126
1 620033460
1 16808
1 23945637
1 16808
1 807332449
1 464021874
5 277702335
1 16808
1 16808
1 16808
1 66909655
1 16808
1 16808
4 398737723
1 16808
3 654148443
1 16808
1 16808
2 786784735
1 16808
1 16808
1 16808
3 526450549
1 16808
1 16808
4 138441161
8 949768585
8 549803143
1 816881743
2 794089585
1 16808
1 16808
7 878829764
1 16808
5 630144882
1 16808
4 553168199
4 759895397
1 16808
1 16808
1 907465026
1 16808
1 16808
1 16808
4 253575556
1 206591651
1 649268338
1 16808
1 16808
1 16808
8 187223538
2 453687203
1 50105559
1 16808
2 951531907
1 16808
1 16808
1 16808
1 668868649
1 390622627
9 786474192
1 375808959
5 173231902
1 16808
4 54672559
5 843834809
1 16808
4 492314729
1 16808
6 752313682
1 16808
2 406079664
4 756909178
1 16808
1 16808
7 44012538
1 16808
1 16808
1 98680565
1 16808
8 441990307
1 16808
6 649781333
1 16808
1 16808
2 883964889
1 16808
1 16808
9 659694748
1 417088569
1 16808
2 143856281
7 659673969
7 921824703
2 296897323
1 16808
1 16808
2 753720320
1 16808
1 16808
1 16808
1 16808
1 16808
1 16808
1 16808
6 411004666
1 264719444
1 16808
1 672711296
1 78836744
3 383946110
2 49641423
6 365173611
5 990053003
1 258625393
1 16808
1 16808
2 794089585
1 16808
1 16808
4 76572278
7 78686658
1 16808
1 356985383
3 873477165
1 16808
1 16808
5 551312396
1 702515467
1 16808
1 16808
1 16808
3 818720571
3 943903608
1 16808
1 16808
2 354553603
1 961990711
1 16808
2 318878455
1 16808
1 16808
1 16808
8 753502387
2 258578651
1 16808
1 16808
9 994771471
1 517351010
3 21722288
1 16808
1 816833833
9 717215703
1 864743578
1 3471309
1 16808
1 16808
3 806457276
1 16808
1 16808
1 350303611
1 16808
1 16808
1 16808
1 16808
1 272235597
1 220507032
4 748634567
1 15743305
5 624716417
1 306839407
1 16808
2 32174041
1 16808
6 375456505
1 16808
1 16808
1 16808
1 16808
5 268602273
1 121544706
1 190307606
1 802420468
2 366955495
2 58764953
7 731528132
1 54489090
1 16808
1 755789494
1 16808
1 16808
1 753306162
1 16808
1 16808
1 16808
8 840789951
1 248961085
9 260538279
1 16808
1 80276036
1 16808
1 16808
1 16808
1 692884795
1 16808
1 89555512
4 379253171
5 730494324
4 829315431
1 16808
2 983105309
1 16808
4 455685563
1 63983323
1 16808
1 16808
1 71636935
1 16808
1 16808
1 16808
1 64160283
3 326864699
1 16808
1 386885161
1 582009041
1 16808
1 16808
4 86006203
1 16808
1 16808
1 16808
2 539445870
1 315447495
1 313452646
3 875250313
1 16808
7 180137105
1 16808
1 16808
1 16808
6 412533793
1 16808
1 16808
1 16808
1 16808
2 285314109
9 540865145
1 16808
6 600496529
1 16808
1 16808
2 362851571
5 95107170
1 16808
1 16808
1 16808
1 328608452
7 212968256
1 16808
1 16808
1 16808
1 16808
1 16808
1 16808
1 16808
1 16808
3 442946778
1 16808
1 16808
1 16808
1 879255888
1 16808
1 16808
2 919989524
1 140201191
2 140016387
1 16808
1 16808
1 16808
1 650962825
1 16808
1 16808
1 16808
1 16808
1 16808
1 16808
1 16808
1 16808
1 782245098
1 16808
1 16808
1 16808
1 287496582
1 16808
8 177844358
6 833786857
1 16808
1 871115997
1 661207836
5 177627429
1 485266357
3 68644764
1 16808
3 188539865
7 686529498
2 338278108
3 770949902
1 16808
1 16808
7 524589694
6 645446644
5 336742611
3 638770330
1 16808
2 122241305
1 611414560
2 439676214
1 16808
1 16808
3 294851776
1 473361039
1 16808
3 992575695
1 16808
7 450758383
1 126612428
8 575058057
9 180334401
1 456139034
1 113938811
1 16808
1 16808
1 16808
1 162555325
1 16808
1 16808
1 16808
1 896333626
1 16808
2 948302856
4 561534787
1 16808
1 16808
1 16808
5 408280334
1 16808
5 343156734
1 16808
1 16808
1 614723713
1 16808
3 352701411
6 97584114
4 405050449
1 16808
9 941582740
1 992305519
1 16808
1 16808
1 16808
4 10970775
1 16808
1 16808
1 16808
7 616748732
1 16808
3 861509064
1 30088982
1 16808
1 16808
1 16808
2 728271563
2 12763918
1 16808
2 698259748
1 16808
2 982183591
1 230534808
1 783706792
1 419944613
1 772490622
1 275463380
1 16808
1 16808
1 16808
1 16808
2 571990093
5 780625946
1 16808
6 13822763
1 547328558
1 16808
2 5966424
4 448942756
1 165890524
1 16808
6 860621803
5 928604055
1 24658841
1 16808
3 304472497
1 16808
1 16808
1 150148748
1 16808
2 364459382
9 747236391
7 259619756
1 179378206
1 361680284
6 708058516
1 16808
3 727690332
1 523014733
1 16808
4 962838459
1 16808
1 16808
1 16808
6 3398903
1 16808
1 16808
1 147941067
3 991624928
1 858568132
1 16808
7 453123844
1 42818156
1 16808
1 16808
1 16808
1 16808
1 621007197
1 646912895
1 16808
1 16808
1 895370600
7 666739131
1 16808
1 972602779
1 616767017
6 970053373
1 16808
5 599090979
3 840354034
1 16808
3 289026833
9 446338938
1 16808
1 16808
5 715696490
4 209838435
3 182669354
1 16808
1 253397926
1 16808
3 447243188
1 16808
1 16808
3 450713251
8 397131838
1 16808
4 48604103
7 811739034
3 462017989
6 3686498
5 772107315
1 761081759
1 16808
9 926291571
1 565395616
1 16808
2 575277456
2 261150351
1 16808
1 517030211
1 16808
6 33574928
3 862590319
1 16808
1 265936003
3 605518583
1 16808
7 331851823
3 941888065
2 532787918
1 16808
1 682736987
6 214107658
1 16808
6 396755199
1 885366806
1 16808
1 16808
1 16808
1 142532937
7 165418538
5 674311964
1 502959519
1 16808
1 119343397
5 928604055
1 299746809
1 760868742
1 16808
1 16808
1 319194646
1 796553119
2 990055857
1 293061507
1 16808
1 767647179
1 16808
2 587875872
3 630943869
1 379054230
1 16808
7 751999579
1 16808
2 839416694
1 91432150
1 846065264
1 460058935
1 8116931
1 16808
1 16808
1 16808
1 15743305
5 999016116
1 16808
8 875506248
1 16808
1 399634014
1 16808
1 16808
1 16808
1 16808
4 197739290
7 75636956
3 710313081
1 16808
1 16808
1 16808
1 16808
1 16808
1 289401821
1 432254415
7 664895718
6 434216299
6 349585513
5 519937373
2 531247452
1 581954626
1 16808
1 847603399
1 16808
1 882219390
7 37623525
2 877084976
1 563735577
1 16808
1 16808
1 16808
6 595398559
9 926337376
1 16808
5 607323903
1 16808
1 16808
1 16808
3 649034419
1 811909493
1 16808
8 874074133
7 487167964
9 685927160
1 16808
1 16808
8 197629085
8 829951416
4 17662463
6 224660320
5 651433213
7 245753849
1 396696722
6 595398559
1 16808
5 291568698
1 16808
1 16808
1 666220078
1 727707057
1 16808
1 16808
1 16808
1 16808
1 16808
6 642850419
1 16808
2 191406008
1 841639665
1 65797593
1 16808
7 702739692
1 16808
9 394567326
1 901413334
5 830154504
1 16808
1 16808
1 16808
1 372879407
1 16808
1 16808
1 16808
1 16808
1 16808
1 16808
5 404372311
2 675295077
5 151064123
1 770240037
1 16808
6 661848332
6 121425341
1 16808
1 16808
1 954326321
5 148689872
8 230165374
1 16808
1 16808
1 16808
6 33574928
1 16808
1 16808
1 16808
1 674831919
1 16808
4 198061569
1 16808
1 16808
1 16808
2 414603256
5 437244270
1 16808
1 16808
1 249022277
4 715989387
1 26570802
1 16808
1 264300615
6 746064620
1 934242802
2 337335650
3 750639125
1 280274329
5 355430742
1 16808
1 16808
1 16808
1 16808
2 764462785
1 16808
3 237581788
1 16808
1 978862886
1 16808
1 16808
1 16808
1 576937980
1 886474277
7 12444341
5 632851854
3 984640502
1 16808
8 52789552
1 816000584
7 150017031
4 935474454
8 846892587
1 16808
1 16808
6 319252560
5 242648930
6 550350907
1 913451109
1 351252871
1 16808
1 16808
3 799325297
1 16808
9 581863482
1 367323075
1 16808
1 16808
1 16808
5 592890176
7 553688973
1 881573963
5 392832655
1 16808
2 264741277
7 259619756
1 16808
8 50568793
1 16808
1 16808
1 16808
6 246957304
1 16808
8 177844358
4 899078286
2 590803904
1 16808
3 729283701
1 16808
1 16808
8 942782825
1 287494053
3 987519317
1 534768097
1 16808
1 16808
1 16808
1 16808
1 16808
1 16808
1 16808
2 631199896
7 652387349
1 16808
1 16808
1 592679186
1 16808
1 16808
1 16808
1 16808
1 929250665
1 16808
1 16808
1 16808
1 16808
5 76812405
1 16808
4 119486807
1 265212774
1 16808
4 183588626
1 16808
1 16808
1 16808
1 16808
4 457637818
1 16808
1 88237449
1 16808
1 16808
1 16808
1 16808
1 16808
6 261159609
1 16808
1 16808
1 16808
1 231878940
1 16808
7 562552678
1 16808
1 55195399
1 702305075
7 474069494
1 16808
1 16808
1 16808
7 212968256
5 368128819
2 593816101
2 338414101
1 16808
1 54622430
1 16808
1 547328558
1 16808
3 900743893
1 16808
1 16808
1 756642108
1 16808
1 16808
2 324019124
1 16808
2 169073277
1 621159338
6 569640094
8 261044794
1 399459051
1 62131696
1 852530516
2 952355697
4 571563096
5 791106734
4 452166191
3 934466547
1 16808
2 615969855
3 1334699
8 590852406
1 16808
1 16808
1 16808
1 16808
1 16808
1 16808
3 303012989
1 16808
1 16808
6 549940675
6 280290220
1 333175105
6 315751279
9 735548250
1 461994098
1 16808
5 843267852
9 976657265
5 262462452
1 16808
1 16808
1 16808
1 16808
4 65305024
1 16808
4 712888627
1 16808
6 572728386
1 16808
3 597969901
1 16808
1 16808
1 707900931
1 16808
3 219627940
1 16808
1 16808
1 16808
1 16808
7 685454546
7 144633352
1 16808
1 16808
1 16808
1 16808
1 455319938
1 16808
2 565486346
2 688519107
1 16808
1 16808
1 8236158
1 16808
2 878825597
1 16808
1 189082223
1 386718523
1 16808
1 303674806
1 16808
1 16808
4 899078286
1 16808
1 16808
1 16808
1 910200192
1 16808
1 16808
1 16808
1 16808
4 849346731
1 697300339
1 16808
1 16808
5 76812405
1 16808
1 817262971
1 16808
1 16808
1 16808
7 698936789
1 16808
7 663952459
1 16808
2 368759306
1 16808
1 16808
4 600639722
5 86288103
1 16808
1 16808
1 16808
1 392213409
1 16808
6 645446644
1 16808
1 842419876
1 269954916
1 16808
2 766528825
1 16808
2 174281860
1 16808
8 312809780
6 321079058
1 16808
8 376937352
1 387740109
3 119897404
9 180576187
1 16808
1 16808
1 16808
2 915876775
1 16808
1 16808
2 701026951
1 16808
4 799191487
1 16808
1 16808
1 610774407
1 16808
1 16808
1 849686358
1 16808
1 16808
1 16808
7 15584888
4 418690378
3 421038740
1 16808
5 845794069
6 994278583
7 36897901
2 130715532
1 16808
3 424849996
1 16808
1 16808
1 638101035
1 530790643
1 16808
1 16808
1 16808
1 474316857
1 481343904
1 16808
7 949369613
1 614374379
1 16808
1 456555608
1 565104988
7 770217780
1 16808
1 269954916
1 16808
3 589961340
1 16808
1 305026029
1 16808
6 224057027
1 16808
1 16808
1 16808
6 261159609
1 16808
5 186315701
5 299386089
8 25108193
7 44012538
2 848500670
7 375183063
1 16808
3 75206861
9 643770337
1 359206958
7 962568841
4 128604717
1 16808
8 994788359
5 678878800
1 16808
1 16808
4 726627835
1 598232499
1 16808
1 16808
8 883550623
1 16808
8 816049617
1 16808
1 16808
1 16808
1 16808
8 686840887
6 263327152
1 16808
1 16808
3 722156884
6 952277437
6 755275892
1 16808
2 96483975
1 16808
2 418428407
3 603625941
1 82771702
1 16808
1 16808
1 16808
5 537602426
1 16808
4 777620957
1 16808
9 965052941
3 611943220
4 205095109
1 16808
9 715329170
2 35048171
1 371891542
1 16808
8 667819794
1 202930651
1 16808
1 16808
6 319989716
2 928730958
2 993924266
1 16808
1 16808
1 189082223
1 278281105
1 16808
5 796277489
1 16808
1 16808
1 19618687
1 16808
1 936245605
1 16808
1 16808
1 16808
1 16808
1 16808
1 16808
1 16808
3 500078846
4 343615279
1 346124677
7 241307276
9 536342700
3 776965292
2 726447102
7 147342152
1 16808
1 16808
6 312797709
7 406198472
3 700265606
1 16808
1 16808
1 218621233
1 16808
1 16808
4 343692535
2 714901271
5 590547819
8 499694304
1 16808
1 680219244
1 16808
3 286667271
2 944793416
1 16808
6 106673392
6 366330700
1 16808
1 16808
1 16808
1 16808
1 706916787
1 16808
1 16808
1 16808
8 451867051
6 526482399
1 16808
1 16808
7 364760743
1 16808
3 444205207
1 16808
1 16808
1 19618687
1 16808
1 16808
1 16808
1 380582914
5 310911734
4 780444396
9 968636440
2 134260603
1 16808
1 16808
5 832061141
1 16808
7 831077109
9 322115102
1 16808
1 16808
1 16808
1 16808
8 329934739
1 16808
1 964289980
1 16808
1 660781017
1 16808
1 16808
1 176901616
1 16808
1 16808
1 16808
1 16808
1 16808
1 16808
3 811465516
1 16808
1 16808
1 16808
1 852617494
5 928974931
1 16808
1 16808
1 16808
1 667904656
1 530790643
1 16808
1 16808
1 16808
1 16808
8 71748692
1 540811900
1 16808
1 16808
5 529592806
1 16808
1 380897445
8 361677572
3 990842518
3 68978654
3 400979710
2 542445430
1 16808
1 16808
1 16808
1 16808
1 20751363
1 975422295
1 16808
1 16808
1 16808
1 16808
1 16808
9 457238500
1 106369822
1 16808
1 16808
1 16808
1 761141633
1 16808
8 191352992
2 49926138
5 151759588
1 565104988
1 16808
1 16808
5 273683988
2 245469104
1 16808
3 811687503
1 16808
1 77086415
9 254633094
1 16808
9 460272840
4 151764354
2 429355205
1 16808
6 675887302
4 659799139
1 861060548
1 16808
1 16808
1 362660913
2 47485
1 16808
1 16808
9 70418900
4 872045604
7 206573553
2 512204840
1 16808
1 16808
1 16808
1 16808
1 16808
1 16808
1 16808
1 16808
1 972617018
8 15959061
1 16808
3 287575986
3 576231867
1 16808
1 16808
1 16808
1 967539765
1 16808
1 16808
1 764847525
1 16808
4 977962765
1 16808
1 420690482
1 16808
7 794774654
3 18649375
1 16808
1 504032570
1 16808
1 16808
1 217045107
8 704323599
3 948444899
1 16808
1 682016563
8 56159483
5 724272171
1 16808
1 16808
1 940975300
3 449388124
9 22587795
1 16808
8 883550623
1 16808
1 16808
1 393146639
1 16808
1 16808
1 30521628
1 16808
1 16808
1 16808
1 16808
1 530153845
1 16808
1 272889474
1 508780492
2 986663696
2 383511582
1 16808
4 962601924
1 16808
6 404265623
1 16808
8 997712751
1 16808
1 16808
1 16808
7 146270347
1 16808
1 151319939
4 586085196
1 16808
1 16808
1 974603631
2 449605834
1 678680294
1 16808
1 16808
8 514349725
1 16808
9 324490432
1 16808
1 199458650
4 594389008
1 16808
1 687281951
1 753206078
1 16808
2 571990093
1 16808
1 222971826
1 16808
1 261574450
2 30797425
1 16808
1 16808
1 16808
1 16808
4 81708473
6 397972078
5 403897314
6 204937177
1 771264737
2 977309802
1 16808
5 904736970
1 16808
9 744272133
1 16808
2 184837274
1 16808
1 16808
1 16808
1 16808
1 16808
9 867624955
1 16808
2 839416694
1 16808
1 16808
5 849625205
6 321801233
6 246604788
1 489634665
1 724819814
1 16808
2 780784715
1 16808
9 36374267
8 337337466
1 16808
1 16808
1 16808
1 16808
1 16808
6 984556068
1 992997347
1 16808
1 16808
1 16808
1 532871823
1 16808
4 362824632
1 113938811
1 16808
1 16808
1 871115997
1 301028344
1 16808
1 16808
1 818419015
1 16808
5 380843087
1 501679534
1 618832978
3 814915802
1 16808
2 913341087
1 16808
4 36078148
1 16808
1 16808
1 16808
9 21216376
7 544060473
1 16808
1 16808
9 996998842
8 211704722
2 456666953
3 516851729
6 122942176
1 16808
9 238871411
1 16808
1 16808
1 16808
3 507077116
1 16808
1 929272195
1 16808
1 913235320
1 174078706
1 16808
1 150256110
1 16808
1 16808
1 16808
1 354821513
7 159879540
1 120256242
1 731799135
1 25435751
1 16808
1 16808
1 16808
1 16808
1 16808
1 16808
1 16808
1 16808
1 649074017
1 16808
3 964823652
1 16808
1 16808
5 736446014
1 183388062
4 296345316
1 16808
2 135401361
1 305612903
1 971888518
1 123209084
1 16808
1 16808
1 16808
6 744445320
1 16808
9 9027448
1 16808
1 944857479
9 203604066
1 610967818
1 16808
2 526006057
1 818696266
1 85533047
1 16808
1 16808
1 16808
1 16808
1 16808
1 755789494
4 506764687
4 589804544
1 16808
1 16808
3 713809994
1 689750787
1 489644503
1 16808
4 101590557
1 16808
1 16808
1 16808
1 896192239
1 16808
8 25929083
1 16808
1 16808
6 18063945
1 16808
1 777787480
2 380802682
1 16808
1 132443244
5 362952196
1 766760717
1 16808
1 16808
5 818042349
2 860537195
1 470395104
1 16808
1 16808
1 16808
6 960764416
1 815769607
1 16808
1 16808
1 16808
1 78682518
8 417666914
1 441246877
1 16808
1 701546674
7 634993572
7 880706741
1 16808
4 986167349
1 16808
1 921011329
1 16808
8 958290704
1 976735982
1 16808
1 335398705
1 16808
1 16808
1 16808
1 86980552
1 16808
1 379752739
1 16808
1 252450454
1 16808
1 16808
1 16808
6 717142239
7 196240007
1 16808
1 16808
1 323313426
1 444686324
6 678238628
8 11221595
1 16808
1 16808
1 739807534
1 16808
1 16808
1 16808
6 824623256
2 59714347
1 16808
6 239789348
1 16808
4 484753830
1 16808
8 971685666
4 347419797
3 944095071
1 16808
1 16808
1 16808
1 16808
1 16808
1 16808
1 16808
1 16808
6 475199170
9 332102786
1 16808
1 16808
1 16808
1 66019359
1 16808
1 16808
5 540418760
8 792576180
1 16808
1 16808
7 513341147
1 713933623
2 602302385
1 16808
1 132985421
1 852617494
1 87036902
4 654129363
1 16808
1 16808
1 640524613
1 16808
1 591895881
5 797646564
1 16808
1 310080519
1 16808
2 19596638
1 16808
1 16808
1 71030410
6 350146786
4 272949242
1 363424372
1 16808
8 359292049
2 864550932
1 16808
5 446475940
1 557351249
1 16808
1 16808
1 16808
1 16808
4 632736209
1 16808
7 526630320
1 16808
1 16808
1 16808
1 16808
2 32174041
1 16808
1 808474660
1 727821470
1 16808
1 16808
8 871264824
1 16808
1 702091655
6 308052173
1 16808
1 16808
2 123690890
7 613575383
1 16808
6 103227348
4 707697554
5 146691712
6 202423367
1 177471830
1 487729299
1 16808
1 16808
2 943720548
1 625543010
1 16808
3 484835941
5 461015002
1 16808
1 16808
3 732387986
1 16808
1 16808
3 284515052
2 518218159
7 318086625
1 16808
1 16808
2 111428758
1 16808
1 16808
1 16808
8 510944838
8 988566053
1 16808
1 16808
2 48144672
1 16808
1 16808
1 16808
1 16808
8 665900396
1 16808
2 974427279
1 16808
2 990964431
1 16808
1 16808
1 16808
1 570078710
4 359039078
6 603234804
7 673900883
1 16808
1 16808
1 16808
4 939338174
2 405814507
1 16808
2 718381786
3 598901189
1 16808
1 16808
8 565127927
1 16808
1 394254703
1 16808
3 470795748
1 16808
1 16808
1 16808
3 883118715
1 16808
4 632937524
1 16808
2 458849223
1 16808
1 197999596
1 16808
2 628249347
1 194814831
6 226168151
1 16808
1 64284856
1 16808
1 16808
1 83769574
1 16808
1 16808
4 159043910
1 16808
2 153887117
1 16808
1 16808
6 767756391
1 16808
1 239702714
1 917020590
1 789515932
1 16808
7 581850815
2 549088546
1 320099256
1 317111980
1 16808
1 16808
1 16808
1 16808
1 16808
7 667232288
1 16808
6 970053373
1 16808
1 16808
1 16808
1 16808
1 16808
1 16808
1 16808
4 615115597
2 112957515
1 16808
1 16808
2 631199896
1 16808
1 16808
1 16808
2 74592033
1 16808
1 16808
1 16808
1 567553343
1 16808
3 365398266
7 205774025
1 16808
1 16808
9 360606381
6 589842751
8 665900396
8 754825483
3 251601129
1 16808
1 16808
4 6742839
1 16808
1 16808
6 299265457
6 86799901
1 16808
1 16808
1 16808
1 16808
7 763288377
1 16808
3 572588450
1 16808
1 16808
1 16808
1 16808
1 16808
1 496489223
6 239530694
1 16808
3 405747490
1 16808
1 16808
8 81527493
1 56382111
1 16808
1 16808
1 16808
1 459611757
1 16808
1 462467456
1 395140538
1 16808
1 16808
1 16808
1 228470300
2 11197289
1 600623041
1 16808
1 16808
1 16808
1 16808
8 8576186
1 16808
1 16808
1 16808
2 787997555
1 248249631
4 853554484
2 714339958
1 16808
2 130905680
1 16808
7 216341952
1 16808
3 664511052
1 16808
1 16808
1 16808
6 879955274
1 16808
1 16808
1 164480388
1 266338649
1 767477240
1 16808
1 16808
4 654129363
6 956005436
1 16808
2 878964744
1 16808
1 16808
1 16808
1 779517740
1 16808
1 16808
1 421565653
2 889905534
1 16808
1 610582871
1 16808
1 16808
2 716823536
1 16808
1 292801463
1 16808
4 128604717
1 16808
1 16808
1 16808
5 687443748
1 16808
8 561464904
1 179743210
1 16808
1 16808
8 563465342
1 16808
1 752125586
1 903999427
1 16808
1 16808
1 945115255
2 988288360
1 16808
1 16808
6 481127908
8 396252816
2 218254443
4 213018527
1 709164743
6 43247449
1 317543182
1 16808
9 422666250
8 435969657
1 16808
9 533910003
1 16808
3 477779366
5 40662579
3 215726180
1 16808
7 273746542
2 376558830
1 231951247
2 269457217
1 16808
2 245112935
3 570020435
1 892224546
7 64350749
1 16808
1 16808
1 189572394
3 305624481
1 241961063
1 890368609
1 16808
1 16808
1 16808
1 16808
1 66497564
1 16808
1 616803098
2 82279267
7 915039842
1 16808
1 16808
1 24718142
4 569990515
1 16808
1 16808
1 573218990
1 16808
7 999995141
7 950394940
6 925984309
1 16808
1 241492990
1 16808
1 16808
1 16808
2 685825814
4 341532605
1 369274927
1 16808
1 16808
1 16808
1 8477631
1 16808
1 207354576
1 16808
1 16808
1 16808
1 16808
4 555872492
8 674798620
4 671365393
1 16808
1 16808
1 16808
1 16808
6 636345681
2 343536528
5 228033647
9 296050351
6 661848332
1 375978171
1 700132974
7 295661680
1 540488447
1 16808
1 16808
1 16808
1 16808
1 245860472
1 16808
1 16808
4 142414801
1 746630892
9 707378196
1 16808
2 165272516
1 16808
1 509947423
1 805589558
1 16808
1 16808
7 432118426
1 16808
1 16808
4 226334322
1 530941529
1 436512638
1 16808
1 16808
1 16808
1 676160581
1 16808
2 189416837
1 16808
1 560249623
1 480838310
1 16808
1 16808
1 16808
2 293090147
2 654749616
1 16808
1 16808
1 16808
1 798068562
7 527103213
1 16808
4 544086784
1 16808
1 913287941
1 484342496
1 16808
1 911200452
1 16808
6 311205747
1 16808
2 135401361
1 16808
1 16808
1 16808
1 16808
1 16808
4 129596139
1 16808
1 649841535
1 16808
1 936630911
1 16808
1 16808
1 765706510
1 16808
1 16808
1 120830214
6 253967245
5 875357243
1 306839407
7 468643765
6 909666976
2 363106107
3 122678114
1 16808
1 16808
1 16808
1 16808
1 16808
8 103401189
1 37008249
4 779158291
1 6244197
1 16808
1 16808
8 154032478
1 16808
1 16808
8 816049617
3 113688999
2 205831019
4 398737723
1 16808
1 962881775
2 901248478
1 16808
3 799196908
1 55195399
3 376653582
8 250488581
7 449351335
1 16808
1 16808
7 297636166
4 27387632
1 16808
1 16808
1 16808
1 16808
5 318354938
1 16808
1 16808
1 373858922
1 834608078
3 622600350
5 930209229
1 16808
1 22899623
1 855477525
1 16808
8 565127927
1 16808
1 16808
1 16808
9 838367283
1 16808
5 738050530
1 16808
1 16808
1 16808
1 183388062
1 764280391
1 16808
1 459611757
1 16808
2 943720548
