14335
1
2
3
4
44
69
70
71
72
96
169
170
213
238
328
329
330
331
332
333
334
335
336
337
416
417
458
459
524
558
588
612
647
648
649
650
698
699
734
735
808
852
862
947
948
1025
1026
1027
1028
1029
1078
1148
1149
1206
1216
1288
1375
1376
1377
1458
1484
1485
1486
1487
1488
1520
1553
1592
1593
1594
1595
1596
1597
1598
1599
1676
1748
1749
1750
1751
1760
1784
1785
1786
1787
1844
1845
1910
1928
1929
1930
1951
2006
2007
2083
2084
2085
2141
2142
2143
2144
2145
2146
2147
2148
2185
2186
2240
2241
2302
2375
2376
2469
2470
2471
2512
2525
2540
2541
2542
2625
2682
2731
2787
2828
2829
2830
2831
2832
2833
2918
2951
2952
2970
2985
3065
3066
3067
3068
3116
3215
3216
3217
3266
3267
3335
3341
3401
3402
3468
3469
3519
3602
3671
3672
3673
3674
3675
3720
3721
3722
3765
3766
3767
3768
3788
3868
3869
3870
3871
3902
3986
3991
3992
3993
3994
4029
4030
4093
4150
4154
4203
4259
4314
4385
4386
4387
4388
4480
4514
4515
4516
4517
4555
4556
4557
4558
4636
4661
4662
4663
4664
4665
4666
4667
4668
4669
4670
4671
4724
4725
4825
4826
4888
4894
4992
5088
5089
5090
5091
5092
5151
5250
5251
5252
5253
5273
5274
5276
5277
5278
5323
5324
5395
5461
5462
5534
5535
5536
5540
5556
5557
5558
5559
5560
5561
5599
5674
5715
5716
5783
5784
5847
5867
5868
5869
5870
5956
6051
6078
6079
6121
6122
6123
6208
6209
6210
6211
6212
6213
6214
6215
6216
6217
6218
6271
6349
6350
6351
6408
6498
6499
6500
6501
6502
6539
6540
6595
6678
6679
6680
6704
6705
6706
6716
6717
6718
6723
6724
6725
6726
6768
6860
6867
6868
6925
6966
6967
7062
7159
7160
7228
7229
7230
7291
7292
7326
7341
7342
7343
7429
7430
7507
7508
7509
7555
7556
7642
7643
7644
7645
7646
7647
7650
7651
7684
7702
7703
7704
7733
7734
7735
7743
7744
7772
7773
7774
7837
7838
7839
7840
7841
7842
7902
7951
7973
7974
7975
8040
8041
8042
8043
8044
8134
8135
8136
8137
8138
8139
8140
8141
8142
8143
8162
8163
8164
8165
8166
8223
8284
8285
8286
8335
8336
8337
8338
8339
8340
8341
8342
8355
8413
8463
8464
8543
8608
8609
8610
8705
8706
8707
8715
8716
8717
8718
8719
8720
8721
8737
8738
8739
8740
8741
8770
8792
8793
8794
8795
8855
8856
8858
8860
8861
8862
8863
8946
8947
8957
8958
8959
8960
9024
9025
9026
9066
9089
9178
9271
9272
9273
9274
9305
9306
9330
9331
9355
9356
9357
9358
9359
9375
9460
9461
9462
9476
9477
9498
9515
9595
9655
9753
9792
9793
9794
9859
9860
9861
9862
9863
9948
9949
9950
9951
9952
9974
9975
9976
10072
10073
10074
10079
10100
10111
10112
10113
10125
10126
10202
10203
10204
10205
10206
10267
10297
10389
10390
10391
10392
10480
10481
10544
10545
10610
10633
10634
10635
10663
10664
10665
10666
10667
10668
10669
10670
10765
10787
10788
10801
10843
10844
10845
10846
10847
10848
10849
10941
11016
11054
11071
11073
11132
11133
11182
11195
11196
11197
11198
11199
11200
11201
11202
11203
11204
11268
11368
11398
11399
11403
11457
11529
11530
11619
11620
11621
11622
11623
11632
11633
11634
11635
11636
11637
11638
11639
11675
11676
11677
11726
11727
11728
11729
11730
11731
11732
11830
11857
11867
11913
11949
11950
12010
12011
12066
12120
12121
12162
12163
12164
12165
12166
12194
12195
12210
12211
12212
12261
12262
12263
12271
12285
12286
12317
12319
12320
12380
12381
12407
12408
12409
12490
12491
12492
12559
12581
12582
12583
12584
12585
12586
12594
12595
12596
12597
12598
12601
12602
12697
12698
12738
12739
12740
12741
12742
12747
12748
12749
12791
12792
12793
12794
12795
12796
12797
12798
12799
12800
12801
12871
12884
12885
12886
12953
12954
12955
13048
13049
13050
13051
13052
13053
13119
13219
13259
13260
13261
13290
13291
13292
13293
13351
13352
13353
13354
13440
13441
13442
13443
13444
13445
13446
13447
13448
13519
13586
13587
13588
13683
13740
13741
13742
13743
13814
13842
13843
13857
13883
13976
14012
14071
14131
14132
14133
14134
14225
14252
14316
14317
14408
14462
14549
14577
14653
14654
14655
14750
14768
14769
14770
14771
14772
14773
14839
14840
14848
14849
14850
14904
14905
14906
14907
14908
14909
14910
14911
14935
14962
14990
14991
15083
15084
15085
15086
15087
15088
15125
15161
15223
15224
15301
15302
15303
15379
15380
15381
15457
15458
15459
15460
15461
15522
15545
15549
15626
15627
15669
15730
15731
15732
15733
15755
15841
15899
15942
15974
16022
16023
16044
16045
16073
16089
16090
16091
16092
16129
16130
16131
16132
16181
16249
16250
16255
16256
16257
16329
16330
16331
16332
16333
16334
16335
16336
16390
16391
16392
16393
16399
16419
16420
16421
16422
16423
16518
16601
16628
16629
16630
16682
16716
16717
16780
16781
16782
16820
16861
16939
16940
17034
17097
17098
17150
17161
17200
17201
17202
17203
17204
17205
17206
17207
17208
17209
17210
17211
17260
17352
17444
17527
17528
17529
17530
17618
17643
17644
17645
17646
17647
17661
17662
17663
17664
17665
17693
17741
17742
17743
17769
17770
17771
17772
17773
17774
17801
17802
17803
17804
17865
17917
17918
17919
17973
18063
18064
18082
18114
18115
18123
18140
18141
18150
18191
18270
18299
18352
18353
18354
18446
18462
18463
18464
18465
18466
18467
18468
18555
18630
18654
18655
18664
18665
18666
18667
18668
18669
18723
18798
18800
18873
18874
18875
18876
18877
18894
18969
19042
19060
19061
19102
19103
19104
19134
19210
19257
19258
19318
19393
19408
19409
19503
19504
19505
19506
19565
19566
19649
19650
19651
19652
19717
19761
19807
19899
19907
19908
19909
19940
20020
20021
20105
20106
20107
20108
20109
20110
20111
20165
20173
20174
20175
20216
20278
20289
20338
20339
20340
20341
20437
20505
20506
20581
20626
20711
20712
20783
20807
20808
20856
20857
20858
20859
20952
20953
21015
21016
21017
21018
21061
21062
21063
21079
21080
21081
21082
21083
21145
21171
21172
21221
21222
21223
21224
21233
21234
21235
21236
21237
21320
21376
21431
21432
21433
21493
21498
21499
21500
21550
21551
21552
21553
21643
21727
21728
21772
21773
21774
21775
21874
21924
21941
22007
22036
22037
22038
22039
22040
22055
22065
22155
22156
22236
22237
22238
22249
22250
22251
22252
22253
22290
22291
22338
22353
22422
22423
22424
22425
22426
22427
22523
22524
22572
22573
22579
22580
22581
22582
22661
22662
22663
22753
22754
22755
22838
22856
22857
22858
22905
22951
22952
22993
22994
22995
22996
23084
23085
23125
23126
23127
23196
23198
23199
23285
23286
23307
23308
23309
23310
23401
23468
23469
23556
23557
23558
23575
23576
23637
23638
23639
23715
23716
23756
23854
23855
23856
23857
23915
23943
23944
23962
23963
24017
24018
24101
24102
24103
24104
24185
24225
24226
24241
24242
24243
24319
24320
24321
24379
24380
24381
24407
24421
24422
24423
24424
24523
24524
24525
24526
24559
24560
24561
24562
24639
24669
24711
24712
24713
24714
24715
24716
24717
24718
24809
24830
24834
24835
24836
24906
24907
24908
24909
24910
24911
25008
25043
25044
25045
25074
25125
25165
25166
25238
25264
25290
25291
25372
25432
25433
25434
25435
25436
25437
25438
25439
25475
25513
25597
25638
25639
25739
25740
25741
25803
25835
25836
25837
25838
25839
25938
25991
25992
25993
25994
25995
25996
25997
25998
25999
26000
26033
26103
26104
26182
26183
26204
26205
26206
26207
26304
26305
26306
26307
26308
26309
26310
26311
26312
26313
26314
26390
26391
26392
26393
26394
26395
26396
26397
26449
26542
26543
26544
26548
26549
26550
26642
26701
26702
26753
26754
26836
26837
26838
26839
26854
26903
26904
26933
26934
26935
26936
27004
27083
27084
27158
27159
27160
27208
27209
27266
27267
27268
27340
27421
27433
27434
27435
27475
27476
27477
27478
27498
27499
27500
27501
27560
27561
27562
27563
27619
27620
27630
27631
27632
27633
27702
27785
27786
27815
27816
27817
27848
27946
27947
27948
27949
27963
27964
27965
28052
28125
28126
28206
28252
28253
28254
28255
28256
28338
28339
28340
28358
28359
28360
28361
28393
28394
28410
28430
28457
28458
28459
28460
28461
28462
28463
28464
28465
28466
28558
28559
28560
28561
28633
28717
28718
28784
28785
28786
28787
28788
28789
28870
28897
28934
28935
28936
28937
28977
28991
28992
28998
29019
29104
29105
29173
29174
29175
29176
29177
29210
29211
29308
29309
29310
29311
29312
29315
29316
29317
29318
29319
29409
29437
29438
29439
29440
29441
29533
29607
29608
29618
29619
29620
29621
29622
29623
29624
29625
29690
29709
29719
29761
29762
29763
29764
29765
29842
29844
29845
29938
29939
29940
30032
30047
30143
30191
30192
30193
30194
30268
30341
30342
30403
30498
30564
30565
30584
30585
30586
30627
30628
30629
30630
30631
30632
30633
30634
30680
30779
30795
30821
30822
30823
30873
30874
30875
30876
30918
30986
31007
31031
31070
31114
31115
31116
31117
31124
31125
31183
31184
31185
31186
31257
31334
31335
31388
31393
31394
31395
31396
31455
31456
31457
31458
31493
31537
31538
31585
31586
31587
31636
31637
31656
31657
31658
31659
31660
31661
31662
31663
31696
31697
31698
31731
31768
31849
31945
31946
31947
31948
31996
31997
32060
32061
32062
32104
32105
32106
32166
32167
32168
32169
32170
32171
32214
32215
32216
32290
32328
32329
32365
32366
32367
32368
32369
32412
32413
32414
32415
32493
32534
32535
32536
32537
32538
32600
32601
32602
32663
32664
32750
32751
32752
32802
32803
32804
32805
32806
32807
32826
32827
32828
32829
32830
32843
32855
32856
32857
32910
32939
32940
32981
32999
33000
33068
33069
33169
33170
33171
33172
33173
33267
33268
33269
33270
33279
33366
33367
33368
33369
33370
33371
33372
33454
33455
33456
33457
33530
33551
33616
33617
33632
33633
33634
33723
33724
33755
33756
33841
33842
33843
33844
33861
33862
33863
33864
33886
33887
33963
33964
34060
34088
34162
34163
34221
34276
34277
34314
34315
34316
34317
34344
34345
34346
34347
34348
34418
34419
34420
34421
34422
34506
34507
34553
34554
34555
34617
34618
34619
34620
34621
34713
34714
34715
34716
34774
34777
34778
34852
34853
34854
34876
34956
34957
34958
34959
34960
34961
34962
34976
35076
35077
35078
35079
35151
35152
35153
35188
35198
35199
35200
35262
35263
35264
35313
35314
35315
35316
35317
35381
35382
35455
35524
35525
35526
35527
35528
35601
35649
35650
35651
35687
35688
35689
35690
35691
35727
35792
35793
35794
35795
35796
35806
35883
35884
35981
36045
36046
36047
36066
36067
36112
36113
36145
36146
36178
36179
36180
36227
36228
36273
36274
36275
36369
36370
36371
36372
36458
36459
36460
36461
36502
36504
36550
36551
36628
36629
36630
36700
36701
36702
36742
36743
36767
36840
36892
36989
37037
37038
37039
37040
37071
37072
37158
37159
37160
37165
37199
37227
37228
37229
37230
37231
37232
37331
37332
37333
37365
37366
37464
37465
37466
37467
37468
37539
37596
37677
37678
37716
37763
37793
37794
37795
37796
37864
37865
37965
38039
38040
38077
38078
38079
38080
38152
38153
38154
38155
38156
38157
38192
38286
38287
38334
38376
38377
38378
38379
38453
38466
38467
38468
38469
38470
38494
38495
38538
38631
38632
38633
38634
38635
38636
38637
38638
38639
38690
38691
38692
38693
38694
38788
38789
38790
38852
38853
38854
38932
38964
38965
39039
39040
39041
39124
39125
39126
39127
39156
39157
39158
39159
39160
39161
39221
39236
39245
39267
39268
39269
39270
39369
39459
39493
39494
39538
39580
39581
39582
39640
39641
39642
39643
39670
39736
39737
39738
39739
39778
39779
39780
39781
39782
39867
39868
39869
39870
39871
39872
39873
39916
39917
39918
39919
39920
39996
39997
39998
39999
40001
40002
40003
40004
40005
40006
40078
40079
40080
40081
40082
40083
40084
40085
40086
40157
40233
40241
40242
40245
40246
40247
40248
40249
40326
40327
40398
40399
40400
40461
40465
40522
40523
40524
40525
40526
40581
40618
40619
40620
40621
40706
40707
40708
40735
40769
40851
40852
40853
40854
40855
40856
40857
40858
40859
40906
40907
40908
40909
40910
41006
41056
41057
41058
41059
41060
41156
41238
41239
41240
41269
41282
41373
41374
41408
41409
41410
41411
41412
41413
41414
41415
41416
41417
41509
41510
41511
41555
41556
41557
41558
41559
41625
41626
41627
41628
41629
41630
41652
41653
41660
41661
41705
41708
41709
41710
41711
41712
41747
41748
41749
41817
41818
41819
41898
41922
41964
41999
42000
42001
42035
42036
42048
42049
42071
42072
42073
42100
42160
42244
42260
42301
42363
42375
42376
42377
42431
42478
42479
42511
42595
42596
42597
42598
42665
42666
42667
42668
42669
42670
42747
42748
42827
42828
42829
42830
42919
42920
42921
42922
42923
42924
42925
42976
42977
43063
43104
43105
43106
43166
43218
43259
43340
43341
43342
43359
43410
43451
43452
43453
43454
43532
43533
43613
43689
43708
43755
43783
43843
43844
43944
43945
43946
43947
44001
44068
44091
44174
44266
44267
44268
44278
44279
44364
44365
44366
44409
44410
44411
44412
44423
44426
44427
44514
44572
44573
44574
44587
44588
44589
44590
44591
44592
44593
44594
44653
44742
44747
44748
44749
44750
44751
44752
44753
44754
44805
44806
44895
44896
44897
44898
44899
44900
44901
44986
44987
44988
44989
45024
45025
45077
45144
45203
45208
45209
45262
45330
45334
45335
45336
45337
45409
45410
45411
45445
45446
45447
45448
45449
45450
45478
45487
45488
45489
45545
45546
45547
45548
45549
45550
45617
45618
45665
45666
45763
45764
45765
45766
45787
45790
45791
45842
45876
45886
45887
45888
45889
45890
45891
45892
45893
45894
45895
45896
45897
45946
45947
45948
45986
45987
45988
45989
45990
46068
46069
46102
46103
46169
46170
46171
46172
46173
46256
46307
46398
46399
46400
46401
46402
46403
46404
46459
46535
46570
46594
46640
46641
46642
46643
46657
46658
46659
46671
46672
46673
46674
46675
46740
46839
46840
46841
46842
46843
46844
46845
46846
46898
46899
46900
46901
46902
46903
46939
46955
46989
46990
47035
47036
47055
47063
47064
47070
47071
47072
47073
47161
47162
47219
47220
47221
47222
47223
47233
47234
47250
47309
47310
47311
47356
47431
47501
47502
47503
47504
47505
47506
47507
47508
47509
47594
47595
47596
47597
47598
47656
47657
47752
47836
47837
47921
47922
47923
47924
47986
47987
47988
47989
47990
48025
48026
48027
48028
48029
48030
48105
48199
48276
48280
48281
48282
48310
48311
48312
48400
48491
48492
48493
48494
48495
48496
48497
48498
48551
48552
48553
48554
48555
48556
48648
48649
48670
48671
48736
48737
48738
48739
48740
48747
48748
48749
48750
48751
48832
48861
48906
48907
48977
48978
48979
48980
48981
48982
48983
49031
49042
49114
49151
49192
49193
49194
49208
49209
49210
49214
49215
49216
49259
49260
49261
49326
49382
49383
49426
49475
49476
49477
49550
49551
49552
49553
49591
49676
49765
49766
49810
49811
49817
49872
49873
49874
49875
49876
49877
49919
49920
49921
49922
49923
49924
50023
50024
50025
50026
50027
50028
50053
50054
50055
50120
50121
50122
50123
50124
50125
50126
50127
50128
50193
50213
50295
50296
50297
50386
50387
50447
50448
50449
50489
50566
50567
50568
50569
50570
50571
50603
50604
50605
50619
50620
50621
50622
50623
50624
50625
50715
50716
50795
50796
50797
50798
50799
50889
50959
51013
51014
51015
51027
51063
51064
51078
51079
51080
51081
51082
51083
51084
51102
51121
51122
51123
51124
51125
51132
51133
51134
51135
51136
51137
51138
51139
51140
51231
51232
51323
51324
51325
51392
51453
51454
51455
51468
51469
51470
51503
51504
51505
51584
51585
51586
51650
51651
51655
51656
51750
51827
51828
51878
51879
51880
51891
51898
51899
51900
51911
51912
51913
51914
51915
51916
51923
51924
51925
51926
51954
51955
51956
51957
52022
52028
52098
52138
52139
52147
52148
52149
52150
52156
52157
52158
52159
52241
52313
52339
52340
52341
52408
52409
52410
52411
52412
52503
52590
52591
52615
52677
52686
52687
52688
52766
52772
52773
52774
52788
52874
52911
52912
52913
52999
53012
53013
53014
53015
53016
53017
53080
53081
53082
53083
53084
53173
53174
53268
53276
53307
53347
53348
53429
53449
53522
53523
53524
53525
53538
53539
53540
53541
53542
53543
53555
53556
53656
53742
53743
53744
53745
53746
53754
53755
53756
53778
53808
53809
53810
53822
53899
53900
53901
53902
53975
53994
53995
53996
53997
53998
54022
54023
54024
54107
54108
54109
54110
54111
54112
54113
54114
54199
54227
54228
54229
54253
54282
54283
54284
54285
54286
54287
54288
54289
54335
54429
54430
54431
54432
54435
54515
54516
54517
54519
54520
54521
54522
54523
54612
54681
54713
54726
54727
54728
54741
54742
54743
54744
54745
54746
54753
54754
54812
54907
54978
54979
54980
55009
55071
55139
55140
55141
55142
55143
55144
55145
55148
55149
55202
55235
55236
55275
55351
55352
55422
55454
55493
55494
55495
55544
55616
55617
55639
55640
55725
55817
55818
55877
55963
55964
56004
56012
56013
56014
56095
56096
56097
56134
56201
56278
56279
56377
56383
56384
56397
56398
56399
56400
56401
56411
56412
56413
56414
56415
56416
56417
56457
56458
56459
56460
56461
56462
56463
56501
56516
56517
56553
56554
56595
56654
56655
56656
56753
56754
56755
56848
56849
56850
56851
56852
56853
56854
56855
56856
56915
56951
56952
56953
56954
56955
57040
57041
57042
57043
57044
57045
57128
57129
57155
57156
57157
57163
57164
57196
57281
57367
57383
57477
57517
57518
57567
57568
57569
57570
57659
57729
57730
57808
57809
57810
57828
57829
57830
57831
57832
57833
57863
57864
57865
57866
57867
57927
57990
58007
58008
58097
58141
58142
58143
58243
58257
58258
58341
58342
58343
58442
58443
58444
58445
58501
58502
58503
58504
58505
58506
58507
58524
58525
58583
58584
58585
58595
58599
58679
58680
58681
58747
58823
58858
58953
58954
58977
59069
59134
59135
59168
59238
59239
59258
59259
59292
59293
59294
59383
59384
59385
59443
59464
59465
59533
59534
59535
59536
59537
59589
59638
59683
59767
59768
59822
59823
59824
59825
59826
59877
59890
59891
59892
59973
59974
60016
60110
60114
60115
60116
60170
60171
60172
60173
60174
60258
60269
60321
60322
60323
60374
60454
60455
60456
60466
60467
60518
60519
60588
60589
60592
60646
60647
60648
60733
60734
60735
60785
60843
60844
60845
60846
60852
60934
60935
61026
61027
61028
61029
61112
61130
61131
61155
61156
61211
61212
61213
61214
61215
61216
61217
61218
61264
61265
61266
61267
61268
61269
61270
61271
61272
61273
61286
61305
61306
61307
61308
61309
61310
61330
61396
61441
61486
61487
61564
61565
61571
61572
61612
61695
61787
61805
61829
61830
61884
61885
61886
61969
61977
61978
62031
62093
62094
62184
62185
62186
62187
62210
62211
62268
62323
62397
62435
62447
62448
62449
62450
62451
62549
62615
62674
62675
62676
62719
62759
62775
62776
62777
62787
62788
62852
62940
62941
62942
62943
62944
62945
62946
62947
62948
62949
62950
62951
62995
63036
63037
63073
63074
63075
63134
63135
63136
63144
63145
63146
63147
63166
63167
63234
63235
63236
63249
63250
63251
63252
63253
63339
63340
63401
63495
63545
63546
63594
63595
63596
63674
63752
63753
63754
63755
63756
63757
63792
63793
63794
63795
63796
63858
63908
63978
64032
64045
64104
64105
64203
64264
64265
64355
64447
64492
64493
64494
64495
64496
64497
64579
64646
64647
64669
64687
64688
64689
64690
64691
64692
64728
64729
64825
64902
64903
64904
64956
64964
64965
64966
64967
65020
65021
65022
65023
65024
65025
65026
65027
65099
65184
65193
65194
65195
65196
65283
65365
65366
65367
65442
65503
65505
65575
65656
65657
65658
65694
65695
65696
65697
65698
65721
65722
65723
65763
65783
65784
65785
65786
65791
65792
65793
65871
65872
65873
65874
65875
65972
65975
65976
65977
65978
65979
65980
66076
66077
66078
66097
66098
66099
66100
66101
66102
66201
66202
66203
66204
66210
66236
66322
66323
66422
66423
66424
66425
66426
66490
66491
66535
66605
66659
66673
66674
66675
66756
66757
66758
66839
66840
66847
66939
66940
67031
67125
67126
67127
67217
67218
67303
67304
67305
67306
67307
67308
67377
67455
67456
67457
67458
67484
67545
67546
67547
67567
67568
67569
67570
67571
67604
67605
67614
67615
67616
67617
67618
67619
67620
67626
67627
67628
67629
67630
67631
67636
67710
67747
67748
67805
67806
67903
67986
67987
67988
67989
67990
67991
67992
67993
68067
68087
68088
68139
68152
68153
68222
68223
68224
68225
68264
68288
68308
68333
68381
68474
68475
68476
68477
68536
68617
68618
68619
68620
68621
68622
68628
68651
68652
68660
68704
68778
68862
68863
68864
68865
68866
68944
68945
68950
68951
68956
68957
68958
68959
68960
68989
68990
68991
68992
68993
69089
69150
69151
69186
69239
69240
69241
69242
69243
69244
69299
69300
69301
69308
69309
69310
69311
69315
69404
69405
69406
69407
69408
69409
69410
69411
69431
69525
69526
69550
69551
69552
69553
69565
69584
69585
69610
69698
69699
69790
69791
69860
69861
69862
69863
69864
69893
69894
69895
69896
69897
69983
69984
69985
69986
69987
70078
70079
70080
70081
70084
70085
70086
70087
70119
70134
70169
70217
70245
70246
70247
70304
70391
70392
70419
70420
70421
70422
70467
70557
70558
70583
70584
70585
70586
70587
70680
70681
70682
70683
70684
70685
70686
70687
70688
70689
70728
70729
70730
70731
70803
70804
70805
70806
70807
70834
70835
70836
70862
70863
70864
70865
70866
70867
70868
70942
70943
70945
70946
70947
70995
70996
70997
70998
71098
71161
71162
71212
71247
71248
71249
71250
71263
71277
71278
71279
71280
71296
71297
71314
71315
71316
71385
71386
71455
71456
71544
71596
71597
71661
71662
71663
71733
71752
71753
71754
71782
71792
71793
71794
71857
71877
71878
71879
71880
71881
71978
71979
71980
72072
72073
72081
72082
72083
72124
72125
72126
72127
72220
72299
72351
72352
72353
72439
72440
72441
72442
72443
72444
72445
72446
72447
72493
72498
72570
72571
72572
72573
72644
72743
72744
72800
72815
72902
72903
72904
72905
72906
72907
72908
72909
72978
73004
73005
73095
73096
73097
73164
73262
73263
73264
73298
73377
73378
73379
73380
73450
73451
73452
73453
73502
73503
73504
73559
73638
73639
73660
73661
73662
73663
73664
73742
73743
73744
73745
73799
73800
73837
73838
73844
73934
73935
73936
73937
73938
74033
74034
74035
74036
74037
74038
74039
74126
74127
74216
74254
74255
74262
74263
74264
74328
74329
74330
74385
74386
74415
74417
74418
74510
74511
74512
74531
74532
74533
74590
74591
74592
74663
74664
74742
74743
74744
74745
74834
74835
74836
74837
74886
74887
74937
74962
74963
74964
75026
75067
75068
75165
75166
75226
75227
75228
75229
75230
75231
75300
75301
75399
75400
75401
75429
75496
75497
75498
75499
75500
75501
75536
75537
75538
75539
75580
75581
75582
75671
75747
75752
75753
75754
75798
75799
75800
75801
75802
75860
75861
75862
75863
75864
75889
75890
75891
75981
75982
75983
75984
76050
76051
76085
76154
76155
76156
76157
76158
76159
76160
76161
76244
76245
76318
76319
76404
76454
76455
76456
76457
76523
76524
76525
76526
76605
76624
76625
76698
76749
76782
76783
76829
76881
76912
76913
76928
76943
76944
76945
76946
77027
77028
77029
77030
77036
77088
77172
77186
77273
77274
77358
77359
77451
77452
77509
77510
77534
77535
77536
77537
77538
77539
77606
77607
77626
77627
77697
77748
77749
77804
77810
77855
77881
77882
77883
77884
77885
77886
77887
77952
77953
78011
78012
78036
78057
78058
78059
78060
78064
78065
78066
78067
78068
78069
78070
78113
78114
78115
78116
78131
78132
78133
78134
78135
78136
78137
78138
78141
78173
78209
78210
78233
78234
78246
78247
78248
78322
78335
78381
78382
78383
78446
78447
78448
78524
78525
78526
78527
78621
78622
78623
78700
78713
78811
78812
78837
78854
78855
78856
78857
78927
78928
78957
78958
78959
78960
79033
79132
79133
79177
79178
79276
79289
79361
79450
79451
79452
79453
79489
79490
79491
79585
79657
79658
79727
79728
79821
79883
79884
79885
79921
79922
79926
79927
80002
80010
80056
80116
80117
80118
80119
80120
80121
80131
80132
80163
80164
80165
80166
80249
80334
80335
80355
80356
80375
80458
80459
80460
80461
80462
80463
80472
80570
80571
80572
80629
80630
80717
80801
80824
80903
80961
80962
80963
81050
81051
81073
81074
81075
81080
81152
81176
81177
81233
81234
81317
81318
81320
81321
81397
81398
81399
81400
81401
81402
81405
81467
81502
81503
81504
81505
81506
81507
81556
81557
81561
81562
81563
81564
81605
81606
81607
81622
81623
81723
81797
81819
81820
81821
81822
81823
81876
81877
81906
81907
81908
81909
81910
81911
81912
81996
81997
81998
81999
82005
82006
82007
82008
82009
82010
82011
82054
82147
82148
82213
82214
82299
82349
82350
82351
82352
82353
82354
82392
82478
82513
82514
82531
82532
82533
82534
82629
82678
82730
82761
82820
82821
82833
82834
82835
82836
82837
82854
82855
82856
82857
82858
82919
82920
82921
82922
82950
82951
83026
83027
83068
83069
83070
83071
83109
83110
83112
83154
83155
83156
83167
83168
83205
83269
83270
83271
83272
83273
83274
83275
83280
83281
83282
83371
83372
83373
83408
83409
83410
83411
83412
83497
83498
83584
83585
83586
83587
83588
83639
83640
83641
83642
83643
83644
83645
83647
83692
83752
83753
83823
83866
83869
83870
83957
84013
84014
84015
84016
84036
84098
84099
84106
84107
84185
84186
84235
84236
84237
84257
84258
84259
84260
84261
84262
84263
84349
84350
84391
84392
84431
84456
84457
84526
84600
84654
84668
84719
84750
84780
84870
84910
85004
85005
85071
85169
85179
85180
85214
85215
85216
85300
85319
85320
85404
85405
85447
85448
85449
85450
85451
85534
85535
85536
85537
85538
85539
85540
85541
85542
85640
85641
85642
85643
85699
85700
85701
85708
85709
85710
85711
85712
85713
85714
85769
85774
85813
85814
85815
85889
85890
85952
85953
86012
86013
86014
86015
86064
86065
86066
86150
86151
86152
86153
86154
86161
86183
86247
86248
86249
86335
86366
86367
86368
86369
86370
86371
86418
86419
86420
86421
86422
86423
86424
86432
86523
86524
86583
86584
86585
86586
86587
86588
86636
86637
86703
86704
86705
86706
86707
86708
86709
86710
86711
86712
86788
86789
86790
86830
86862
86863
86864
86865
86866
86867
86939
86940
87032
87033
87034
87035
87036
87037
87038
87039
87040
87069
87158
87248
87251
87252
87253
87254
87255
87330
87331
87398
87399
87400
87401
87402
87403
87404
87405
87406
87407
87408
87409
87423
87424
87425
87426
87488
87491
87492
87581
87639
87640
87641
87642
87681
87682
87683
87722
87766
87767
87786
87883
87946
88008
88009
88084
88085
88162
88163
88164
88205
88206
88207
88230
88231
88256
88257
88258
88271
88357
88358
88359
88360
88361
88362
88363
88452
88453
88454
88455
88472
88518
88519
88604
88605
88606
88630
88631
88632
88688
88689
88690
88691
88692
88749
88786
88808
88809
88810
88829
88928
88929
88930
88957
89029
89076
89077
89078
89109
89198
89199
89219
89303
89304
89309
89332
89333
89334
89335
89336
89398
89399
89400
89401
89402
89403
89474
89475
89544
89571
89572
89587
89588
89674
89675
89676
89685
89724
89725
89726
89727
89728
89779
89780
89829
89830
89904
89905
89906
89959
89960
89961
89962
89963
89964
89965
89966
90048
90049
90101
90102
90192
90287
90288
90289
90314
90315
90389
90390
90391
90392
90393
90453
90454
90455
90456
90501
90502
90531
90532
90533
90564
90565
90566
90567
90568
90654
90715
90716
90717
90736
90815
90816
90869
90870
90902
90903
90904
90905
90906
90952
90994
90995
90996
90997
90998
91061
91092
91093
91184
91185
91186
91187
91274
91275
91364
91365
91415
91473
91474
91475
91537
91538
91539
91570
91571
91572
91591
91592
91641
91642
91681
91682
91683
91684
91768
91843
91844
91845
91846
91847
91848
91849
91886
91887
91888
91889
91974
92044
92115
92116
92146
92147
92148
92149
92150
92151
92152
92194
92195
92263
92264
92265
92339
92340
92383
92384
92409
92483
92505
92506
92507
92508
92509
92510
92511
92529
92624
92625
92680
92681
92682
92694
92695
92764
92860
92861
92862
92936
92937
92938
92939
92940
92941
92942
93029
93030
93031
93122
93146
93147
93229
93230
93231
93242
93243
93244
93245
93316
93325
93326
93327
93328
93402
93403
93417
93418
93419
93420
93421
93422
93423
93424
93425
93507
93560
93561
93562
93602
93603
93604
93685
93702
93703
93704
93705
93706
93771
93772
93851
93852
93853
93859
93860
93861
93862
93914
93935
94028
94029
94062
94119
94218
94286
94287
94298
94317
94318
94394
94446
94447
94448
94512
94552
94553
94605
94626
94627
94628
94629
94630
94678
94679
94744
94745
94775
94793
94794
94795
94796
94797
94798
94799
94800
94896
94981
94982
94983
95022
95023
95024
95025
95026
95089
95099
95100
95174
95175
95178
95179
95180
95218
95219
95220
95221
95294
95352
95353
95354
95355
95356
95357
95358
95420
95479
95480
95481
95515
95516
95517
95533
95534
95600
95601
95605
95606
95607
95608
95675
95676
95727
95728
95804
95805
95806
95807
95808
95811
95906
95956
96045
96079
96080
96081
96082
96122
96125
96126
96127
96227
96228
96229
96230
96231
96232
96233
96313
96356
96357
96358
96447
96448
96507
96508
96601
96689
96690
96717
96718
96778
96779
96780
96864
96872
96962
96963
97032
97087
97164
97167
97184
97227
97228
97280
97281
97282
97380
97381
97382
97423
97439
97440
97464
97465
97466
97565
97578
97659
97660
97695
97778
97779
97780
97781
97782
97783
97848
97849
97850
97851
97852
97853
97854
97921
97955
98007
98008
98078
98133
98231
98232
98233
98288
98289
98361
98362
98423
98424
98471
98472
98562
98563
98663
98664
98750
98751
98781
98782
98783
98784
98824
98825
98826
98827
98828
98829
98919
98920
98921
98922
98948
99002
99076
99077
99078
99079
99080
99081
99113
99134
99200
99251
99302
99303
99304
99305
99306
99342
99403
99404
99473
99491
99492
99535
99587
99588
99616
99617
99618
99619
99620
99635
99644
99645
99739
99740
99741
99777
99778
99779
99780
99868
99929
99967
99968
99969
100047
100048
100105
100114
100168
100240
100314
100338
100365
100402
100439
100449
100450
100475
100476
100538
100539
100554
100591
100592
100633
100634
100635
100636
100728
100761
100762
100763
100838
100839
100840
100841
100842
100892
100893
100919
100920
101008
101088
101148
101184
101185
101262
101263
101347
101348
101417
101418
101490
101537
101542
101543
101549
101625
101626
101627
101628
101708
101709
101710
101711
101712
101782
101869
101933
101934
102016
102017
102018
102019
102030
102031
102032
102042
102043
102044
102109
102151
102223
102224
102225
102226
102261
102346
102347
102348
102404
102413
102414
102469
102470
102487
102576
102577
102655
102684
102685
102755
102785
102786
102787
102788
102865
102866
102867
102942
102943
102944
102945
103009
103010
103097
103125
103126
103127
103183
103184
103269
103270
103271
103300
103400
103401
103402
103453
103461
103497
103594
103595
103607
103681
103682
103683
103723
103724
103771
103853
103854
103855
103896
103909
103910
103911
103912
103951
104011
104103
104159
104186
104223
104224
104241
104300
104301
104307
104360
104361
104362
104442
104465
104468
104540
104541
104542
104543
104608
104609
104644
104645
104646
104647
104648
104649
104650
104651
104693
104694
104698
104699
104751
104783
104816
104836
104837
104838
104909
104977
104978
105057
105058
105059
105155
105160
105161
105162
105242
105243
105244
105245
105246
105247
105248
105249
105254
105255
105279
105280
105281
105282
105283
105284
105365
105450
105533
105534
105623
105624
105625
105626
105649
105678
105710
105755
105756
105757
105758
105759
105760
105769
105830
105851
105852
105857
105858
105859
105860
105890
105891
105892
105945
105951
105952
105953
105954
105955
106016
106034
106057
106058
106059
106060
106146
106147
106148
106149
106150
106151
106152
106153
106154
106155
106236
106237
106238
106239
106240
106241
106301
106304
106305
106306
106404
106405
106406
106407
106416
106417
106418
106419
106420
106421
106422
106480
106481
106520
106601
106631
106679
106708
106732
106733
106734
106770
106771
106772
106849
106872
106873
106944
106975
107049
107050
107076
107077
107135
107136
107137
107138
107139
107140
107237
107238
107239
107240
107241
107263
107296
107297
107352
107353
107430
107431
107477
107568
107569
107570
107630
107631
107731
107829
107830
107876
107877
107909
107910
107911
107979
108029
108030
108107
108147
108204
108205
108206
108207
108208
108275
108276
108302
108303
108378
108379
108380
108451
108452
108473
108476
108477
108478
108504
108505
108506
108507
108508
108509
108510
108522
108523
108524
108529
108530
108561
108562
108563
108655
108656
108657
108672
108673
108674
108675
108676
108677
108763
108764
108765
108798
108859
108860
108861
108862
108897
108898
108930
109027
109028
109029
109096
109097
109098
109099
109100
109166
109255
109256
109257
109258
109259
109302
109303
109304
109400
109401
109402
109408
109409
109410
109411
109412
109476
109477
109559
109658
109697
109775
109822
109855
109856
109956
110038
110039
110040
110041
110042
110043
110116
110170
110194
110278
110279
110280
110281
110282
110304
110344
110345
110346
110408
110409
110470
110471
110569
110601
110670
110742
110743
110744
110745
110746
110747
110748
110749
110750
110751
110834
110869
110870
110871
110955
111032
111060
111061
111091
111092
111153
111154
111155
111156
111233
111274
111275
111276
111277
111278
111279
111280
111348
111349
111350
111437
111475
111476
111477
111478
111479
111480
111481
111495
111510
111559
111560
111586
111587
111684
111685
111686
111687
111688
111689
111733
111795
111796
111797
111798
111799
111800
111880
111881
111882
111883
111884
111925
111926
111967
111968
111969
112048
112049
112119
112120
112214
112239
112240
112241
112242
112243
112244
112314
112315
112316
112360
112361
112362
112453
112464
112525
112526
112527
112528
112529
112530
112531
112532
112533
112625
112626
112627
112628
112629
112643
112644
112645
112646
112647
112682
112778
112813
112814
112815
112816
112817
112818
112819
112820
112839
112840
112905
112968
112971
112972
112973
112974
113027
113028
113029
113030
113031
113105
113157
113158
113159
113160
113161
113162
113163
113201
113202
113203
113303
113304
113305
113367
113368
113372
113409
113479
113482
113490
113523
113524
113544
113643
113644
113676
113678
113726
113729
113730
113731
113740
113814
113842
113917
113918
113919
113920
114004
114005
114006
114056
114081
114082
114171
114172
114262
114263
114361
114362
114440
114456
114457
114458
114459
114547
114564
114651
114652
114653
114654
114707
114708
114709
114710
114711
114712
114721
114722
114768
114771
114772
114805
114806
114807
114808
114826
114827
114851
114920
114952
115039
115040
115053
115054
115055
115056
115118
115119
115138
115139
115140
115141
115142
115143
115213
115214
115215
115216
115233
115234
115235
115236
115323
115398
115399
115444
115445
115446
115447
115448
115449
115521
115543
115579
115580
115581
115582
115583
115598
115599
115616
115617
115618
115619
115628
115629
115630
115631
115716
115717
115718
115719
115720
115742
115743
115744
115745
115746
115816
115817
115818
115910
115927
115953
115954
115979
115980
115981
115982
116041
116042
116137
116184
116208
116248
116249
116250
116251
116252
116253
116254
116255
116256
116257
116258
116271
116315
116316
116336
116337
116338
116422
116499
116500
116580
116581
116582
116587
116594
116595
116596
116691
116692
116693
116694
116695
116696
116732
116733
116818
116819
116820
116909
116910
116911
116912
116953
116954
116955
116956
117055
117056
117057
117146
117205
117206
117207
117236
117264
117265
117266
117362
117363
117364
117365
117366
117367
117410
117411
117446
117447
117468
117478
117508
117558
117559
117560
117561
117562
117563
117659
117713
117714
117715
117716
117791
117792
117793
117794
117795
117796
117854
117918
117919
117993
117994
117995
117996
117997
117998
118023
118024
118025
118026
118074
118075
118083
118084
118085
118103
118104
118105
118106
118107
118111
118128
118129
118171
118172
118204
118256
118257
118258
118259
118260
118261
118262
118263
118270
118271
118324
118404
118405
118406
118407
118408
118409
118410
118411
118412
118423
118424
118425
118426
118452
118453
118476
118477
118478
118488
118489
118567
118568
118609
118610
118630
118727
118767
118804
118847
118848
118849
118850
118851
118891
118951
118952
118953
118954
118955
118956
119011
119045
119046
119120
119121
119122
119123
119124
119221
119222
119223
119224
119225
119226
119227
119228
119284
119285
119300
119354
119355
119356
119357
119358
119444
119445
119446
119447
119448
119501
119502
119595
119596
119621
119622
119623
119624
119688
119715
119716
119717
119718
119719
119756
119757
119777
119778
119836
119837
119838
119839
119840
119875
119895
119896
119897
119898
119973
120002
120003
120004
120005
120058
120059
120060
120061
120062
120063
120064
120065
120119
120120
120203
120204
120205
120260
120261
120287
120348
120362
120363
120457
120458
120537
120538
120553
120554
120555
120626
120716
120717
120718
120719
120720
120750
120751
120787
120820
120893
120894
120932
120933
120934
120935
120972
121016
121017
121018
121019
121020
121021
121080
121159
121160
121227
121228
121229
121285
121352
121353
121354
121355
121356
121357
121358
121435
121507
121532
121542
121543
121544
121545
121546
121547
121590
121591
121592
121593
121594
121595
121596
121597
121598
121599
121676
121677
121739
121740
121741
121742
121791
121859
121860
121937
121938
122016
122017
122054
122055
122056
122057
122058
122059
122083
122084
122085
122086
122108
122170
122171
122172
122173
122202
122203
122300
122301
122302
122303
122304
122305
122355
122393
122394
122395
122432
122433
122434
122504
122537
122538
122539
122540
122541
122542
122576
122577
122578
122579
122580
122581
122610
122667
122668
122674
122675
122726
122727
122766
122807
122808
122809
122843
122891
122978
123011
123012
123036
123089
123155
123156
123157
123158
123250
123251
123252
123253
123254
123318
123319
123375
123376
123377
123432
123433
123458
123459
123460
123468
123469
123470
123559
123560
123561
123562
123563
123588
123676
123690
123754
123755
123756
123757
123758
123837
123838
123867
123962
124007
124079
124080
124081
124082
124083
124084
124085
124086
124115
124145
124168
124169
124170
124171
124172
124173
124179
124180
124181
124245
124246
124256
124257
124322
124364
124419
124509
124510
124514
124536
124537
124538
124539
124540
124622
124623
124624
124680
124681
124691
124692
124693
124694
124716
124717
124754
124755
124756
124757
124758
124777
124778
124853
124854
124855
124856
124885
124933
124934
124935
124936
124937
124938
125037
125116
125117
125118
125133
125134
125135
125136
125168
125169
125170
125259
125260
125261
125359
125360
125361
125362
125363
125364
125442
125443
125444
125470
125471
125472
125546
125547
125635
125636
125637
125638
125671
125672
125673
125674
125712
125785
125786
125787
125851
125852
125853
125854
125855
125856
125934
125965
125966
125967
125968
125969
125970
126013
126092
126093
126094
126095
126194
126269
126270
126271
126294
126339
126340
126341
126342
126343
126350
126351
126352
126353
126369
126428
126429
126430
126441
126468
126469
126470
126471
126472
126473
126494
126495
126496
126497
126498
126499
126500
126501
126502
126503
126504
126505
126506
126529
126530
126531
126532
126533
126534
126535
126536
126537
126538
126539
126540
126541
126631
126632
126633
126697
126702
126783
126784
126785
126827
126828
126829
126839
126891
126892
126939
126940
126941
126942
126943
126944
126959
126985
127067
127068
127113
127187
127272
127273
127369
127422
127423
127424
127483
127484
127552
127553
127554
127582
127615
127616
127617
127618
127619
127620
127621
127674
127697
127698
127699
127751
127752
127771
127772
127773
127825
127861
127884
127981
127982
127983
127996
127997
127998
128010
128034
128035
128127
128223
128286
128287
128304
128349
128417
128418
128473
128560
128561
128576
128577
128604
128703
128704
128705
128710
128744
128745
128826
128906
128907
128908
128909
128910
128967
128982
128983
129008
129099
129100
129101
129200
129278
129279
129280
129292
129293
129390
129391
129392
129393
129454
129533
129582
129583
129593
129681
129682
129683
129684
129704
129705
129706
129785
129803
129864
129865
129943
129944
129945
129952
130023
130054
130055
130132
130133
130134
130135
130136
130137
130138
130139
130236
130278
130360
130361
130362
130363
130432
130468
130469
130515
130571
130588
130589
130590
130591
130628
130629
130697
130698
130699
130700
130727
130729
130730
130731
130732
130733
130734
130833
130834
130835
130836
130837
130838
130884
130904
130905
131002
131042
131043
131102
131103
131104
131159
131216
131270
131271
131356
131357
131440
131455
131456
131463
131464
131465
131519
131520
131571
131572
131671
131672
131765
131766
131767
131768
131769
131770
131811
131812
131889
131890
131891
131901
131902
131903
132003
132004
132018
132019
132020
132021
132022
132023
132024
132025
132026
132100
132182
132183
132184
132260
132261
132262
132263
132346
132416
132417
132480
132540
132541
132566
132567
132575
132622
132623
132624
132632
132654
132655
132656
132756
132796
132797
132798
132799
132862
132873
132874
132875
132908
132909
132910
133005
133006
133007
133008
133044
133120
133121
133122
133151
133152
133189
133190
133275
133276
133375
133376
133377
133378
133379
133380
133384
133385
133435
133436
133437
133438
133488
133489
133490
133491
133492
133532
133580
133629
133630
133663
133740
133741
133800
133838
133901
133902
133903
133904
133905
133966
133967
134030
134031
134032
134033
134127
134128
134129
134130
134131
134202
134203
134232
134233
134234
134235
134236
134237
134238
134239
134256
134289
134361
134362
134363
134364
134387
134388
134389
134390
134466
134476
134498
134499
134524
134602
134648
134654
134655
134656
134694
134738
134739
134740
134741
134742
134743
134744
134793
134794
134795
134864
134865
134866
134867
134877
134878
134879
134880
134881
134900
134901
134941
134942
134943
134944
134945
135020
135021
135039
135040
135123
135124
135125
135126
135139
135140
135141
135142
135143
135180
135181
135182
135231
135232
135233
135317
135351
135397
135484
135540
135602
135640
135689
135760
135805
135862
135863
135908
135909
135910
135993
135994
135995
135996
135997
136077
136078
136079
136080
136081
136119
136120
136121
136122
136160
136161
136162
136216
136217
136218
136241
136242
136299
136300
136391
136392
136429
136430
136498
136499
136548
136615
136616
136617
136618
136619
136652
136653
136654
136655
136656
136672
136673
136674
136717
136718
136719
136809
136810
136888
136943
136944
137001
137002
137025
137026
137027
137028
137072
137104
137105
137106
137152
137196
137197
137198
137199
137200
137288
137289
137290
137291
137292
137340
137341
137397
137398
137429
137492
137523
137530
137617
137637
137638
137639
137706
137707
137708
137709
137797
137852
137853
137868
137869
137895
137896
137993
138019
138088
138156
138157
138158
138190
138191
138192
138199
138297
138301
138346
138347
138424
138425
138426
138434
138527
138532
138573
138602
138603
138604
138624
138625
138626
138653
138654
138735
138736
138737
138738
138809
138826
138827
138875
138887
138937
138938
138949
138975
138976
139035
139036
139037
139038
139039
139040
139041
139042
139050
139092
139093
139157
139189
139197
139198
139269
139270
139271
139272
139273
139274
139346
139347
139348
139349
139365
139366
139428
139504
139505
139595
139602
139636
139724
139725
139743
139783
139822
139823
139824
139826
139869
139870
139871
139967
139968
139977
139978
139979
139980
139981
139982
140041
140042
140043
140114
140115
140116
140117
140194
140195
140196
140285
140350
140361
140362
140385
140386
140387
140388
140462
140463
140464
140465
140565
140566
140567
140568
140574
140575
140576
140577
140578
140579
140580
140581
140582
140583
140683
140684
140732
140733
140734
140735
140736
140737
140738
140837
140838
140839
140925
140961
140962
140963
140964
140978
140979
141013
141014
141015
141019
141020
141061
141128
141129
141186
141187
141188
141224
141225
141226
141227
141228
141229
141230
141231
141247
141265
141266
141338
141374
141461
141462
141469
141470
141471
141472
141473
141474
141475
141476
141477
141478
141479
141503
141512
141609
141610
141674
141696
141697
141742
141744
141841
141842
141843
141918
141945
141946
141954
141955
141956
141957
141958
141976
141977
141978
142002
142025
142026
142122
142123
142124
142125
142126
142127
142167
142248
142249
142250
142251
142252
142253
142285
142286
142287
142288
142300
142301
142302
142303
142311
142312
142313
142314
142345
142346
142347
142348
142349
142378
142397
142406
142413
142414
142475
142559
142597
142598
142599
142600
142601
142644
142645
142646
142647
142648
142649
142656
142657
142658
142659
142660
142753
142754
142755
142812
142813
142814
142856
142857
142858
142892
142893
142894
142900
142901
142988
142989
142990
143017
143018
143019
143054
143055
143056
143057
143058
143059
143060
143061
143062
143092
143093
143094
143095
143096
143155
143183
143184
143245
143246
143338
143339
143409
143410
143411
143472
143473
143474
143512
143598
143599
143600
143601
143683
143684
143685
143730
143731
143732
143733
143734
143735
143736
143784
143785
143786
143883
143943
143961
144025
144026
144027
144028
144051
144052
144139
144142
144143
144191
144192
144193
144194
144195
144196
144257
144258
144259
144260
144344
144408
144480
144546
144552
144553
144581
144582
144583
144663
144664
144665
144666
144667
144710
144778
144779
144807
144856
144857
144941
144942
144943
144944
144993
145047
145146
145147
145148
145149
145249
145329
145330
145389
145483
145509
145510
145511
145598
145599
145600
145657
145746
145747
145836
145837
145880
145881
145882
145883
145922
145923
145993
146058
146059
146060
146152
146234
146246
146335
146336
146337
146338
146404
146405
146460
146461
146462
146463
146464
146465
146466
146467
146523
146607
146608
146671
146701
146710
146732
146733
146734
146750
146808
146809
146810
146811
146812
146813
146814
146815
146816
146916
147013
147026
147027
147028
147029
147122
147191
147206
147207
147208
147209
147301
147361
147440
147495
147583
147584
147585
147586
147587
147588
147589
147590
147688
147689
147690
147704
147705
147706
147707
147708
147709
147710
147796
147797
147888
147889
147890
147891
147892
147893
147894
147895
147911
147912
147913
147985
147986
148055
148056
148096
148100
148142
148143
148159
148201
148202
148203
148204
148205
148206
148225
148226
148227
148228
148229
148230
148231
148232
148234
148235
148236
148237
148238
148239
148277
148278
148279
148280
148281
148282
148283
148360
148361
148362
148427
148428
148463
148562
148563
148662
148709
148726
148727
148728
148729
148754
148851
148852
148853
148854
148868
148869
148870
148871
148934
148961
148962
149024
149041
149042
149043
149055
149056
149057
149058
149114
149176
149177
149187
149237
149238
149239
149301
149302
149327
149383
149391
149392
149414
149415
149462
149539
149617
149636
149637
149638
149639
149736
149737
149738
149739
149740
149741
149836
149837
149856
149932
149933
149982
149983
149984
149985
149986
149987
149988
149989
149990
149991
149992
149998
150048
150049
150092
150093
150169
150170
150240
150241
150242
150243
150244
150258
150259
150309
150310
150361
150457
150458
150526
150547
150548
150549
150647
150648
150689
150690
150691
150692
150753
150847
150888
150954
150955
151022
151094
151160
151257
151296
151336
151370
151431
151456
151505
151587
151662
151663
151664
151665
151666
151758
151836
151861
151941
151942
151943
151944
151954
151955
151956
151957
151958
151991
151992
151993
151994
151995
151996
152085
152086
152175
152176
152177
152178
152179
152255
152337
152338
152339
152340
152348
152349
152397
152398
152399
152438
152493
152494
152534
152535
152536
152537
152538
152539
152585
152586
152623
152624
152625
152626
152648
152649
152650
152651
152652
152687
152688
152689
152787
152788
152789
152848
152849
152850
152851
152877
152878
152923
152924
152925
152937
152944
153018
153019
153020
153021
153097
153098
153099
153100
153134
153179
153180
153268
153269
153270
153331
153332
153390
153427
153428
153525
153526
153548
153590
153591
153688
153731
153732
153733
153734
153819
153820
153822
153823
153824
153864
153944
153945
153977
153978
153979
153980
153981
154044
154065
154103
154104
154199
154200
154201
154202
154208
154220
154281
154282
154345
154346
154388
154389
154390
154391
154406
154506
154507
154508
154509
154510
154511
154512
154513
154514
154515
154516
154585
154586
154618
154619
154620
154621
154715
154735
154736
154737
154738
154748
154780
154872
154888
154889
154950
154951
155050
155051
155052
155143
155144
155145
155146
155147
155148
155149
155210
155211
155212
155308
155320
155407
155408
155412
155413
155414
155466
155531
155571
155572
155654
155655
155656
155750
155805
155806
155822
155823
155893
155915
155916
155917
155974
155975
156024
156025
156026
156027
156028
156029
156057
156058
156067
156135
156145
156146
156179
156180
156181
156197
156266
156267
156268
156269
156270
156271
156335
156336
156337
156338
156339
156340
156341
156400
156401
156402
156449
156450
156451
156520
156560
156561
156562
156563
156564
156565
156592
156593
156668
156669
156670
156671
156672
156673
156674
156675
156741
156742
156838
156867
156868
156869
156870
156937
156938
156939
156974
156975
157074
157075
157076
157147
157148
157149
157219
157260
157269
157304
157357
157358
157359
157360
157361
157459
157460
157461
157462
157463
157464
157465
157466
157467
157468
157469
157470
157471
157552
157583
157603
157604
157633
157634
157635
157636
157637
157638
157639
157640
157650
157651
157740
157829
157830
157831
157832
157833
157918
158007
158058
158091
158166
158225
158259
158264
158297
158342
158343
158365
158416
158417
158418
158419
158420
158421
158464
158484
158485
158486
158572
158646
158660
158661
158709
158710
158711
158778
158779
158794
158795
158796
158797
158798
158799
158866
158868
158965
158966
158967
158968
158969
158985
159020
159021
159040
159041
159045
159077
159078
159079
159080
159081
159082
159083
159099
159126
159127
159208
159211
159305
159306
159307
159404
159493
159494
159495
159566
159567
159603
159687
159688
159760
159800
159801
159893
159993
159994
159995
159996
159997
159998
159999
160000
160031
160072
160096
160097
160098
160160
160244
160245
160246
160247
160338
160339
160340
160421
160481
160482
160547
160548
160549
160562
160563
160658
160659
160759
160814
160815
160816
160906
160970
160971
161003
161004
161005
161006
161007
161008
161009
161010
161056
161149
161150
161151
161187
161188
161216
161217
161312
161313
161314
161315
161384
161385
161386
161387
161398
161399
161444
161477
161478
161479
161480
161481
161520
161521
161522
161523
161535
161536
161537
161583
161584
161609
161675
161676
161769
161770
161825
161885
161886
161930
161931
162021
162022
162050
162051
162052
162053
162058
162114
162177
162178
162266
162344
162345
162368
162369
162370
162371
162372
162373
162374
162450
162525
162563
162564
162565
162566
162567
162571
162572
162573
162574
162575
162588
162589
162680
162708
162751
162752
162753
162754
162755
162853
162937
162938
162939
162940
162959
163014
163015
163112
163113
163114
163115
163116
163117
163123
163124
163198
163199
163216
163217
163272
163349
163410
163437
163438
163439
163440
163489
163531
163629
163724
163725
163726
163727
163770
163771
163787
163788
163789
163790
163791
163792
163793
163794
163835
163836
163837
163859
163921
163922
163985
164057
164090
164148
164192
164204
164232
164233
164288
164378
164379
164395
164488
164562
164585
164586
164587
164588
164589
164590
164648
164649
164724
164747
164819
164820
164821
164822
164878
164958
164959
164960
164961
165010
165011
165033
165034
165035
165044
165045
165046
165047
165097
165098
165174
165175
165176
165177
165178
165213
165252
165253
165254
165342
165343
165443
165444
165445
165489
165589
165590
165591
165592
165593
165688
165689
165745
165805
165806
165886
165935
166035
166036
166037
166115
166116
166117
166118
166171
166172
166238
166239
166278
166279
166280
166357
166358
166359
166360
166390
166391
166392
166476
166477
166560
166649
166739
166740
166741
166747
166748
166767
166768
166796
166797
166798
166799
166800
166872
166913
166914
166915
166919
166967
166968
166969
166970
166971
167009
167010
167011
167012
167058
167131
167132
167133
167134
167135
167136
167137
167190
167191
167192
167193
167194
167233
167234
167250
167345
167423
167424
167425
167426
167427
167428
167429
167430
167437
167438
167445
167506
167507
167508
167600
167601
167628
167629
167630
167650
167651
167652
167653
167654
167655
167723
167724
167725
167745
167746
167769
167770
167771
167772
167773
167872
167873
167890
167891
167892
167893
167903
167923
167924
167928
167964
167965
167966
168043
168044
168093
168121
168122
168123
168124
168165
168166
168191
168192
168193
168217
168272
168273
168347
168418
168419
168420
168446
168459
168464
168465
168466
168526
168527
168610
168611
168680
168681
168682
168697
168698
168699
168700
168701
168792
168818
168911
168983
169014
169015
169016
169017
169090
169166
169167
169177
169178
169179
169180
169193
169194
169195
169196
169246
169247
169248
169249
169253
169351
169427
169472
169562
169563
169564
169646
169653
169716
169717
169718
169719
169720
169721
169722
169723
169724
169725
169726
169727
169742
169743
169744
169785
169786
169787
169817
169914
169947
170041
170042
170141
170142
170143
170144
170145
170146
170147
170215
170216
170259
170335
170394
170395
170396
170397
170398
170399
170414
170415
170442
170457
170458
170541
170542
170543
170544
170586
170587
170588
170685
170754
170755
170756
170757
170758
170759
170760
170761
170762
170763
170858
170859
170860
170861
170862
170928
170929
170978
170984
170985
171084
171135
171141
171222
171223
171224
171225
171226
171227
171228
171229
171278
171279
171323
171338
171410
171411
171439
171440
171441
171442
171532
171533
171534
171535
171536
171537
171566
171567
171568
171594
171595
171596
171597
171623
171624
171645
171646
171647
171648
171649
171694
171695
171696
171733
171793
171794
171795
171867
171868
171968
171976
172005
172006
172007
172008
172009
172018
172049
172139
172217
172281
172282
172364
172438
172439
172440
172533
172622
172623
172715
172736
172737
172738
172739
172740
172750
172751
172752
172839
172883
172884
172885
172886
172899
172900
172901
172979
172980
172981
172982
172983
172984
173011
173086
173087
173166
173167
173168
173169
173259
173260
173261
173262
173283
173284
173285
173286
173287
173288
173289
173295
173345
173397
173398
173404
173468
173469
173488
173546
173549
173554
173555
173556
173557
173619
173662
173748
173749
173750
173751
173752
173753
173754
173804
173805
173861
173862
173949
173950
173951
173952
173953
174053
174115
174116
174163
174164
174221
174222
174223
174224
174225
174312
174313
174341
174342
174343
174344
174428
174483
174484
174536
174537
174588
174589
174590
174591
174592
174593
174594
174677
174678
174679
174680
174681
174682
174690
174780
174781
174824
174825
174826
174827
174871
174872
174873
174874
174875
174876
174877
174947
174948
174949
174950
174951
175030
175031
175032
175130
175131
175137
175138
175191
175240
175241
175267
175366
175367
175368
175369
175370
175371
175372
175418
175419
175513
175530
175531
175532
175559
175560
175655
175656
175657
175707
175760
175832
175833
175856
175906
175914
175915
175932
175933
175934
175935
175945
175946
175947
176004
176096
176159
176160
176176
176177
176178
176271
176272
176273
176343
176399
176400
176433
176434
176435
176470
176495
176496
176511
176512
176543
176544
176637
176638
176639
176660
176661
176662
176708
176709
176724
176725
176726
176776
176873
176874
176957
176958
176959
176960
176961
177037
177038
177039
177105
177106
177107
177108
177109
177199
177281
177282
177283
177284
177285
177286
177368
177369
177384
177469
177563
177656
177657
177658
177659
177660
177720
177723
177779
177820
177821
177901
177902
177982
178061
178062
178063
178151
178168
178169
178179
178180
178189
178190
178191
178192
178193
178252
178253
178268
178366
178367
178444
178503
178575
178576
178577
178581
178582
178654
178729
178730
178731
178732
178733
178734
178735
178736
178763
178764
178765
178766
178808
178809
178858
178873
178891
178892
178893
178946
179043
179066
179111
179209
179210
179211
179255
179256
179257
179283
179337
179338
179373
179374
179375
179376
179432
179475
179552
179553
179578
179607
179608
179692
179693
179694
179695
179696
179697
179764
179765
179766
179767
179768
179769
179770
179771
179845
179846
179927
179928
179964
179965
180007
180008
180079
180080
180081
180136
180173
180174
180175
180241
180242
180243
180244
180245
180312
180340
180341
180342
180343
180344
180345
180405
180459
180522
180523
180524
180525
180606
180607
180677
180678
180679
180741
180742
180746
180773
180864
180878
180879
180880
180881
180882
180883
180884
180936
180937
180961
180962
181036
181088
181089
181090
181091
181092
181093
181113
181124
181125
181126
181127
181128
181129
181130
181131
181132
181133
181164
181165
181248
181249
181250
181299
181300
181301
181340
181364
181365
181383
181384
181385
181386
181404
181492
181493
181494
181495
181496
181497
181526
181571
181572
181573
181574
181575
181576
181577
181605
181606
181607
181608
181692
181712
181713
181714
181715
181716
181717
181718
181719
181720
181721
181738
181811
181812
181881
181882
181976
182073
182095
182096
182097
182098
182099
182100
182127
182163
182172
182179
182272
182366
182367
182368
182391
182392
182484
182554
182555
182556
182559
182560
182561
182562
182629
182630
182631
182632
182692
182759
182760
182834
182835
182902
182903
182904
182905
182906
182946
182947
182956
182957
182958
182959
182960
182961
182962
182963
183051
183133
183134
183135
183136
183137
183138
183139
183140
183236
183317
183318
183319
183387
183480
183550
183630
183710
183759
183785
183825
183826
183827
183828
183907
183959
183960
184008
184055
184110
184111
184112
184157
184158
184159
184160
184161
184162
184163
184164
184165
184166
184256
184301
184302
184303
184358
184369
184422
184423
184487
184488
184489
184567
184646
184647
184703
184704
184705
184706
184707
184735
184736
184806
184809
184810
184811
184815
184816
184817
184868
184937
185016
185017
185018
185028
185058
185079
185080
185081
185132
185133
185134
185135
185200
185201
185215
185216
185217
185246
185247
185248
185249
185250
185346
185347
185348
185349
185350
185449
185520
185521
185535
185536
185597
185598
185599
185692
185693
185694
185710
185711
185712
185713
185714
185740
185741
185814
185815
185821
185882
185911
185912
185913
185914
185915
185929
186021
186095
186096
186097
186098
186099
186195
186207
186208
186209
186210
186211
186212
186221
186222
186244
186245
186246
186247
186248
186294
186295
186306
186307
186382
186428
186429
186468
186469
186476
186520
186521
186522
186523
186578
186579
186580
186581
186675
186683
186684
186689
186690
186691
186775
186776
186777
186778
186779
186781
186838
186914
186965
187019
187020
187021
187038
187074
187075
187164
187165
187166
187167
187168
187169
187170
187193
187240
187275
187347
187366
187367
187368
187369
187370
187371
187372
187380
187381
187382
187383
187384
187428
187470
187471
187504
187505
187506
187507
187508
187509
187510
187538
187539
187540
187541
187609
187659
187660
187661
187662
187720
187721
187722
187723
187821
187822
187823
187824
187921
187922
187923
187924
187959
187960
188012
188065
188066
188067
188068
188122
188123
188127
188147
188232
188332
188333
188414
188415
188511
188512
188513
188514
188609
188699
188700
188701
188702
188703
188796
188797
188798
188799
188800
188801
188852
188853
188888
188949
188950
188951
188952
189027
189028
189029
189053
189054
189055
189056
189057
189058
189136
189137
189138
189157
189158
189171
189172
189235
189236
189237
189238
189239
189240
189241
189328
189329
189330
189331
189372
189378
189379
189380
189381
189382
189446
189447
189448
189449
189537
189551
189622
189623
189624
189701
189702
189703
189799
189800
189801
189802
189862
189863
189880
189938
189986
190005
190006
190010
190011
190012
190060
190138
190139
190220
190266
190267
190308
190311
190312
190313
190412
190413
190414
190457
190458
190472
190515
190516
190593
190594
190670
190671
190672
190673
190674
190675
190769
190770
190856
190872
190906
190907
190926
190950
191049
191050
191051
191130
191192
191215
191216
191217
191283
191284
191370
191371
191406
191498
191499
191504
191505
191506
191554
191645
191658
191659
191660
191665
191666
191667
191732
191776
191777
191803
191804
191817
191818
191819
191852
191853
191854
191855
191885
191946
191947
191948
191949
191969
191991
191992
192091
192092
192093
192094
192095
192101
192102
192103
192126
192210
192308
192404
192498
192521
192522
192523
192524
192525
192581
192623
192689
192690
192691
192702
192703
192704
192757
192796
192797
192798
192799
192800
192801
192802
192803
192804
192805
192806
192875
192876
192939
192940
192970
192971
192972
192973
193072
193101
193102
193151
193152
193153
193154
193202
193240
193241
193242
193303
193304
193375
193376
193377
193378
193453
193454
193455
193515
193516
193517
193574
193605
193664
193751
193752
193838
193935
193939
193963
193964
194058
194059
194060
194061
194062
194063
194090
194091
194158
194234
194235
194236
194326
194327
194403
194404
194405
194444
194445
194446
194447
194448
194449
194450
194542
194597
194635
194636
194637
194649
194650
194651
194652
194710
194787
194788
194789
194790
194791
194792
194880
194968
194971
194972
194999
195000
195028
195029
195094
195187
195188
195189
195190
195196
195217
195296
195345
195346
195347
195434
195435
195436
195437
195438
195439
195450
195533
195569
195570
195571
195605
195606
195607
195669
195670
195733
195758
195759
195760
195761
195791
195792
195855
195856
195857
195914
195915
195932
196017
196100
196101
196117
196204
196205
196239
196240
196241
196242
196311
196312
196313
196314
196352
196353
196354
196415
196416
196417
196418
196455
196499
196500
196501
196547
196613
196614
196615
196616
196642
196661
196662
196663
196752
196824
196825
196826
196916
197006
197048
197049
197050
197051
197052
197053
197054
197089
197090
197091
197158
197246
197247
197306
197307
197308
197334
197335
197336
197415
197416
197417
197418
197419
197442
197443
197461
197462
197463
197464
197465
197466
197467
197511
197573
197574
197575
197617
197618
197624
197669
197670
197693
197694
197750
197763
197764
197765
197812
197867
197868
197869
197870
197871
197895
197896
197903
197904
197905
197906
197993
198016
198017
198103
198139
198140
198141
198231
198232
198233
198234
198260
198261
198262
198330
198331
198332
198394
198395
198396
198397
198398
198481
198482
198483
198530
198601
198602
198633
198634
198706
198707
198708
198791
198834
198835
198897
198898
198899
198942
198943
199030
199031
199101
199183
199184
199280
199379
199466
199467
199477
199531
199625
199635
199636
199637
199638
199672
199673
199692
199693
199694
199695
199696
199710
199711
199712
199713
199714
199743
199744
199745
199797
199798
199799
199866
199890
199891
199892
199992
200085
200086
200149
200150
200151
200186
200256
200258
200259
200314
200315
200316
200317
200318
200319
200320
200415
200450
200489
200490
200491
200492
200493
200523
200524
200525
200607
200608
200609
200610
200629
200630
200649
200650
200651
200742
200743
200744
200745
200781
200782
200783
200871
200903
200904
200908
200946
200947
200948
201028
201029
201073
201074
201075
201087
201088
201104
201105
201106
201131
201132
201133
201134
201135
201136
201230
201231
201232
201233
201234
201315
201316
201317
201372
201373
201471
201472
201477
201478
201533
201575
201576
201577
201657
201696
201762
201812
201813
201814
201815
201816
201817
201818
201886
201887
201948
201949
202047
202048
202143
202214
202306
202388
202480
202481
202482
202483
202484
202485
202530
202531
202532
202533
202584
202624
202692
202693
202694
202766
202767
202841
202862
202934
202959
203009
203010
203073
203074
203098
203146
203155
203176
203227
203228
203229
203230
203231
203328
203353
203437
203438
203439
203440
203481
203482
203483
203532
203542
203543
203544
203585
203586
203599
203670
203671
203672
203673
203723
203726
203752
203848
203884
203885
203886
203887
203963
203964
204007
204008
204009
204010
204011
204012
204013
204108
204109
204110
204111
204112
204113
204114
204115
204116
204168
204229
204230
204231
204232
204233
204256
204349
204418
204419
204420
204489
204490
204491
204492
204493
204494
204495
204496
204497
204498
204578
204579
204610
204611
204654
204655
204656
204657
204722
204730
204743
204744
204745
204831
204918
204919
205003
205060
205107
205108
205109
205110
205153
205239
205241
205300
205301
205324
205347
205348
205399
205400
205436
205437
205503
205590
205591
205646
205647
205690
205710
205711
205716
205717
205732
205743
205744
205745
205798
205824
205863
205864
205865
205866
205867
205917
205918
205919
206005
206006
206007
206008
206009
206010
206109
206170
206239
206268
206309
206310
206311
206369
206370
206418
206419
206474
206475
206476
206477
206478
206479
206510
206555
206556
206651
206652
206653
206708
206709
206710
206743
206744
206829
206830
206857
206923
206930
206931
206932
206933
206971
207003
207017
207018
207019
207020
207021
207022
207058
207059
207060
207061
207062
207063
207064
207069
207070
207071
207107
207108
207115
207116
207141
207142
207143
207232
207233
207234
207235
207246
207271
207272
207296
207297
207298
207383
207384
207425
207435
207442
207464
207557
207558
207559
207567
207568
207664
207665
207666
207714
207805
207806
207820
207821
207888
207956
207957
207996
207997
208042
208118
208214
208217
208236
208237
208303
208304
208336
208337
208338
208339
208340
208341
208342
208349
208419
208420
208421
208422
208457
208458
208496
208567
208568
208641
208642
208643
208644
208737
208757
208758
208759
208760
208761
208762
208763
208764
208765
208766
208767
208830
208831
208832
208833
208891
208892
208900
208935
209013
209014
209015
209055
209056
209067
209078
209090
209091
209092
209093
209094
209095
209096
209097
209098
209182
209214
209215
209216
209217
209218
209239
209320
209383
209384
209385
209430
209496
209554
209555
209556
209557
209558
209559
209571
209572
209603
209604
209667
209731
209732
209799
209830
209831
209832
209833
209834
209929
209930
209990
209991
209992
209993
209994
210009
210096
210097
210187
210265
210288
210289
210290
210291
210380
210381
210382
210383
210409
210440
210441
210442
210443
210444
210445
210446
210447
210494
210495
210496
210497
210575
210576
210577
210658
210659
210660
210730
210821
210909
210910
210911
210955
210993
210994
211015
211053
211054
211138
211139
211140
211235
211277
211278
211300
211319
211320
211321
211322
211376
211420
211421
211422
211423
211424
211448
211484
211485
211486
211487
211488
211489
211517
211518
211558
211559
211560
211622
211623
211624
211625
211626
211679
211680
211728
211729
211730
211731
211738
211761
211762
211763
211784
211785
211786
211787
211880
211881
211914
211984
211985
211986
212018
212019
212055
212056
212140
212141
212163
212181
212182
212183
212265
212266
212267
212268
212269
212361
212362
212363
212437
212438
212439
212488
212489
212572
212573
212574
212670
212671
212672
212767
212791
212792
212793
212794
212841
212876
212877
212878
212879
212880
212961
212979
213060
213137
213138
213192
213193
213194
213195
213202
213203
213204
213205
213206
213222
213223
213255
213256
213265
213305
213306
213307
213403
213404
213405
213422
213439
213530
213531
213532
213533
213534
213535
213536
213547
213616
213617
213618
213619
213695
213696
213777
213778
213779
213807
213808
213869
213941
213942
213943
213944
213995
214003
214004
214005
214006
214007
214013
214048
214086
214087
214088
214089
214154
214218
214219
214220
214258
214259
214268
214314
214350
214351
214446
214447
214485
214557
214558
214559
214560
214612
214613
214614
214663
214664
214665
214666
214667
214668
214684
214713
214714
214795
214850
214851
214937
214941
215026
215027
215028
215029
215076
215077
215078
215079
215114
215115
215116
215173
215174
215175
215176
215177
215185
215232
215233
215279
215280
215281
215381
215382
215383
215384
215385
215386
215387
215388
215389
215390
215485
215534
215535
215536
215563
215564
215565
215566
215567
215568
215569
215570
215571
215572
215573
215666
215667
215762
215763
215840
215841
215846
215897
215898
215920
215924
216003
216004
216005
216064
216065
216108
216132
216133
216134
216135
216136
216137
216214
216215
216216
216239
216240
216332
216333
216334
216352
216362
216363
216364
216365
216409
216447
216448
216449
216470
216471
216472
216539
216540
216541
216542
216543
216642
216643
216644
216685
216686
216687
216688
216779
216866
216867
216918
216920
216921
216970
216971
216972
216973
216974
216975
216976
216977
216978
216979
217053
217054
217074
217075
217076
217164
217165
217196
217254
217256
217329
217429
217430
217471
217472
217473
217474
217512
217604
217605
217622
217623
217659
217660
217756
217763
217856
217880
217881
217965
217966
218049
218124
218125
218126
218129
218130
218131
218224
218225
218226
218281
218282
218283
218284
218376
218377
218435
218436
218470
218471
218472
218477
218478
218540
218541
218542
218543
218544
218545
218546
218547
218548
218549
218560
218561
218660
218661
218662
218696
218697
218740
218741
218742
218743
218749
218750
218755
218756
218787
218788
218853
218908
219003
219004
219061
219062
219063
219141
219142
219205
219206
219211
219212
219213
219214
219215
219216
219217
219272
219273
219274
219275
219362
219421
219422
219427
219428
219429
219498
219566
219567
219568
219569
219633
219634
219691
219692
219745
219746
219747
219834
219865
219866
219884
219885
219886
219912
219913
219914
219915
219916
219921
219983
219984
219985
219986
220056
220057
220061
220062
220063
220064
220065
220066
220067
220068
220112
220113
220114
220130
220131
220132
220133
220134
220135
220136
220137
220138
220139
220238
220325
220410
220411
220412
220413
220414
220489
220490
220491
220492
220493
220494
220495
220496
220505
220506
220559
220560
220561
220562
220653
220654
220655
220698
220736
220831
220917
220918
220919
220920
220953
221008
221069
221070
221071
221072
221096
221097
221153
221154
221170
221171
221193
221194
221253
221315
221316
221317
221318
221343
221443
221444
221506
221563
221564
221565
221638
221639
221719
221742
221743
221744
221745
221839
221864
221934
221935
221936
221970
221971
221972
221973
221974
221975
221985
221986
221993
221994
222025
222026
222027
222126
222132
222133
222134
222201
222240
222241
222242
222243
222328
222329
222379
222473
222474
222502
222570
222599
222600
222601
222609
222610
222611
222680
222681
222682
222683
222684
222694
222788
222882
222948
222953
223008
223035
223036
223130
223131
223132
223133
223134
223185
223186
223187
223190
223191
223192
223193
223208
223209
223218
223231
223260
223261
223356
223357
223358
223359
223398
223448
223449
223534
223535
223553
223554
223555
223572
223573
223647
223648
223689
223711
223725
223754
223755
223756
223765
223789
223790
223791
223792
223793
223794
223820
223847
223881
223882
223883
223890
223891
223894
223981
223998
223999
224000
224085
224086
224139
224195
224196
224197
224198
224199
224211
224212
224213
224214
224215
224216
224301
224302
224303
224304
224339
224340
224341
224342
224421
224422
224437
224438
224505
224506
224507
224596
224689
224690
224724
224725
224734
224806
224807
224808
224838
224839
224840
224926
224927
224928
224941
224942
224943
224944
224945
224946
224947
224953
224954
224955
224956
224997
224998
224999
225000
225001
225002
225087
225088
225154
225155
225190
225191
225192
225227
225316
225412
225413
225446
225447
225456
225469
225470
225566
225567
225606
225607
225608
225609
225698
225699
225796
225797
225798
225799
225800
225895
225896
225897
225898
225930
225931
226030
226031
226032
226094
226095
226181
226182
226183
226254
226255
226256
226318
226319
226359
226360
226361
226362
226404
226405
226406
226407
226464
226481
226574
226575
226581
226582
226583
226584
226585
226586
226587
226685
226686
226698
226699
226700
226741
226742
226743
226744
226770
226821
226822
226823
226826
226827
226927
226937
226938
226939
226965
227016
227017
227042
227108
227109
227110
227121
227165
227187
227188
227189
227190
227290
227291
227324
227325
227360
227361
227373
227374
227375
227425
227449
227450
227539
227540
227541
227600
227652
227681
227682
227683
227764
227765
227766
227767
227768
227769
227778
227784
227785
227819
227820
227870
227914
227919
227920
227985
227986
227987
228002
228043
228046
228047
228048
228049
228072
228142
228143
228144
228145
228245
228341
228403
228416
228417
228473
228474
228475
228497
228498
228499
228500
228501
228502
228503
228532
228557
228584
228585
228586
228659
228660
228745
228746
228747
228748
228749
228750
228751
228848
228849
228903
228904
228981
228982
228983
229036
229122
229148
229149
229150
229151
229152
229248
229258
229259
229294
229295
229371
229397
229398
229399
229400
229401
229402
229403
229415
229477
229548
229549
229550
229551
229552
229553
229554
229584
229664
229665
229700
229701
229702
229703
229743
229767
229768
229769
229832
229833
229907
229908
229945
230013
230079
230126
230127
230203
230204
230264
230265
230266
230267
230268
230269
230270
230271
230331
230332
230355
230431
230432
230478
230479
230480
230487
230488
230489
230573
230574
230575
230576
230577
230578
230658
230659
230660
230690
230691
230740
230741
230742
230803
230851
230876
230877
230878
230935
231033
231034
231067
231103
231104
231186
231187
231188
231210
231211
231260
231310
231311
231333
231334
231403
231443
231499
231500
231501
231592
231593
231668
231720
231721
231722
231723
231724
231725
231727
231728
231778
231779
231867
231868
231869
231870
231871
231872
231873
231874
231923
231924
231925
231939
231940
231941
231942
232021
232022
232023
232090
232110
232139
232140
232145
232146
232227
232270
232335
232336
232337
232338
232339
232340
232439
232440
232465
232466
232469
232510
232539
232540
232541
232542
232543
232607
232608
232679
232698
232781
232782
232866
232907
232986
232987
232988
232989
233054
233055
233130
233131
233132
233159
233160
233161
233207
233245
233246
233247
233265
233349
233353
233419
233420
233421
233422
233423
233498
233578
233600
233637
233698
233738
233808
233809
233810
233847
233907
233973
233974
233995
234070
234159
234160
234216
234217
234305
234384
234385
234386
234387
234398
234399
234431
234530
234531
234595
234596
234677
234678
234680
234771
234772
234786
234787
234798
234799
234800
234863
234864
234917
234918
234919
234920
234977
234978
235025
235058
235059
235073
235074
235075
235129
235169
235249
235311
235312
235313
235371
235420
235421
235470
235471
235539
235541
235542
235544
235545
235607
235608
235609
235610
235659
235702
235736
235754
235755
235831
235832
235833
235834
235877
235878
235923
235924
235970
235971
236070
236134
236224
236321
236322
236373
236374
236411
236412
236413
236470
236517
236518
236519
236544
236556
236606
236607
236688
236689
236774
236798
236799
236871
236893
236894
236930
236986
237063
237089
237090
237091
237170
237171
237261
237262
237325
237422
237423
237424
237425
237523
237587
237588
237589
237590
237591
237592
237593
237636
237637
237638
237654
237659
237660
237661
237662
237663
237664
237665
237757
237758
237850
237887
237888
237889
237890
237911
237912
237913
237921
237947
237948
238010
238083
238084
238184
238228
238229
238230
238280
238281
238282
238305
238306
238307
238308
238309
238310
238311
238326
238327
238408
238477
238478
238479
238480
238529
238530
238590
238591
238639
238695
238696
238757
238809
238876
238919
238920
238921
238926
238947
238948
238949
238950
238951
239020
239021
239086
239087
239092
239110
239173
239174
239198
239199
239229
239245
239246
239286
239287
239342
239343
239380
239381
239382
239383
239396
239418
239493
239494
239586
239587
239588
239589
239590
239631
239668
239746
239764
239849
239850
239851
239852
239853
239872
239880
239881
239882
239932
239933
239934
239935
239968
240004
240005
240047
240070
240071
240072
240073
240074
240075
240101
240102
240103
240113
240191
240204
240244
240245
240320
240353
240354
240355
240356
240427
240486
240487
240488
240489
240519
240520
240569
240650
240651
240694
240695
240696
240756
240757
240844
240919
241010
241059
241060
241131
241132
241133
241209
241277
241320
241321
241370
241470
241517
241518
241577
241581
241626
241659
241660
241697
241698
241699
241716
241717
241718
241719
241815
241816
241906
241933
241934
241935
241936
241955
241956
242033
242034
242122
242123
242124
242125
242126
242127
242151
242215
242216
242314
242333
242334
242375
242376
242377
242402
242403
242404
242405
242427
242428
242429
242523
242524
242525
242527
242571
242657
242734
242735
242810
242811
242812
242814
242815
242893
242894
242895
242896
242897
242938
243031
243032
243033
243034
243096
243164
243165
243246
243310
243397
243398
243399
243400
243401
243485
243545
243597
243598
243599
243600
243676
243722
243764
243765
243766
243807
243808
243809
243810
243811
243812
243897
243898
243899
243956
243977
243978
244058
244072
244073
244074
244099
244179
244206
244207
244211
244212
244213
244214
244303
244304
244305
244306
244378
244379
244380
244381
244382
244383
244384
244464
244465
244466
244531
244532
244533
244534
244631
244668
244682
244731
244751
244752
244753
244837
244873
244874
244875
244943
244944
244945
244946
245014
245030
245031
245032
245033
245085
245086
245087
245088
245089
245090
245181
245203
245204
245205
245206
245208
245209
245210
245211
245212
245276
245277
245278
245279
245311
245312
245313
245347
245348
245349
245350
245351
245370
245383
245410
245411
245412
245413
245414
245492
245493
245494
245584
245585
245586
245587
245588
245611
245704
245732
245733
245784
245821
245894
245919
245920
245921
245995
246081
246082
246083
246084
246085
246109
246184
246185
246186
246187
246188
246209
246210
246211
246212
246213
246214
246290
246291
246292
246293
246304
246334
246335
246336
246402
246451
246452
246477
246571
246572
246573
246574
246575
246617
246618
246619
246620
246686
246687
246688
246712
246713
246714
246715
246716
246737
246738
246739
246740
246741
246742
246743
246842
246843
246866
246867
246868
246948
246994
247007
247038
247049
247050
247051
247052
247121
247122
247123
247124
247130
247131
247163
247184
247185
247186
247187
247244
247269
247270
247271
247272
247311
247312
247313
247314
247315
247316
247317
247318
247319
247398
247399
247400
247401
247402
247403
247419
247420
247421
247422
247474
247534
247611
247612
247613
247614
247615
247616
247617
247618
247619
247620
247629
247630
247692
247769
247821
247850
247873
247952
247953
247983
247984
248073
248084
248085
248146
248147
248148
248149
248150
248151
248152
248153
248203
248204
248230
248231
248316
248317
248318
248398
248429
248430
248431
248477
248478
248535
248536
248553
248554
248614
248693
248739
248740
248779
248816
248817
248838
248933
248934
248935
248936
249018
249019
249046
249121
249122
249158
249257
249258
249322
249394
249396
249397
249451
249494
249495
249496
249565
249566
249632
249633
249634
249635
249654
249680
249691
249695
249793
249817
249854
249855
249874
249875
249965
249966
249967
249968
249969
249976
250003
250004
250005
250006
250007
250091
250092
250138
250139
250193
250194
250195
250196
250197
250261
250298
250321
250322
250323
250385
250386
250387
250410
250421
250505
250530
250556
250557
250565
250582
250583
250584
250585
250586
250646
250647
250648
250656
250749
250750
250751
250753
250754
250755
250766
250858
250886
250926
251000
251001
251043
251044
251131
251186
251187
251188
251189
251198
251200
251201
251202
251286
251287
251331
251339
251340
251341
251342
251343
251397
251406
251407
251502
251503
251504
251584
251585
251660
251726
251727
251827
251828
251829
251830
251831
251832
251833
251834
251835
251889
251890
251905
251906
251907
251908
251995
251996
251997
251998
251999
252079
252080
252081
252082
252161
252162
252174
252175
252176
252177
252251
252252
252253
252254
252255
252256
252257
252258
252280
252281
252341
252342
252343
252344
252345
252370
252461
252485
252544
252545
252546
252547
252548
252549
252550
252598
252599
252600
252601
252637
252638
252695
252696
252697
252734
252795
252812
252813
252814
252863
252890
252928
252968
253053
253054
253138
253199
253262
253263
253264
253265
253297
253298
253366
253399
253400
253401
253462
253463
253477
253505
253584
253603
253645
253646
253647
253648
253649
253662
253663
253664
253665
253666
253667
253668
253767
253771
253772
253773
253774
253775
253776
253777
253869
253870
253892
253893
253894
253895
253896
253982
253983
254032
254033
254129
254130
254157
254158
254159
254160
254161
254162
254168
254268
254269
254275
254276
254277
254324
254416
254417
254418
254489
254490
254491
254512
254513
254518
254519
254520
254521
254522
254571
254647
254671
254672
254673
254674
254675
254724
254725
254737
254738
254739
254790
254822
254823
254824
254838
254839
254901
254902
254903
254904
254936
255024
255025
255026
255050
255096
255097
255191
255192
255193
255194
255195
255196
255197
255258
255345
255373
255374
255415
255416
255417
255418
255419
255420
255421
255422
255423
255424
255425
255426
255427
255428
255429
255430
255431
255432
255451
255540
255609
255677
255689
255690
255691
255692
255693
255694
255695
255706
255766
255767
255768
255769
255770
255771
255792
255891
255986
256009
256059
256060
256061
256109
256110
256157
256158
256159
256160
256161
256162
256173
256174
256176
256177
256178
256179
256182
256218
256229
256230
256316
256317
256383
256384
256449
256532
256569
256570
256571
256572
256620
256621
256633
256634
256635
256720
256729
256730
256731
256785
256786
256787
256788
256789
256790
256835
256855
256903
256904
256905
256906
256907
256908
256909
256910
256911
256912
256913
256914
256915
256916
256958
257007
257008
257010
257104
257105
257106
257107
257108
257109
257175
257176
257272
257273
257274
257275
257293
257294
257295
257384
257385
257386
257387
257424
257425
257450
257507
257508
257509
257510
257511
257512
257513
257555
257602
257603
257675
257676
257677
257678
257679
257680
257681
257754
257755
257762
257763
257764
257765
257828
257829
257833
257834
257917
257918
257963
258032
258033
258061
258152
258193
258194
258195
258196
258197
258282
258283
258284
258285
258286
258375
258376
258378
258379
258380
258414
258415
258416
258417
258418
258419
258420
258439
258440
258441
258442
258443
258444
258445
258472
258473
258544
258634
258713
258714
258715
258716
258717
258718
258719
258720
258721
258740
258839
258876
258956
258957
258965
259051
259052
259053
259076
259077
259078
259079
259169
259219
259220
259221
259222
259223
259224
259225
259226
259227
259228
259229
259230
259303
259304
259305
259306
259307
259308
259342
259343
259344
259345
259411
259412
259413
259414
259415
259502
259503
259504
259539
259612
259613
259622
259633
259634
259685
259686
259737
259738
259739
259740
259741
259742
259743
259744
259745
259746
259747
259748
259749
259808
259809
259810
259820
259821
259822
259823
259824
259825
259923
259924
260024
260047
260095
260128
260187
260195
260196
260197
260198
260199
260247
260248
260249
260250
260251
260269
260270
260271
260348
260349
260354
260359
260440
260450
260451
260452
260453
260462
260463
260464
260488
260489
260490
260491
260557
260567
260587
260588
260612
260613
260641
260642
260674
260675
260676
260677
260772
260773
260774
260862
260907
260908
260909
260969
261047
261048
261087
261088
261089
261090
261150
261163
261164
261165
261166
261167
261168
261169
261245
261332
261355
261356
261357
261422
261506
261507
261508
261560
261561
261562
261563
261564
261565
261657
261658
261737
261738
261739
261839
261840
261915
261916
261917
261918
261937
261967
261968
261969
261979
262004
262056
262057
262090
262154
262155
262156
262157
262231
262232
262305
262318
262319
262320
262350
262379
262380
262381
262391
262464
262540
262541
262591
262592
262593
262651
262652
262694
262695
262696
262697
262698
262773
262774
262775
262832
262833
262834
262835
262846
262847
262848
262871
262872
262873
262930
262931
262940
262941
263025
263030
263113
263114
263115
263116
263161
263162
263163
263180
263181
263182
263183
263270
263343
263394
263415
263467
263468
263469
263470
263471
263513
263551
263552
263575
263576
263585
263586
263611
263612
263613
263620
263621
263700
263701
263793
263867
263868
263869
263870
263871
263872
263873
263874
263929
263930
263931
263944
263964
263965
264044
264045
264118
264183
264205
264206
264207
264208
264209
264272
264273
264328
264329
264330
264331
264332
264333
264401
264402
264434
264435
264436
264485
264538
264628
264699
264700
264701
264796
264800
264834
264835
264875
264961
264962
264963
264964
264965
265018
265060
265061
265062
265063
265064
265163
265164
265165
265185
265186
265187
265188
265189
265229
265230
265231
265232
265317
265318
265319
265320
265321
265322
265413
265414
265447
265505
265506
265522
265523
265587
265588
265589
265618
265664
265665
265758
265759
265760
265779
265826
265827
265828
265830
265831
265832
265907
265985
266004
266005
266006
266007
266081
266146
266161
266256
266311
266312
266313
266412
266417
266418
266494
266495
266516
266550
266551
266552
266553
266588
266589
266590
266591
266670
266677
266678
266679
266746
266747
266748
266833
266834
266835
266836
266837
266854
266917
266918
266919
266920
266944
266945
267003
267049
267066
267067
267090
267091
267092
267093
267094
267150
267195
267196
267197
267198
267291
267321
267364
267418
267456
267457
267458
267459
267539
267540
267541
267602
267603
267604
267605
267606
267609
267610
267611
267612
267625
267626
267627
267666
267682
267683
267684
267781
267843
267844
267914
267923
267924
267945
267946
267947
267961
267979
267980
267981
267988
267989
268073
268165
268166
268167
268168
268210
268211
268212
268263
268264
268265
268360
268435
268449
268532
268533
268534
268535
268553
268581
268599
268671
268676
268677
268678
268764
268860
268861
268944
268959
268960
268961
268962
268963
269025
269026
269027
269028
269029
269092
269093
269094
269095
269137
269160
269161
269162
269178
269179
269191
269192
269238
269239
269240
269241
269242
269243
269244
269245
269246
269247
269277
269278
269371
269372
269373
269374
269375
269376
269377
269450
269451
269540
269570
269645
269646
269647
269728
269729
269730
269773
269813
269814
269835
269836
269837
269935
269973
269974
269975
270024
270059
270110
270111
270112
270126
270127
270203
270204
270205
270290
270316
270317
270410
270411
270412
270425
270426
270427
270428
270444
270512
270513
270514
270515
270516
270517
270518
270519
270520
270521
270522
270523
270532
270533
270607
270635
270636
270712
270786
270787
270788
270825
270892
270893
270894
270895
270896
270897
270898
270899
270908
270909
270910
270911
270971
271013
271088
271176
271235
271263
271264
271341
271342
271343
271344
271380
271381
271382
271383
271456
271471
271472
271473
271500
271501
271529
271530
271531
271622
271638
271639
271640
271641
271642
271643
271644
271715
271783
271882
271971
272009
272030
272075
272076
272077
272078
272102
272103
272104
272105
272153
272154
272234
272235
272249
272267
272268
272269
272270
272271
272272
272303
272304
272305
272306
272318
272319
272320
272340
272341
272342
272343
272407
272473
272510
272511
272512
272513
272570
272664
272665
272666
272667
272765
272859
272860
272906
272935
272936
272937
272981
272982
272983
273049
273064
273159
273251
273320
273321
273322
273366
273367
273460
273469
273470
273476
273477
273478
273479
273480
273481
273520
273521
273522
273523
273524
273525
273624
273625
273626
273627
273628
273629
273630
273631
273632
273633
273634
273663
273664
273665
273742
273743
273744
273763
273764
273765
273766
273767
273768
273792
273796
273797
273888
273945
273946
274044
274045
274079
274080
274142
274143
274144
274145
274166
274224
274225
274325
274360
274438
274476
274477
274478
274501
274514
274525
274602
274650
274651
274652
274701
274702
274703
274704
274705
274763
274764
274821
274822
274823
274824
274825
274889
274892
274974
275059
275060
275061
275062
275145
275146
275147
275154
275155
275156
275157
275158
275159
275160
275161
275219
275285
275316
275317
275363
275380
275467
275468
275491
275492
275493
275494
275495
275496
275497
275498
275499
275534
275535
275553
275554
275639
275640
275690
275732
275733
275820
275821
275822
275856
275861
275872
275919
275920
275921
275922
275923
275924
275998
275999
276090
276091
276166
276167
276168
276169
276170
276171
276172
276230
276320
276323
276389
276406
276415
276480
276481
276545
276546
276547
276598
276632
276726
276825
276870
276962
276963
276964
277002
277003
277095
277169
277194
277195
277196
277197
277198
277199
277260
277261
277324
277367
277368
277423
277424
277425
277429
277430
277431
277432
277433
277434
277435
277436
277437
277438
277477
277530
277574
277575
277576
277577
277578
277579
277628
277629
277661
277667
277749
277766
277821
277822
277823
277824
277825
277826
277875
277876
277928
277996
277997
277998
277999
278000
278077
278092
278147
278148
278149
278161
278181
278182
278208
278209
278210
278261
278262
278263
278284
278285
278357
278405
278472
278473
278516
278517
278518
278570
278571
278572
278609
278610
278611
278656
278754
278755
278756
278757
278826
278903
278906
278941
278942
279038
279133
279134
279135
279230
279324
279381
279382
279383
279384
279385
279459
279495
279496
279552
279553
279554
279555
279556
279557
279638
279639
279715
279719
279776
279790
279791
279815
279816
279817
279878
279954
279955
279956
279966
279967
280054
280055
280056
280100
280101
280102
280103
280129
280192
280193
280269
280308
280309
280310
280311
280312
280399
280400
280401
280402
280403
280404
280405
280406
280477
280478
280566
280621
280622
280636
280699
280700
280726
280742
280783
280784
280785
280885
280886
280965
281009
281010
281011
281012
281013
281110
281111
281112
281205
281206
281207
281297
281298
281299
281300
281388
281466
281467
281535
281536
281632
281721
281722
281782
281783
281784
281785
281786
281787
281788
281789
281790
281791
281805
281806
281807
281808
281903
281960
282001
282002
282003
282086
282087
282186
282187
282244
282245
282246
282247
282248
282264
282307
282399
282400
282401
282402
282403
282404
282405
282406
282407
282461
282462
282463
282464
282465
282466
282508
282591
282592
282593
282619
282669
282670
282671
282708
282709
282746
282830
282831
282832
282833
282834
282835
282836
282837
282838
282895
282896
282897
282973
283024
283025
283026
283122
283123
283124
283125
283126
283127
283128
283221
283296
283297
283298
283353
283354
283355
283356
283383
283448
283488
283489
283490
283491
283492
283522
283527
283528
283529
283530
283592
283613
283694
283695
283696
283697
283737
283770
283771
283783
283784
283785
283786
283797
283859
283860
283861
283862
283863
283864
283865
283866
283867
283868
283869
283870
283871
283872
283873
283874
283875
283972
283984
283985
283986
283987
283988
284045
284078
284161
284162
284169
284170
284258
284294
284381
284382
284465
284547
284548
284549
284550
284551
284603
284654
284655
284656
284741
284742
284788
284789
284794
284795
284796
284797
284798
284804
284805
284806
284870
284917
284918
284919
284920
284932
284933
284995
285053
285054
285076
285077
285144
285145
285146
285147
285201
285258
285330
285331
285416
285477
285478
285479
285497
285569
285634
285635
285636
285637
285671
285672
285673
285674
285704
285789
285790
285791
285842
285843
285844
285845
285846
285938
286028
286029
286030
286117
286118
286121
286122
286123
286124
286125
286126
286127
286128
286129
286130
286131
286132
286133
286134
286206
286207
286300
286312
286317
286318
286319
286320
286321
286322
286323
286324
286356
286357
286365
286366
286367
286368
286369
286438
286493
286494
286495
286496
286596
286597
286658
286659
286676
286677
286732
286781
286782
286796
286880
286881
286882
286895
286924
286925
286926
286927
286928
286987
287017
287061
287062
287106
287107
287108
287156
287157
287158
287159
287160
287161
287251
287252
287253
287342
287362
287389
287390
287449
287459
287502
287564
287565
287566
287644
287645
287646
287647
287711
287712
287713
287799
287800
287801
287802
287803
287804
287805
287905
287916
287930
287931
287963
287993
287994
287995
287996
287997
287998
287999
288004
288005
288006
288007
288019
288020
288021
288022
288023
288024
288110
288111
288208
288209
288210
288304
288342
288343
288380
288381
288394
288395
288396
288481
288482
288483
288484
288485
288493
288494
288495
288496
288595
288629
288689
288730
288731
288780
288865
288922
288923
288944
289034
289035
289036
289065
289066
289067
289068
289069
289141
289160
289161
289162
289247
289248
289273
289354
289355
289356
289382
289383
289384
289385
289482
289483
289484
289485
289486
289487
289512
289603
289604
289605
289606
289612
289613
289703
289787
289856
289895
289979
290075
290076
290077
290150
290159
290161
290162
290163
290164
290165
290182
290183
290261
290262
290263
290264
290265
290266
290267
290268
290314
290315
290344
290345
290350
290351
290381
290408
290409
290424
290470
290548
290597
290598
290599
290600
290601
290602
290612
290677
290737
290738
290739
290740
290741
290742
290743
290744
290818
290901
290979
290980
290981
290982
290992
290993
291045
291046
291071
291092
291093
291094
291095
291185
291186
291187
291188
291189
291190
291191
291192
291193
291235
291255
291256
291308
291309
291310
291390
291391
291402
291403
291404
291405
291479
291533
291534
291535
291536
291563
291564
291565
291573
291630
291631
291632
291633
291634
291635
291636
291711
291712
291713
291767
291829
291830
291831
291832
291921
291922
291923
291924
291925
291990
291991
291992
291997
292022
292062
292089
292090
292091
292092
292160
292161
292162
292163
292164
292165
292196
292197
292198
292199
292271
292303
292304
292305
292306
292400
292401
292402
292445
292467
292468
292519
292588
292592
292683
292778
292862
292863
292864
292943
292958
292993
292994
292995
293080
293081
293082
293105
293132
293133
293163
293244
293245
293277
293278
293356
293357
293455
293456
293484
293485
293486
293487
293488
293568
293569
293570
293587
293621
293651
293652
293653
293693
293703
293796
293865
293914
293933
293934
293935
293936
294034
294035
294036
294101
294102
294178
294179
294240
294329
294330
294331
294332
294333
294394
294395
294396
294450
294510
294511
294512
294513
294514
294515
294611
294616
294652
294653
294664
294665
294666
294667
294668
294732
294733
294828
294829
294830
294831
294832
294833
294834
294835
294836
294923
294924
294996
294997
295087
295088
295113
295114
295202
295290
295379
295380
295381
295442
295443
295477
295478
295479
295565
295566
295659
295706
295707
295708
295709
295710
295711
295712
295767
295768
295769
295770
295771
295775
295789
295790
295791
295792
295793
295794
295796
295873
295874
295963
295964
295965
295966
295967
295997
295998
295999
296000
296001
296002
296003
296043
296044
296045
296046
296047
296048
296049
296050
296125
296126
296127
296128
296129
296130
296179
296180
296181
296257
296258
296259
296358
296359
296360
296361
296394
296395
296457
296509
296510
296511
296512
296562
296563
296564
296565
296650
296651
296724
296725
296726
296727
296796
296803
296804
296805
296806
296876
296877
296960
296961
297005
297006
297007
297008
297100
297145
297181
297182
297236
297336
297337
297397
297405
297408
297409
297471
297509
297510
297511
297512
297513
297514
297515
297516
297517
297518
297519
297520
297521
297522
297523
297534
297535
297597
297598
297599
297600
297601
297602
297603
297604
297605
297606
297694
297695
297696
297697
297778
297779
297780
297790
297791
297792
297863
297864
297865
297866
297900
297918
297941
297942
297992
297993
298066
298067
298068
298084
298130
298131
298132
298133
298134
298217
298218
298311
298312
298313
298314
298315
298316
298317
298318
298407
298464
298521
298522
298603
298690
298691
298692
298693
298694
298734
298738
298739
298740
298741
298742
298743
298744
298745
298746
298788
298789
298790
298822
298823
298906
298907
299006
299007
299092
299093
299179
299202
299203
299282
299283
299339
299340
299341
299342
299361
299362
299424
299444
299445
299480
299481
299519
299520
299521
299584
299645
299646
299730
299731
299732
299735
299736
299814
299815
299816
299817
299895
299918
299919
299920
300017
300113
300164
300165
300166
300249
300250
300333
300338
300386
300447
300448
300449
300450
300451
300452
300453
300454
300499
300500
300523
300524
7838
