9393
1
95
96
97
98
99
100
128
129
193
194
195
196
197
198
267
297
298
299
323
359
360
383
453
547
559
560
561
562
563
648
649
650
651
722
749
750
751
825
896
897
898
924
925
926
927
974
975
1033
1034
1035
1036
1037
1105
1106
1150
1238
1315
1316
1317
1318
1370
1470
1471
1548
1588
1615
1616
1617
1618
1619
1620
1621
1622
1624
1625
1643
1644
1701
1782
1783
1784
1874
1875
1916
1917
1918
2016
2017
2018
2019
2047
2104
2105
2192
2199
2200
2225
2226
2227
2228
2229
2249
2250
2259
2300
2301
2302
2303
2349
2350
2372
2452
2453
2482
2483
2577
2612
2637
2725
2769
2770
2771
2831
2832
2833
2871
2872
2873
2948
2949
3045
3046
3047
3048
3049
3078
3079
3108
3109
3110
3154
3168
3169
3210
3229
3230
3231
3249
3346
3347
3348
3349
3350
3351
3352
3353
3354
3355
3356
3396
3483
3566
3567
3665
3721
3770
3793
3794
3795
3796
3797
3838
3839
3850
3852
3883
3884
3905
3906
3907
3908
3909
3918
4001
4026
4027
4052
4089
4189
4190
4259
4260
4261
4262
4263
4264
4265
4266
4330
4331
4332
4333
4334
4408
4477
4478
4479
4480
4565
4566
4567
4568
4569
4570
4571
4617
4697
4785
4834
4835
4845
4846
4889
4890
4892
4965
4966
4986
4987
4988
5028
5069
5075
5076
5077
5162
5183
5184
5185
5282
5283
5284
5285
5286
5287
5288
5314
5315
5316
5317
5318
5319
5320
5419
5420
5421
5422
5504
5541
5542
5637
5717
5791
5792
5848
5891
5892
5893
5894
5916
5921
5983
6010
6055
6058
6143
6144
6145
6174
6175
6176
6235
6236
6237
6291
6292
6326
6327
6328
6329
6397
6398
6428
6475
6476
6477
6478
6479
6513
6611
6704
6705
6706
6803
6804
6805
6835
6836
6851
6852
6857
6858
6859
6908
6911
6912
6913
6914
6915
6916
6945
6946
6947
6948
6949
7001
7002
7003
7004
7005
7033
7063
7064
7150
7151
7152
7153
7154
7193
7194
7195
7196
7285
7286
7287
7288
7289
7290
7291
7292
7293
7294
7321
7322
7365
7383
7384
7466
7557
7558
7559
7637
7638
7639
7640
7641
7656
7662
7675
7676
7723
7724
7725
7778
7779
7780
7781
7782
7783
7784
7865
7866
7867
7895
7982
8038
8129
8209
8279
8280
8281
8323
8324
8325
8326
8327
8328
8399
8400
8418
8479
8480
8481
8541
8560
8561
8562
8563
8637
8638
8639
8640
8719
8734
8735
8736
8796
8835
8836
8837
8838
8839
8921
8922
8993
8994
9034
9098
9099
9100
9101
9102
9103
9186
9187
9188
9189
9205
9206
9281
9282
9283
9315
9316
9317
9318
9349
9350
9351
9352
9369
9401
9402
9403
9442
9443
9465
9466
9479
9480
9481
9482
9483
9560
9561
9621
9666
9667
9695
9732
9751
9815
9816
9817
9823
9824
9825
9826
9841
9842
9936
9942
9943
9944
9945
9976
9977
9978
9979
9980
9981
10025
10026
10040
10041
10042
10118
10119
10130
10131
10132
10179
10180
10181
10182
10226
10227
10228
10229
10230
10249
10286
10342
10343
10374
10446
10480
10481
10482
10483
10535
10586
10590
10591
10687
10688
10689
10690
10717
10795
10796
10797
10858
10859
10930
10942
10943
10944
10945
10946
10947
10948
10949
10950
10951
10952
10953
10954
10955
10956
10957
11005
11036
11037
11097
11098
11099
11100
11101
11102
11103
11158
11159
11160
11161
11162
11163
11226
11310
11311
11312
11313
11314
11315
11316
11352
11353
11419
11420
11421
11422
11441
11445
11479
11539
11540
11638
11639
11640
11675
11676
11677
11678
11679
11732
11733
11734
11741
11758
11759
11799
11878
11932
11933
11972
11973
11974
12022
12023
12024
12025
12026
12027
12028
12029
12109
12110
12161
12162
12220
12221
12222
12223
12244
12245
12246
12247
12248
12345
12346
12369
12370
12468
12469
12470
12471
12487
12496
12497
12498
12596
12597
12598
12676
12764
12765
12766
12767
12831
12914
13000
13001
13002
13003
13004
13005
13082
13103
13104
13105
13106
13107
13108
13109
13110
13129
13130
13131
13132
13133
13134
13190
13191
13192
13263
13264
13273
13274
13275
13333
13334
13335
13336
13408
13458
13487
13488
13489
13490
13584
13585
13586
13587
13588
13620
13621
13622
13623
13690
13708
13709
13710
13809
13810
13811
13812
13879
13880
13909
14003
14004
14005
14078
14079
14080
14106
14107
14108
14136
14137
14138
14139
14140
14141
14142
14143
14229
14284
14347
14348
14349
14402
14465
14466
14467
14522
14523
14530
14595
14596
14688
14689
14690
14691
14720
14721
14722
14723
14814
14815
14816
14882
14952
15014
15015
15028
15035
15036
15101
15102
15103
15108
15109
15110
15111
15150
15187
15188
15233
15283
15349
15376
15377
15378
15379
15415
15437
15438
15439
15440
15472
15473
15509
15510
15511
15512
15546
15547
15548
15604
15605
15662
15696
15697
15698
15699
15777
15778
15779
15780
15871
15872
15873
15949
15992
15993
16013
16014
16015
16054
16131
16132
16166
16167
16224
16225
16226
16238
16251
16252
16253
16322
16323
16398
16417
16501
16502
16503
16504
16505
16568
16569
16570
16571
16572
16614
16641
16642
16643
16644
16645
16646
16677
16678
16777
16840
16841
16922
16923
16934
16935
16936
16937
16938
16939
16963
16964
17058
17059
17080
17171
17263
17264
17265
17266
17296
17297
17298
17299
17300
17301
17302
17303
17390
17423
17434
17435
17436
17437
17525
17526
17527
17528
17529
17569
17612
17613
17614
17664
17751
17752
17787
17788
17789
17790
17791
17792
17793
17836
17881
17882
17883
17947
18001
18071
18076
18077
18078
18079
18095
18096
18097
18167
18255
18293
18383
18389
18394
18452
18453
18470
18471
18472
18473
18517
18518
18547
18548
18549
18595
18596
18597
18598
18688
18689
18716
18717
18718
18719
18727
18728
18793
18794
18795
18796
18891
18915
18916
18917
18918
18931
18932
18942
18999
19069
19070
19071
19072
19073
19074
19134
19211
19283
19284
19285
19286
19287
19288
19289
19290
19369
19420
19421
19422
19423
19510
19511
19512
19513
19529
19530
19531
19532
19533
19632
19633
19634
19648
19649
19650
19655
19656
19657
19658
19659
19660
19661
19662
19663
19664
19665
19666
19692
19745
19746
19747
19748
19749
19833
19895
19896
19897
19937
19938
19939
19940
19941
20036
20094
20155
20248
20249
20250
20251
20252
20288
20289
20290
20332
20333
20334
20335
20336
20337
20421
20514
20611
20612
20613
20649
20723
20788
20789
20839
20870
20871
20937
20938
20964
20965
20966
20967
21052
21053
21073
21074
21103
21104
21105
21149
21150
21151
21239
21240
21241
21242
21243
21244
21245
21246
21247
21248
21301
21400
21401
21407
21408
21409
21508
21509
21510
21511
21578
21579
21580
21581
21582
21669
21729
21730
21784
21785
21786
21822
21830
21831
21832
21894
21929
21955
21956
21957
21958
21992
22053
22054
22140
22141
22239
22269
22270
22350
22351
22366
22367
22368
22455
22456
22457
22458
22488
22541
22608
22704
22705
22706
22707
22708
22735
22798
22799
22800
22801
22899
22975
22976
22977
22978
22979
22980
23046
23047
23048
23049
23050
23104
23108
23109
23110
23111
23112
23123
23124
23221
23306
23307
23308
23309
23361
23423
23424
23425
23426
23429
23430
23519
23520
23521
23522
23523
23524
23525
23526
23589
23590
23591
23592
23659
23660
23748
23749
23750
23751
23845
23846
23847
23848
23849
23850
23905
23906
23907
23908
23909
23910
23962
23963
24029
24111
24195
24196
24197
24198
24263
24310
24383
24384
24385
24409
24410
24447
24448
24449
24450
24451
24523
24524
24621
24622
24623
24691
24692
24760
24761
24762
24763
24764
24797
24798
24799
24800
24801
24802
24803
24804
24805
24806
24807
24808
24852
24892
24918
24919
24980
25001
25006
25007
25008
25009
25010
25011
25012
25040
25041
25042
25113
25114
25115
25116
25138
25222
25290
25291
25292
25293
25329
25393
25456
25552
25553
25622
25623
25697
25785
25859
25941
25942
25943
25944
25945
25946
25947
25957
26005
26072
26073
26155
26156
26157
26196
26197
26256
26257
26258
26259
26321
26322
26323
26324
26325
26326
26327
26370
26383
26391
26450
26451
26452
26511
26512
26513
26540
26614
26615
26664
26665
26666
26730
26763
26764
26798
26855
26856
26925
26926
26955
26956
26957
26958
26964
26966
27056
27147
27148
27149
27150
27151
27152
27210
27211
27212
27230
27300
27301
27340
27341
27342
27413
27414
27415
27416
27417
27451
27495
27546
27547
27548
27549
27550
27551
27552
27553
27554
27555
27556
27651
27652
27653
27654
27675
27676
27715
27716
27717
27718
27719
27720
27721
27816
27817
27862
27908
27909
27910
27911
27912
27948
28041
28042
28043
28044
28045
28046
28047
28060
28150
28199
28200
28201
28202
28291
28292
28293
28294
28295
28296
28297
28312
28313
28314
28315
28352
28370
28371
28471
28472
28523
28524
28617
28618
28683
28684
28685
28686
28756
28817
28818
28874
28875
28965
28966
28967
28985
29061
29073
29074
29075
29153
29230
29292
29293
29294
29295
29296
29396
29397
29458
29459
29460
29547
29548
29616
29617
29654
29655
29656
29657
29658
29726
29823
29824
29825
29921
29922
29954
29963
29964
29990
29991
29992
29993
30070
30071
30167
30203
30204
30285
30286
30287
30376
30473
30474
30489
30518
30571
30572
30573
30574
30575
30653
30654
30655
30656
30692
30739
30740
30741
30742
30771
30772
30773
30774
30775
30852
30919
30920
30921
30922
30959
30960
30961
30962
31001
31086
31087
31088
31089
31090
31172
31173
31236
31237
31238
31318
31372
31373
31374
31386
31387
31445
31446
31447
31448
31449
31545
31611
31612
31613
31681
31682
31684
31745
31828
31829
31830
31927
31928
31959
32029
32089
32090
32091
32105
32124
32154
32155
32156
32157
32158
32166
32180
32194
32195
32196
32253
32353
32354
32436
32437
32438
32439
32509
32510
32593
32620
32621
32622
32710
32768
32793
32858
32859
32860
32861
32862
32863
32909
32910
32911
32918
32919
32967
32968
32969
32970
33031
33032
33033
33107
33108
33109
33110
33157
33225
33230
33231
33322
33384
33385
33386
33388
33433
33485
33486
33487
33488
33489
33490
33491
33492
33493
33494
33537
33538
33539
33541
33606
33607
33608
33620
33621
33622
33663
33664
33701
33712
33713
33714
33715
33716
33717
33718
33769
33770
33771
33791
33792
33873
33874
33971
34016
34047
34048
34049
34050
34051
34052
34053
34106
34193
34194
34208
34209
34210
34211
34212
34271
34350
34351
34410
34490
34563
34564
34567
34576
34577
34578
34665
34666
34713
34714
34766
34767
34801
34850
34851
34852
34853
34862
34863
34951
34952
34953
35005
35006
35066
35067
35068
35130
35131
35132
35190
35191
35286
35287
35288
35367
35368
35369
35370
35399
35400
35401
35402
35403
35404
35444
35445
35446
35491
35492
35503
35504
35505
35506
35507
35508
35564
35565
35566
35617
35618
35619
35620
35670
35708
35709
35710
35735
35790
35849
35904
35905
35922
35983
35984
35991
36010
36011
36082
36160
36190
36191
36278
36334
36335
36336
36337
36338
36339
36340
36341
36437
36438
36439
36539
36540
36555
36556
36557
36558
36559
36560
36657
36676
36677
36678
36679
36690
36691
36692
36693
36729
36730
36813
36814
36830
36848
36947
36948
36949
36950
37015
37016
37017
37018
37019
37062
37108
37109
37110
37174
37175
37256
37342
37343
37344
37345
37346
37435
37506
37507
37508
37588
37589
37656
37657
37658
37701
37702
37791
37827
37828
37829
37928
37942
37943
37944
38007
38008
38011
38044
38045
38132
38133
38134
38224
38225
38226
38227
38228
38229
38302
38303
38304
38324
38325
38402
38456
38457
38473
38499
38577
38587
38588
38589
38590
38591
38614
38615
38616
38673
38674
38703
38704
38753
38754
38755
38828
38901
38902
38942
39036
39085
39156
39157
39213
39264
39265
39266
39267
39268
39269
39270
39339
39348
39447
39535
39536
39548
39575
39616
39617
39706
39707
39708
39785
39786
39787
39788
39789
39816
39916
39940
39999
40000
40001
40089
40090
40091
40092
40093
40166
40167
40168
40169
40250
40251
40252
40253
40254
40255
40256
40257
40345
40372
40373
40423
40492
40493
40494
40495
40496
40497
40512
40575
40576
40631
40632
40667
40728
40729
40776
40860
40864
40865
40866
40867
40868
40869
40938
40985
40986
40987
40988
40992
40993
40994
40995
40996
40997
40998
41061
41062
41063
41064
41065
41127
41128
41129
41196
41256
41350
41437
41495
41496
41497
41498
41499
41517
41614
41707
41708
41709
41770
41771
41778
41796
41797
41798
41799
41849
41850
41893
41899
41913
41914
41959
41960
42022
42024
42025
42026
42027
42082
42083
42084
42130
42157
42158
42171
42172
42230
42277
42338
42366
42420
42421
42422
42507
42508
42520
42521
42522
42577
42578
42642
42643
42644
42645
42672
42712
42713
42756
42757
42758
42786
42841
42842
42843
42844
42845
42940
42964
42965
42966
42967
42968
43018
43112
43113
43162
43223
43224
43225
43226
43227
43230
43231
43232
43270
43305
43306
43353
43354
43424
43425
43483
43484
43485
43571
43655
43656
43743
43747
43824
43825
43826
43827
43894
43895
43929
43930
43931
43932
44008
44047
44055
44056
44057
44058
44118
44119
44120
44178
44179
44240
44241
44242
44243
44244
44256
44257
44258
44336
44337
44409
44410
44411
44412
44413
44414
44415
44416
44480
44481
44482
44511
44512
44572
44573
44574
44635
44636
44637
44638
44639
44640
44641
44700
44701
44784
44785
44847
44890
44891
44947
44984
44985
44986
45045
45046
45047
45048
45083
45084
45085
45086
45087
45088
45185
45186
45281
45282
45283
45284
45338
45386
45441
45456
45457
45458
45459
45504
45505
45506
45507
45508
45509
45510
45511
45512
45578
45579
45627
45677
45678
45762
45766
45767
45823
45824
45846
45847
45848
45944
45945
45946
45947
45948
45949
46008
46009
46075
46076
46097
46098
46121
46122
46180
46181
46277
46278
46319
46320
46321
46322
46323
46347
46348
46349
46402
46403
46414
46485
46486
46559
46600
46601
46602
46603
46604
46605
46606
46607
46608
46628
46690
46737
46755
46839
46868
46869
46870
46871
46926
46956
46995
46996
46997
47053
47054
47142
47150
47166
47167
47168
47169
47170
47171
47172
47178
47201
47202
47272
47273
47297
47298
47299
47300
47301
47329
47403
47419
47428
47429
47430
47431
47451
47498
47538
47551
47580
47581
47679
47680
47681
47682
47683
47687
47719
47720
47721
47813
47814
47867
47868
47897
47898
47899
47900
47901
47902
47903
47904
47905
47906
47998
47999
48073
48074
48075
48111
48112
48113
48134
48209
48255
48256
48324
48325
48326
48327
48328
48329
48334
48431
48432
48433
48523
48524
48587
48638
48693
48694
48695
48696
48738
48739
48740
48741
48742
48743
48833
48834
48898
48966
48988
49054
49079
49138
49139
49140
49141
49142
49143
49144
49145
49146
49237
49335
49395
49396
49413
49414
49415
49511
49597
49671
49751
49752
49753
49754
49755
49813
49814
49860
49954
49955
49991
49992
50042
50091
50165
50166
50167
50168
50169
50170
50171
50172
50203
50204
50213
50265
50266
50344
50345
50427
50428
50429
50430
50470
50471
50472
50473
50474
50475
50476
50477
50539
50545
50546
50547
50548
50618
50619
50620
50621
50622
50722
50819
50858
50859
50939
50989
50990
50991
50992
50993
50994
51042
51120
51139
51238
51239
51240
51257
51307
51308
51309
51310
51380
51477
51555
51556
51583
51614
51615
51616
51617
51618
51619
51620
51697
51784
51785
51809
51810
51811
51812
51813
51876
51877
51878
51879
51900
51901
51902
51903
51904
51905
51906
51907
51908
51992
52040
52119
52207
52270
52322
52323
52371
52438
52439
52440
52499
52500
52501
52600
52601
52700
52713
52714
52762
52763
52813
52877
52878
52956
52972
53027
53040
53041
53132
53133
53175
53247
53248
53249
53250
53251
53252
53270
53322
53323
53376
53400
53401
53402
53495
53496
53543
53570
53587
53677
53678
53728
53730
53731
53732
53733
53734
53747
53748
53760
53761
53781
53782
53874
53875
53876
53877
53878
53879
53880
53943
53978
54068
54069
54166
54167
54168
54169
54170
54171
54172
54190
54258
54281
54282
54283
54284
54285
54357
54358
54455
54536
54537
54573
54574
54575
54576
54577
54578
54579
54580
54581
54664
54665
54666
54667
54719
54772
54773
54774
54775
54840
54841
54872
54873
54874
54962
54963
54964
54965
54966
54967
54988
54989
54990
55083
55084
55114
55190
55191
55192
55193
55194
55195
55270
55271
55272
55273
55274
55275
55308
55309
55310
55311
55410
55411
55482
55483
55516
55517
55518
55519
55520
55537
55576
55577
55578
55584
55588
55621
55622
55623
55624
55645
55738
55739
55804
55805
55806
55855
55863
55864
55893
55894
55895
55896
55897
55898
55989
55990
56037
56038
56039
56040
56041
56042
56043
56140
56141
56142
56182
56226
56294
56356
56427
56428
56429
56430
56431
56452
56453
56455
56456
56495
56496
56497
56498
56499
56528
56529
56530
56566
56567
56568
56569
56570
56571
56572
56573
56574
56607
56608
56616
56700
56701
56738
56739
56766
56767
56768
56769
56861
56862
56863
56864
56865
56866
56867
56881
56882
56938
56954
57004
57084
57141
57143
57194
57195
57196
57197
57198
57225
57228
57232
57233
57234
57235
57236
57335
57363
57382
57383
57384
57432
57456
57524
57525
57595
57596
57597
57598
57604
57605
57606
57686
57687
57688
57689
57754
57755
57822
57844
57845
57941
57999
58027
58048
58080
58081
58082
58083
58084
58085
58086
58157
58158
58159
58160
58161
58228
58229
58311
58383
58483
58484
58536
58537
58569
58645
58646
58647
58718
58724
58771
58863
58864
58957
58958
58959
59030
59031
59032
59033
59131
59132
59133
59134
59135
59136
59208
59209
59210
59231
59232
59233
59234
59236
59237
59330
59331
59332
59333
59334
59382
59477
59478
59482
59483
59484
59485
59486
59487
59488
59489
59502
59503
59536
59581
59651
59652
59653
59654
59655
59677
59678
59709
59710
59711
59712
59744
59745
59817
59818
59819
59823
59824
59840
59913
59914
59915
59930
59931
59990
59991
60016
60098
60099
60100
60162
60237
60238
60239
60240
60316
60317
60318
60319
60401
60402
60456
60457
60458
60459
60498
60499
60524
60525
60526
60527
60528
60529
60530
60531
60532
60533
60616
60617
60618
60637
60660
60661
60717
60718
60719
60809
60810
60811
60812
60877
60971
60979
60980
60981
60982
60994
60995
60996
61007
61008
61021
61039
61040
61076
61077
61150
61151
61152
61233
61234
61332
61344
61360
61361
61362
61456
61457
61458
61459
61497
61498
61499
61583
61584
61585
61586
61587
61588
61589
61620
61621
61632
61633
61634
61671
61672
61676
61677
61733
61734
61735
61736
61801
61802
61803
61804
61805
61885
61947
62037
62048
62095
62178
62179
62180
62181
62207
62277
62335
62336
62337
62345
62346
62378
62438
62528
62529
62581
62589
62652
62653
62682
62768
62823
62869
62891
62961
62962
62963
62964
63027
63028
63029
63030
63071
63072
63073
63097
63114
63115
63211
63212
63213
63289
63303
63304
63382
63443
63444
63445
63446
63447
63448
63449
63450
63451
63452
63453
63533
63534
63535
63536
63548
63549
63552
63553
63583
63663
63727
63788
63789
63800
63879
63894
63948
63949
63950
63951
64011
64012
64013
64014
64015
64016
64017
64018
64019
64020
64049
64050
64051
64052
64053
64054
64055
64056
64089
64090
64091
64092
64093
64094
64095
64112
64133
64134
64135
64219
64220
64221
64222
64223
64224
64225
64274
64275
64367
64368
64378
64379
64422
64461
64462
64463
64506
64507
64508
64509
64543
64544
64545
64561
64562
64563
64564
64565
64566
64607
64622
64623
64624
64625
64626
64660
64661
64662
64663
64664
64760
64761
64844
64867
64920
64921
64922
64994
64995
65011
65012
65013
65058
65059
65060
65061
65145
65150
65225
65226
65227
65228
65229
65230
65231
65325
65351
65352
65419
65457
65492
65576
65637
65638
65689
65776
65777
65869
65964
65965
66044
66045
66046
66102
66103
66104
66105
66199
66200
66201
66202
66222
66223
66224
66225
66226
66227
66325
66326
66327
66328
66366
66367
66428
66429
66430
66451
66465
66466
66467
66468
66545
66546
66547
66601
66647
66648
66740
66804
66805
66815
66835
66836
66860
66959
66976
67035
67036
67078
67079
67080
67107
67108
67109
67110
67111
67112
67113
67114
67211
67265
67336
67337
67338
67372
67373
67374
67375
67472
67473
67552
67610
67647
67648
67649
67653
67701
67702
67703
67704
67705
67706
67806
67807
67808
67809
67855
67874
67875
67876
67877
67878
67879
67880
67884
67885
67977
67978
67979
67980
67981
68079
68133
68134
68177
68178
68268
68269
68270
68289
68290
68291
68292
68293
68310
68311
68312
68395
68396
68397
68398
68422
68423
68424
68425
68426
68466
68477
68478
68494
68495
68496
68579
68674
68771
68772
68785
68843
68844
68845
68846
68867
68902
68903
68925
68926
68939
68940
68941
68942
68943
68944
68945
68946
68947
68985
68986
69072
69073
69074
69075
69076
69077
69078
69079
69080
69081
69089
69090
69159
69160
69161
69162
69222
69233
69294
69295
69296
69384
69385
69386
69405
69406
69407
69420
69421
69422
69423
69515
69544
69549
69550
69628
69629
69630
69631
69721
69722
69796
69797
69810
69811
69832
69833
69834
69900
69940
69947
69956
70046
70047
70086
70087
70088
70089
70090
70091
70092
70123
70124
70125
70126
70182
70210
70211
70287
70288
70325
70326
70327
70328
70329
70330
70407
70408
70475
70476
70517
70614
70636
70637
70702
70764
70765
70807
70808
70825
70826
70827
70842
70843
70844
70910
70941
70942
70943
70944
71034
71035
71073
71163
71172
71196
71197
71198
71199
71228
71312
71396
71397
71398
71438
71439
71440
71441
71507
71508
71591
71638
71639
71680
71743
71744
71745
71746
71747
71748
71752
71753
71754
71770
71771
71772
71773
71855
71856
71951
72033
72079
72080
72177
72178
72268
72337
72338
72395
72483
72549
72596
72597
72598
72599
72600
72639
72693
72703
72787
72849
72850
72861
72862
72863
72864
72865
72866
72867
72868
72965
72966
73028
73087
73088
73089
73090
73091
73092
73093
73094
73118
73137
73213
73214
73215
73216
73217
73287
73288
73354
73355
73422
73423
73424
73425
73426
73427
73428
73429
73430
73496
73497
73498
73530
73553
73554
73555
73556
73557
73652
73653
73669
73687
73688
73689
73737
73743
73744
73792
73884
73885
73886
73948
73949
73950
73951
73952
73953
73954
74050
74051
74052
74053
74143
74161
74248
74277
74278
74279
74280
74367
74368
74369
74370
74435
74436
74437
74438
74514
74515
74538
74540
74541
74542
74543
74611
74612
74613
74614
74615
74616
74688
74781
74782
74812
74893
74894
74895
74973
74974
74975
75039
75040
75041
75077
75078
75079
75080
75081
75108
75198
75286
75287
75288
75330
75331
75402
75403
75404
75479
75526
75556
75573
75603
75604
75605
75635
75636
75637
75638
75731
75732
75764
75765
75850
75931
75932
75933
75934
75935
75985
75986
75989
76049
76050
76051
76052
76126
76127
76128
76215
76216
76247
76321
76413
76414
76415
76475
76476
76559
76576
76577
76578
76579
76580
76665
76751
76752
76764
76765
76778
76867
76907
77001
77046
77047
77107
77108
77109
77128
77161
77171
77213
77256
77313
77335
77373
77374
77375
77376
77429
77430
77431
77432
77433
77504
77505
77506
77593
77594
77595
77596
77597
77598
77684
77685
77686
77687
77688
77689
77690
77691
77724
77725
77726
77727
77728
77729
77800
77801
77840
77939
77955
77956
78048
78049
78050
78051
78052
78053
78054
78060
78061
78062
78072
78073
78074
78075
78121
78122
78123
78151
78152
78189
78190
78191
78216
78217
78218
78247
78345
78413
78425
78426
78427
78437
78438
78439
78522
78527
78528
78529
78530
78615
78616
78617
78618
78711
78712
78713
78714
78736
78788
78789
78790
78791
78792
78886
78915
78916
78917
78918
78934
78935
78936
79001
79002
79003
79004
79005
79054
79070
79071
79093
79162
79163
79164
79165
79166
79167
79208
79209
79210
79294
79295
79296
79297
79298
79359
79360
79367
79368
79369
79370
79371
79372
79373
79374
79439
79440
79441
79442
79443
79444
79445
79532
79533
79534
79535
79536
79537
79617
79618
79619
79620
79621
79622
79717
79749
79794
79795
79865
79866
79867
79924
80013
80014
80064
80097
80098
80099
80100
80101
80162
80213
80252
80253
80287
80288
80289
80329
80330
80391
80489
80554
80564
80565
80624
80626
80686
80687
80688
80689
80690
80691
80692
80712
80781
80831
80892
80893
80894
80895
80991
80992
81004
81005
81006
81070
81071
81089
81090
81091
81165
81263
81289
81363
81364
81365
81366
81367
81368
81369
81370
81371
81393
81394
81395
81396
81397
81398
81399
81400
81467
81488
81527
81528
81529
81530
81531
81532
81607
81655
81656
81657
81658
81659
81660
81661
81712
81713
81714
81715
81731
81732
81733
81826
81895
81919
82008
82058
82158
82194
82207
82208
82300
82388
82389
82390
82391
82402
82403
82404
82405
82406
82407
82408
82502
82582
82643
82721
82750
82751
82752
82793
82794
82795
82796
82797
82832
82833
82834
82835
82836
82896
82897
82898
82899
82918
82919
82992
82993
82994
82995
82998
82999
83000
83001
83002
83003
83004
83098
83099
83100
83158
83159
83241
83308
83309
83310
83337
83410
83411
83412
83413
83509
83510
83561
83562
83563
83564
83652
83672
83673
83674
83768
83769
83770
83840
83912
83977
83978
83979
83980
83981
83982
84024
84025
84026
84027
84028
84029
84030
84031
84032
84104
84105
84106
84172
84173
84174
84260
84261
84262
84335
84336
84382
84383
84384
84385
84482
84483
84484
84485
84563
84564
84626
84627
84712
84744
84745
84746
84747
84748
84749
84787
84798
84895
84896
84926
84927
84962
85000
85065
85066
85067
85120
85153
85199
85200
85201
85202
85203
85224
85254
85323
85324
85325
85344
85345
85346
85347
85348
85349
85417
85494
85593
85594
85654
85731
85747
85748
85749
85750
85751
85755
85756
85828
85868
85869
85870
85903
85904
85905
85946
85960
86041
86045
86046
86047
86048
86049
86050
86051
86052
86135
86136
86137
86138
86190
86272
86273
86274
86287
86288
86289
86334
86335
86336
86395
86421
86432
86433
86434
86435
86436
86437
86438
86439
86513
86514
86515
86516
86517
86591
86592
86684
86685
86686
86687
86770
86771
86772
86773
86774
86775
86776
86834
86835
86836
86837
86838
86914
86915
86916
86996
86997
86998
87084
87179
87180
87266
87267
87357
87391
87392
87419
87420
87421
87422
87423
87424
87425
87426
87427
87428
87523
87524
87550
87650
87651
87652
87689
87690
87691
87692
87717
87787
87826
87827
87828
87927
87973
87974
87975
87976
87977
87978
87979
87980
88015
88034
88035
88093
88181
88182
88183
88282
88306
88368
88461
88462
88463
88464
88537
88538
88586
88587
88588
88589
88652
88677
88678
88679
88680
88681
88682
88764
88765
88766
88767
88768
88819
88820
88916
88917
88918
88919
88935
88936
88999
89018
89019
89020
89021
89023
89122
89123
89222
89223
89224
89225
89226
89234
89235
89236
89329
89424
89425
89429
89430
89431
89432
89531
89532
89608
89609
89638
89639
89649
89650
89708
89709
89710
89711
89712
89713
89781
89782
89817
89818
89819
89820
89821
89822
89823
89824
89825
89880
89915
89996
89997
90088
90110
90111
90112
90195
90196
90197
90198
90239
90240
90241
90242
90243
90244
90245
90246
90289
90290
90291
90319
90320
90321
90322
90323
90377
90405
90406
90478
90479
90480
90556
90557
90558
90599
90647
90648
90671
90672
90690
90691
90764
90820
90861
90862
90863
90864
90865
90938
90962
90970
90971
90972
91034
91035
91036
91037
91038
91123
91124
91178
91179
91180
91194
91195
91196
91197
91198
91203
91204
91205
91258
91291
91359
91449
91481
91482
91543
91544
91545
91546
91590
91635
91636
91694
91695
91696
91697
91789
91790
91791
91792
91793
91794
91795
91796
91797
91848
91849
91850
91851
91852
91853
91854
91876
91877
91942
91943
92042
92063
92064
92073
92074
92075
92076
92108
92109
92139
92140
92187
92188
92189
92190
92261
92262
92293
92294
92295
92296
92386
92399
92431
92432
92472
92569
92570
92571
92572
92573
92574
92588
92589
92682
92683
92684
92700
92706
92707
92709
92710
92711
92712
92759
92760
92761
92762
92763
92764
92809
92810
92811
92812
92890
92891
92892
92893
92894
92966
92967
93054
93078
93079
93080
93081
93082
93150
93151
93164
93165
93166
93236
93237
93280
93281
93282
93341
93419
93420
93516
93571
93618
93708
93709
93710
93729
93815
93825
93826
93831
93901
93902
93967
93968
93969
94011
94061
94062
94063
94064
94065
94066
94102
94103
94104
94138
94226
94227
94279
94280
94332
94346
94347
94423
94424
94425
94482
94483
94484
94489
94492
94493
94494
94571
94572
94671
94752
94753
94754
94755
94756
94757
94758
94759
94760
94774
94775
94776
94808
94868
94951
95014
95015
95020
95021
95022
95023
95117
95118
95144
95210
95268
95275
95276
95339
95395
95396
95435
95512
95513
95514
95515
95536
95603
95604
95605
95652
95653
95654
95676
95755
95756
95796
95797
95895
95923
95924
95925
95926
96000
96001
96002
96003
96059
96060
96111
96112
96209
96210
96221
96227
96228
96229
96309
96310
96311
96312
96313
96342
96343
96366
96367
96368
96390
96391
96468
96469
96470
96471
96472
96473
96474
96476
96477
96484
96485
96486
96487
96503
96537
96538
96553
96554
96591
96691
96692
96693
96694
96715
96716
96717
96718
96763
96764
96810
96818
96911
96912
96913
96914
97002
97003
97007
97008
97009
97010
97011
97085
97086
97109
97137
97184
97185
97228
97253
97254
97338
97339
97370
97371
97464
97558
97575
97576
97577
97578
97579
97596
97620
97621
97622
97673
97755
97769
97770
97771
97822
97823
97824
97879
97880
97979
97980
97983
98043
98138
98139
98150
98245
98282
98283
98291
98292
98293
98294
98307
98308
98345
98371
98372
98373
98374
98375
98376
98471
98472
98473
98474
98475
98543
98544
98545
98587
98598
98599
98600
98601
98699
98729
98750
98841
98842
98875
98876
98937
99033
99034
99035
99036
99037
99043
99044
99045
99046
99083
99084
99085
99086
99161
99162
99163
99164
99173
99174
99244
99344
99345
99346
99412
99413
99414
99503
99504
99505
99506
99507
99508
99509
99510
99511
99512
99529
99530
99531
99532
99533
99534
99587
99644
99645
99646
99738
99754
99793
99861
99862
99904
99905
99906
99907
99980
99981
100017
100018
100039
100040
100042
100043
100064
100141
100204
100277
100278
100279
100370
100371
100372
100461
100555
100556
100557
100619
100620
100678
100751
100756
100757
100817
100818
100906
100978
101006
101090
101091
101092
101093
101094
101095
101146
101147
101148
101149
101211
101212
101283
101284
101285
101286
101287
101317
101318
101358
101359
101422
101423
101424
101450
101451
101455
101460
101461
101504
101505
101506
101507
101508
101509
101563
101602
101603
101604
101605
101700
101701
101702
101703
101767
101768
101769
101770
101771
101772
101773
101807
101808
101809
101810
101811
101812
101813
101814
101815
101816
101817
101818
101819
101820
101898
101899
101900
101901
101902
101903
101993
101994
101995
101996
102021
102029
102030
102031
102035
102036
102037
102073
102074
102075
102147
102186
102267
102304
102395
102476
102477
102497
102498
102499
102500
102501
102597
102598
102599
102678
102679
102680
102681
102682
102746
102747
102748
102749
102750
102837
102838
102867
102966
102967
102985
102986
102992
102993
103047
103048
103054
103105
103106
103107
103108
103157
103220
103221
103222
103262
103315
103361
103417
103418
103419
103420
103511
103512
103568
103569
103570
103663
103664
103706
103707
103708
103734
103808
103841
103842
103843
103844
103845
103940
104000
104032
104033
104034
104035
104036
104037
104038
104126
104127
104208
104303
104368
104404
104431
104432
104448
104449
104457
104458
104459
104512
104557
104558
104559
104570
104571
104572
104606
104607
104608
104673
104696
104697
104707
104708
104709
104761
104850
104923
104924
105010
105011
105042
105043
105092
105093
105140
105186
105187
105188
105196
105197
105198
105199
105294
105295
105342
105343
105344
105345
105346
105347
105446
105447
105448
105465
105466
105467
105474
105475
105483
105484
105518
105519
105592
105593
105629
105630
105631
105632
105633
105634
105635
105659
105660
105661
105662
105688
105689
105690
105691
105730
105737
105752
105753
105801
105802
105875
105876
105877
105924
105979
105980
105981
105982
105983
106081
106119
106204
106205
106206
106207
106208
106249
106250
106251
106344
106345
106379
106380
106381
106450
106451
106482
106483
106484
106502
106538
106605
106606
106607
106707
106796
106797
106798
106799
106800
106801
106802
106803
106842
106858
106931
106932
106959
107001
107039
107047
107048
107049
107050
107051
107052
107053
107054
107071
107072
107073
107074
107075
107108
107190
107191
107192
107193
107194
107279
107280
107281
107364
107365
107366
107367
107368
107386
107387
107404
107405
107473
107563
107564
107633
107680
107681
107682
107683
107770
107798
107799
107863
107864
107865
107866
107893
107894
107895
107896
107981
107995
107996
107997
107998
107999
108000
108001
108002
108003
108004
108005
108070
108124
108125
108126
108127
108128
108129
108142
108143
108234
108235
108236
108237
108321
108336
108337
108338
108339
108340
108384
108385
108386
108387
108388
108440
108441
108521
108554
108559
108560
108561
108566
108603
108703
108704
108705
108762
108849
108859
108860
108861
108941
108942
108943
108944
108945
108985
109014
109015
109016
109017
109065
109066
109127
109128
109129
109195
109260
109261
109264
109265
109266
109267
109268
109269
109270
109342
109343
109344
109415
109416
109417
109418
109503
109504
109505
109512
109534
109566
109567
109568
109615
109616
109617
109618
109619
109629
109651
109652
109653
109654
109655
109656
109657
109658
109701
109702
109703
109704
109705
109706
109707
109720
109810
109811
109812
109813
109814
109815
109816
109836
109837
109838
109839
109849
109934
109935
109936
109937
109938
109939
109940
109941
109942
109958
110016
110017
110018
110019
110046
110047
110065
110151
110152
110153
110154
110169
110170
110171
110172
110177
110223
110224
110225
110231
110232
110233
110234
110235
110236
110237
110238
110298
110383
110460
110461
110471
110472
110473
110474
110475
110569
110644
110645
110646
110647
110648
110649
110650
110651
110652
110653
110751
110757
110758
110823
110824
110856
110954
110955
110956
110957
111008
111026
111027
111028
111029
111030
111047
111048
111049
111063
111064
111065
111066
111067
111068
111069
111127
111128
111129
111157
111217
111255
111256
111257
111258
111299
111300
111301
111302
111303
111304
111311
111319
111320
111321
111322
111323
111324
111325
111326
111358
111359
111360
111361
111367
111382
111383
111384
111385
111386
111387
111388
111413
111414
111475
111487
111518
111519
111596
111597
111598
111690
111718
111719
111800
111801
111848
111849
111932
111933
111945
111946
111947
111948
111949
111950
111951
111952
111957
111958
111959
111964
111965
111966
112041
112131
112148
112204
112205
112299
112300
112314
112315
112319
112320
112321
112322
112323
112415
112416
112417
112434
112435
112436
112437
112438
112439
112440
112441
112442
112443
112539
112540
112541
112629
112630
112631
112632
112633
112651
112701
112702
112703
112704
112756
112835
112836
112837
112838
112861
112907
112908
112909
112910
112911
112912
112913
112981
112982
112983
112990
112991
112992
112993
113018
113106
113183
113184
113185
113209
113294
113295
113296
113297
113298
113299
113300
113301
113302
113320
113321
113322
113323
113418
113419
113489
113512
113513
113514
113578
113627
113628
113652
113656
113697
113698
113699
113700
113720
113743
113744
113745
113746
113747
113792
113793
113794
113888
113900
113901
113976
113977
113991
114026
114039
114040
114045
114046
114047
114048
114093
114094
114095
114096
114097
114098
114138
114139
114140
114179
114180
114197
114289
114355
114419
114494
114495
114496
114497
114498
114499
114500
114586
114684
114685
114779
114851
114852
114853
114891
114892
114947
114956
114957
115031
115107
115108
115109
115180
115263
115350
115351
115352
115388
115455
115456
115457
115458
115532
115587
115643
115713
115719
115720
115721
115730
115770
115855
115901
115902
115903
115904
115905
115906
115907
115908
115960
116015
116109
116133
116196
116197
116198
116199
116200
116267
116288
116289
116290
116291
116386
116387
116472
116552
116553
116554
116555
116556
116557
116558
116618
116619
116702
116703
116704
116779
116787
116788
116848
116849
116944
116989
116990
116991
116992
116993
117058
117059
117060
117083
117084
117166
117239
117248
117249
117250
117251
117252
117253
117254
117307
117308
117363
117364
117365
117366
117424
117425
117426
117522
117523
117524
117529
117552
117553
117554
117555
117647
117648
117649
117650
117651
117652
117658
117659
117660
117661
117662
117671
117672
117690
117691
117722
117723
117724
117725
117726
117818
117909
117910
118007
118104
118105
118106
118107
118152
118153
118183
118233
118234
118235
118236
118282
118353
118354
118355
118357
118358
118359
118360
118361
118380
118381
118416
118417
118418
118419
118436
118437
118512
118547
118548
118549
118621
118622
118714
118715
118716
118717
118718
118719
118733
118734
118735
118736
118810
118811
118812
118896
118971
119063
119064
119065
119066
119067
119157
119158
119159
119160
119161
119225
119226
119227
119305
119329
119428
119444
119445
119446
119475
119476
119477
119504
119598
119660
119667
119671
119672
119673
119721
119761
119762
119779
119869
119870
119962
119963
119964
119965
119973
120052
120136
120137
120225
120300
120301
120331
120332
120413
120414
120486
120487
120488
120489
120490
120491
120579
120647
120700
120701
120702
120754
120755
120756
120757
120758
120759
120829
120830
120929
121005
121006
121007
121008
121010
121011
121012
121013
121074
121075
121076
121077
121078
121079
121145
121146
121152
121153
121154
121214
121253
121254
121345
121395
121446
121518
121519
121520
121604
121684
121767
121768
121769
121770
121771
121772
121773
121774
121867
121868
121920
121922
121923
121924
121925
121926
121927
121967
121968
121969
122000
122001
122035
122036
122052
122053
122054
122137
122178
122179
122213
122214
122215
122216
122217
122218
122247
122248
122314
122315
122320
122321
122322
122323
122324
122325
122373
122374
122375
122376
122377
122378
122379
122380
122381
122400
122431
122432
122433
122434
122487
122488
122489
122512
122513
122514
122570
122652
122653
122654
122655
122668
122669
122670
122671
122672
122673
122692
122693
122694
122695
122696
122764
122779
122780
122781
122782
122863
122887
122888
122893
122937
122938
122939
122951
122952
122967
122968
122969
122970
123050
123081
123082
123083
123084
123085
123086
123087
123088
123089
123155
123156
123157
123257
123258
123259
123260
123261
123360
123361
123362
123417
123418
123419
123420
123421
123422
123423
123424
123425
123450
123451
123469
123470
123471
123472
123473
123541
123542
123553
123560
123561
123562
123592
123593
123629
123691
123744
123745
123773
123774
123775
123798
123799
123800
123801
123855
123856
123857
123858
123859
123860
123861
123862
123887
123888
123895
123896
123897
123898
123986
124001
124002
124044
124083
124084
124085
124151
124152
124153
124154
124216
124217
124218
124297
124298
124301
124369
124385
124386
124464
124465
124557
124633
124634
124635
124664
124700
124701
124702
124720
124750
124846
124847
124848
124849
124850
124851
124865
124933
124993
124994
124995
124996
124997
125096
125097
125098
125099
125100
125147
125167
125240
125320
125408
125409
125443
125452
125453
125454
125455
125544
125545
125546
125606
125667
125668
125669
125670
125671
125699
125700
125701
125702
125703
125803
125804
125805
125806
125807
125808
125809
125900
125998
126022
126023
126024
126025
126026
126027
126028
126061
126150
126176
126273
126339
126340
126341
126362
126363
126381
126382
126383
126384
126385
126386
126387
126388
126409
126410
126411
126497
126498
126499
126583
126617
126652
126653
126654
126677
126678
126773
126774
126839
126840
126841
126939
126940
126941
126942
126952
126953
127034
127061
127141
127221
127291
127386
127387
127457
127458
127459
127535
127563
127564
127565
127566
127567
127568
127659
127660
127661
127709
127788
127789
127790
127873
127896
127962
128057
128058
128059
128060
128114
128185
128186
128255
128261
128346
128347
128412
128413
128414
128415
128416
128417
128426
128427
128428
128494
128495
128544
128545
128546
128584
128585
128586
128587
128645
128646
128711
128769
128854
128872
128885
128886
128900
128957
128958
128980
128981
128982
128983
129004
129005
129025
129026
129027
129028
129029
129116
129117
129118
129119
129131
129218
129219
129220
129221
129222
129223
129224
129225
129226
129284
129366
129367
129368
129440
129441
129442
129443
129541
129542
129626
129627
129628
129629
129681
129682
129683
129684
129705
129715
129808
129809
129811
129812
129813
129814
129815
129816
129870
129876
129938
129939
129984
129985
130008
130009
130075
130076
130077
130078
130079
130080
130081
130163
130164
130247
130248
130316
130415
130416
130432
130433
130434
130435
130436
130437
130438
130533
130534
130535
130548
130549
130550
130551
130552
130553
130554
130555
130636
130637
130638
130693
130772
130858
130859
130860
130877
130878
130879
130901
130902
130972
130973
131055
131101
131102
131103
131104
131105
131106
131107
131127
131128
131129
131130
131131
131163
131164
131165
131207
131259
131260
131261
131262
131263
131264
131265
131266
131267
131268
131269
131270
131303
131335
131378
131379
131380
131395
131396
131467
131468
131469
131505
131506
131507
131508
131574
131666
131667
131735
131736
131737
131756
131757
131758
131759
131809
131810
131836
131837
131838
131839
131840
131841
131870
131965
132022
132023
132045
132046
132065
132066
132067
132145
132146
132147
132178
132258
132259
132260
132261
132322
132406
132469
132470
132471
132472
132473
132474
132475
132476
132536
132549
132550
132586
132587
132588
132589
132591
132597
132598
132599
132600
132601
132602
132603
132604
132605
132606
132681
132682
132683
132768
132769
132770
132771
132772
132773
132783
132823
132824
132825
132922
132990
133026
133107
133158
133159
133241
133242
133298
133387
133481
133534
133535
133536
133537
133538
133601
133602
133603
133644
133645
133653
133654
133668
133669
133685
133686
133784
133856
133885
133957
133958
133959
133960
133977
133978
133979
133980
133981
133982
134034
134035
134053
134054
134078
134079
134080
134081
134113
134172
134249
134281
134282
134283
134294
134314
134315
134316
134317
134318
134319
134336
134337
134338
134339
134340
134422
134423
134479
134527
134551
134588
134589
134590
134591
134681
134682
134683
134748
134780
134866
134867
134868
134873
134878
134917
134918
134974
134975
134976
135064
135117
135118
135119
135120
135121
135149
135150
135151
135152
135252
135269
135270
135367
135368
135423
135444
135445
135446
135447
135448
135510
135550
135557
135607
135608
135617
135618
135619
135620
135720
135721
135722
135753
135754
135834
135835
135868
135883
135981
135991
136059
136060
136061
136062
136138
136139
136140
136141
136142
136143
136144
136217
136218
136219
136220
136298
136336
136337
136338
136375
136376
136377
136378
136466
136467
136468
136469
136470
136471
136472
136473
136545
136546
136591
136616
136706
136715
136716
136717
136802
136895
136897
136898
136899
136900
136901
136902
136903
136961
137017
137026
137027
137028
137029
137030
137031
137047
137048
137049
137050
137143
137144
137173
137174
137209
137210
137211
137292
137293
137294
137385
137386
137387
137388
137425
137426
137427
137428
137436
137437
137438
137439
137440
137443
137444
137445
137446
137523
137524
137525
137526
137527
137581
137630
137631
137678
137679
137682
137683
137684
137685
137779
137780
137806
137807
137808
137809
137810
137837
137838
137839
137896
137924
137925
137926
137927
137952
137964
137965
137982
137983
137984
137985
138044
138045
138062
138063
138072
138073
138074
138075
138076
138077
138078
138079
138100
138101
138102
138129
138133
138134
138135
138193
138194
138195
138277
138323
138324
138325
138366
138367
138368
138369
138382
138440
138533
138534
138535
138606
138607
138608
138609
138610
138611
138612
138613
138614
138653
138654
138655
138656
138657
138658
138659
138727
138810
138871
138872
138873
138874
138889
138890
138891
138892
138954
139011
139012
139013
139014
139015
139016
139017
139018
139019
139020
139021
139079
139080
139081
139082
139090
139091
139097
139130
139203
139204
139205
139252
139324
139372
139373
139374
139375
139464
139503
139542
139569
139570
139571
139609
139610
139611
139660
139661
139662
139680
139730
139792
139834
139888
139950
139951
139952
139953
139967
140058
140059
140060
140061
140062
140114
140115
140167
140168
140230
140298
140369
140370
140435
140436
140437
140438
140449
140459
140527
140528
140568
140569
140570
140571
140572
140623
140641
140644
140645
140700
140701
140702
140703
140704
140705
140706
140707
140728
140729
140730
140731
140732
140733
140734
140735
140736
140737
140818
140819
140820
140821
140822
140920
140921
140993
141004
141037
141038
141039
141040
141041
141135
141136
141137
141138
141139
141140
141155
141215
141216
141256
141257
141258
141259
141308
141309
141314
141315
141330
141420
141513
141595
141610
141611
141612
141613
141699
141771
141772
141792
141843
141844
141866
141875
141876
141889
141890
141891
141892
141893
141973
141974
141975
142015
142110
142111
142112
142113
142114
142115
142116
142117
142159
142160
142202
142203
142204
142256
142257
142258
142265
142266
142267
142268
142294
142295
142334
142335
142368
142412
142413
142414
142415
142423
142424
142425
142426
142427
142428
142429
142529
142530
142531
142532
142625
142626
142627
142628
142629
142630
142631
142632
142633
142678
142724
142725
142757
142758
142825
142826
142881
142882
142883
142884
142885
142886
142888
142889
142918
142919
142920
142921
142990
142991
143061
143062
143098
143099
143100
143101
143179
143198
143207
143208
143209
143210
143211
143236
143308
143315
143346
143347
143348
143349
143445
143446
143447
143448
143475
143476
143495
143496
143497
143498
143543
143544
143545
143546
143547
143548
143557
143558
143559
143611
143612
143613
143669
143670
143721
143722
143744
143745
143746
143785
143796
143876
143877
143943
143998
143999
144010
144110
144111
144163
144164
144217
144218
144219
144220
144221
144255
144262
144263
144360
144361
144362
144370
144455
144456
144457
144458
144459
144460
144539
144540
144541
144621
144686
144687
144688
144747
144776
144777
144778
144779
144869
144870
144871
144874
144946
144947
144948
144949
144950
144951
144952
144953
144954
145027
145028
145029
145030
145031
145060
145135
145136
145137
145209
145291
145293
145294
145295
145322
145417
145463
145464
145484
145514
145591
145594
145597
145692
145785
145786
145787
145853
145945
145946
145964
145981
145982
145994
145995
146030
146031
146032
146033
146034
146035
146120
146121
146122
146123
146149
146150
146222
146223
146312
146313
146379
146456
146457
146458
146459
146460
146461
146496
146563
146572
146573
146648
146649
146656
146673
146674
146750
146850
146851
146852
146853
146914
146915
146916
146917
146923
146927
146928
146929
146930
146931
146962
146963
147020
147033
147070
147071
147072
147129
147183
147184
147185
147186
147194
147195
147196
147197
147290
147359
147362
147363
147373
147374
147375
147376
147377
147414
147415
147481
147482
147556
147557
147582
147583
147613
147668
147711
147772
147773
147774
147775
147804
147805
147810
147811
147812
147813
147885
147886
147975
147976
148038
148120
148121
148211
148223
148224
148225
148240
148241
148243
148244
148326
148389
148390
148440
148458
148459
148488
148560
148561
148562
148563
148564
148664
148665
148666
148684
148748
148749
148813
148814
148815
148881
148962
149021
149022
149023
149024
149025
149026
149088
149089
149172
149173
149174
149175
149176
149193
149194
149195
149196
149211
149212
149213
149214
149307
149319
149320
149343
149439
149440
149460
149524
149589
149590
149595
149596
149597
149603
149604
149605
149606
149607
149621
149622
149649
149678
149679
149680
149681
149774
149775
149870
149941
150026
150027
150066
150067
150068
150069
150122
150128
150129
150198
150294
150295
150296
150311
150365
150446
150447
150494
150495
150496
150497
150549
150601
150602
150687
150688
150692
150737
150738
150739
150740
150798
150799
150800
150801
150802
150803
150804
150805
150806
150807
150808
150809
150810
150811
150812
150813
150814
150815
150816
150817
150818
150819
150820
150852
150853
150909
151009
151010
151011
151012
151058
151059
151094
151095
151096
151097
151098
151099
151110
151165
151264
151265
151266
151267
151268
151269
151276
151334
151360
151401
151402
151403
151448
151507
151508
151608
151632
151633
151634
151635
151636
151637
151638
151639
151640
151641
151642
151695
151696
151762
151763
151764
151765
151839
151840
151841
151842
151843
151844
151845
151895
151896
151897
151898
151960
152007
152008
152009
152010
152011
152012
152054
152055
152056
152154
152155
152156
152157
152158
152239
152284
152343
152344
152345
152418
152450
152451
152452
152453
152454
152455
152456
152465
152466
152468
152469
152474
152475
152519
152587
152588
152652
152653
152654
152655
152656
152657
152658
152659
152666
152727
152728
152729
152781
152810
152820
152821
152893
152894
152895
152896
152897
152898
152899
152966
152967
152968
153043
153044
153045
153144
153145
153146
153172
153173
153251
153252
153253
153254
153281
153303
153312
153313
153322
153323
153398
153399
153468
153504
153505
153506
153604
153640
153729
153752
153814
153877
153922
153923
153924
153960
153961
154005
154006
154007
154082
154083
154084
154085
154086
154087
154164
154165
154229
154230
154315
154316
154317
154318
154319
154320
154402
154498
154499
154500
154501
154546
154633
154714
154715
154773
154774
154775
154802
154803
154804
154805
154806
154807
154808
154872
154911
154912
154913
154914
154991
155056
155133
155195
155222
155223
155224
155225
155315
155316
155332
155429
155477
155478
155479
155480
155481
155571
155656
155672
155701
155702
155759
155760
155761
155762
155836
155890
155891
155892
155893
155894
155994
155995
155996
155997
155998
156048
156049
156141
156142
156143
156185
156218
156219
156220
156221
156230
156266
156267
156268
156269
156288
156289
156290
156291
156292
156293
156367
156381
156382
156383
156384
156387
156388
156389
156390
156391
156407
156455
156456
156516
156569
156570
156580
156664
156699
156733
156734
156735
156736
156748
156834
156835
156894
156953
156954
156981
156987
157061
157139
157140
157141
157142
157143
157144
157145
157146
157147
157148
157149
157150
157212
157213
157214
157215
157216
157259
157260
157314
157315
157316
157317
157318
157319
157320
157364
157394
157395
157412
157413
157414
157484
157568
157569
157570
157571
157572
157597
157675
157714
157715
157716
157731
157822
157823
157824
157825
157826
157849
157850
157941
158039
158040
158041
158075
158076
158077
158078
158079
158134
158135
158136
158137
158170
158171
158172
158173
158194
158195
158196
158278
158367
158443
158444
158445
158446
158447
158448
158449
158459
158460
158461
158462
158463
158464
158498
158499
158500
158519
158532
158533
158534
158549
158550
158551
158552
158553
158554
158555
158586
158587
158588
158651
158714
158715
158716
158717
158718
158719
158743
158820
158821
158822
158823
158884
158945
158946
158947
158948
159027
159028
159068
159069
159070
159071
159072
159073
159074
159075
159076
159077
159078
159079
159080
159081
159130
159172
159173
159174
159175
159176
159235
159236
159292
159293
159294
159373
159374
159375
159382
159481
159482
159517
159518
159519
159573
159574
159628
159629
159723
159724
159819
159833
159834
159855
159905
159906
159907
159908
159947
159948
159985
159986
159987
159988
159989
160025
160075
160076
160126
160129
160130
160227
160305
160321
160322
160387
160388
160479
160480
160481
160482
160483
160484
160485
160486
160487
160488
160489
160490
160491
160492
160493
160586
160587
160678
160735
160736
160737
160738
160770
160771
160772
160870
160955
160956
160957
160958
161043
161111
161112
161164
161165
161166
161167
161168
161169
161170
161171
161172
161173
161197
161198
161199
161200
161278
161295
161296
161297
161363
161449
161450
161493
161494
161495
161496
161560
161561
161562
161644
161645
161646
161665
161666
161667
161668
161669
161670
161675
161676
161677
161678
161756
161757
161758
161788
161789
161869
161870
161951
161952
161953
161954
161955
161956
161992
161993
161994
161995
161996
162010
162011
162012
162049
162101
162131
162132
162133
162134
162135
162136
162137
162189
162280
162281
162282
162317
162318
162340
162341
162342
162392
162413
162495
162496
162497
162498
162499
162500
162591
162592
162663
162664
162745
162804
162805
162806
162893
162894
162895
162952
162992
163053
163054
163055
163135
163136
163201
163289
163290
163352
163353
163354
163448
163463
163546
163560
163605
163676
163692
163709
163710
163711
163712
163713
163714
163715
163759
163760
163761
163855
163856
163857
163873
163874
163875
163903
163904
163905
163906
163907
163908
163993
164073
164111
164112
164140
164141
164142
164143
164144
164145
164210
164211
164212
164213
164271
164329
164330
164331
164332
164391
164392
164393
164394
164395
164474
164475
164476
164568
164569
164570
164571
164572
164573
164574
164663
164664
164740
164741
164819
164820
164821
164853
164863
164875
164938
164939
164980
164981
164990
164991
164992
164995
164996
164997
164998
164999
165025
165026
165027
165079
165092
165093
165189
165219
165283
165284
165285
165296
165347
165348
165349
165350
165351
165352
165353
165358
165359
165430
165476
165554
165555
165556
165557
165558
165647
165648
165649
165650
165725
165794
165795
165796
165797
165855
165943
165944
165945
165946
165947
165948
165958
165959
165984
166031
166039
166040
166088
166089
166090
166091
166092
166093
166097
166196
166197
166198
166278
166369
166384
166385
166386
166478
166479
166496
166497
166575
166629
166630
166631
166632
166633
166634
166649
166673
166674
166724
166792
166793
166852
166853
166854
166855
166856
166888
166910
166911
166948
166949
166991
167001
167002
167057
167058
167059
167079
167080
167081
167082
167175
167197
167295
167338
167339
167366
167446
167447
167463
167487
167512
167513
167514
167515
167516
167517
167573
167634
167635
167636
167713
167714
167715
167716
167717
167718
167719
167771
167787
167788
167789
167790
167791
167792
167852
167939
167940
167941
167942
167943
168028
168029
168098
168131
168132
168133
168134
168135
168201
168277
168330
168331
168332
168333
168383
168407
168436
168492
168493
168494
168495
168496
168497
168498
168542
168543
168544
168545
168546
168562
168563
168564
168578
168579
168580
168675
168753
168754
168755
168808
168872
168900
168999
169077
169078
169099
169194
169279
169354
169355
169356
169357
169358
169359
169456
169478
169479
169524
169525
169621
169622
169623
169624
169625
169626
169627
169628
169629
169630
169631
169724
169766
169767
169768
169792
169793
169888
169889
169902
169980
169981
170037
170038
170136
170164
170165
170166
170180
170181
170187
170188
170198
170199
170200
170201
170273
170336
170338
170369
170465
170533
170584
170585
170586
170686
170687
170751
170759
170760
170818
170819
170820
170821
170822
170879
170880
170881
170882
170957
170958
170959
170960
170961
171017
171018
171045
171046
171047
171048
171049
171050
171051
171052
171053
171151
171196
171197
171218
171219
171287
171321
171322
171323
171324
171325
171331
171332
171333
171334
171335
171361
171393
171402
171403
171404
171446
171447
171533
171555
171592
171593
171594
171595
171596
171623
171624
171625
171626
171627
171649
171650
171725
171799
171868
171869
171870
171960
171961
171962
172022
172023
172024
172055
172097
172098
172099
172100
172185
172186
172187
172188
172210
172211
172308
172309
172310
172376
172459
172460
172517
172578
172583
172584
172585
172586
172661
172709
172710
172742
172805
172814
172815
172816
172849
172850
172888
172954
172955
172956
172985
172986
172987
172988
173059
173060
173061
173062
173159
173160
173161
173223
173224
173225
173226
173227
173257
173303
173304
173387
173388
173389
173412
173413
173414
173497
173498
173503
173558
173559
173563
173605
173679
173680
173681
173702
173787
173788
173851
173852
173853
173881
173882
173883
173884
173885
173886
173943
173959
173978
173979
173980
173981
174053
174054
174055
174056
174057
174058
174059
174060
174061
174143
174144
174161
174162
174163
174175
174262
174281
174282
174316
174403
174404
174405
174502
174549
174550
174574
174575
174576
174623
174624
174625
174626
174627
174651
174718
174719
174720
174812
174813
174814
174891
174938
175037
175046
175098
175099
175100
175101
175113
175114
175163
175164
175165
175166
175167
175222
175223
175254
175255
175256
175257
175258
175261
175264
175315
175389
175401
175493
175494
175495
175519
175520
175619
175620
175621
175622
175722
175723
175753
175754
175810
175811
175869
175870
175945
175946
175947
175948
175949
176034
176035
176036
176037
176038
176039
176040
176041
176042
176043
176044
176045
176046
176085
176163
176164
176165
176166
176251
176252
176311
176312
176313
176356
176357
176358
176359
176360
176361
176452
176516
176517
176518
176529
176623
176628
176667
176668
176669
176670
176743
176814
176815
176876
176877
176960
176997
176998
176999
177069
177091
177181
177182
177238
177316
177352
177411
177412
177425
177426
177461
177462
177463
177464
177465
177466
177467
177468
177469
177555
177556
177557
177558
177642
177643
177644
177645
177646
177675
177676
177677
177678
177696
177714
177790
177839
177889
177890
177968
178006
178007
178033
178076
178077
178078
178079
178080
178081
178113
178114
178188
178189
178233
178234
178235
178291
178292
178360
178361
178362
178363
178364
178457
178545
178643
178644
178664
178665
178694
178695
178696
178697
178756
178757
178758
178759
178819
178820
178821
178822
178894
178933
178934
178987
178988
179028
179029
179096
179097
179098
179139
179183
179184
179185
179186
179187
179188
179212
179213
179283
179284
179285
179286
179376
179377
179378
179379
179380
179390
179436
179519
179520
179521
179522
179523
179566
179567
179662
179663
179664
179665
179697
179769
179770
179771
179859
179860
179861
179862
179863
179959
179960
179961
179962
179968
179969
179974
179975
180022
180023
180064
180065
180103
180104
180105
180106
180107
180192
180288
180373
180374
180375
180376
180377
180378
180395
180396
180397
180398
180399
180400
180401
180423
180424
180425
180525
180526
180550
180551
180552
180553
180554
180555
180556
180557
180558
180564
180565
180647
180648
180747
180836
180837
180901
180902
180903
180904
180972
180976
181030
181031
181032
181129
181165
181166
181167
181168
181169
181170
181171
181172
181173
181178
181179
181180
181181
181224
181268
181269
181270
181271
181272
181273
181371
181452
181453
181482
181483
181484
181513
181514
181515
181516
181590
181650
181651
181652
181653
181654
181655
181656
181657
181658
181684
181685
181686
181687
181688
181689
181690
181691
181692
181693
181707
181715
181716
181717
181718
181811
181812
181816
181817
181907
181908
181909
181910
181955
181956
181957
181958
181959
182042
182043
182044
182092
182108
182180
182181
182244
182314
182404
182405
182447
182448
182511
182512
182513
182600
182601
182602
182603
182604
182662
182663
182664
182711
182712
182713
182717
182777
182808
182809
182810
182811
182896
182956
182957
182958
183019
183020
183021
183117
183205
183206
183207
183208
183209
183210
183211
183288
183289
183377
183406
183438
183480
183568
183580
183581
183582
183670
183671
183771
183772
183811
183812
183813
183814
183815
183816
183821
183875
183916
184012
184100
184101
184142
184143
184147
184195
184196
184197
184198
184199
184237
184238
184239
184240
184273
184349
184350
184431
184481
184482
184493
184494
184495
184563
184564
184565
184566
184567
184568
184569
184570
184631
184632
184731
184732
184733
184734
184768
184769
184770
184771
184772
184801
184802
184803
184804
184805
184806
184807
184897
184988
185003
185055
185077
185091
185092
185144
185145
185146
185169
185255
185256
185352
185353
185354
185355
185442
185480
185481
185535
185536
185537
185593
185594
185595
185596
185597
185598
185649
185706
185707
185738
185781
185782
185821
185920
185921
186006
186104
186105
186108
186109
186110
186111
186112
186121
186163
186244
186245
186335
186336
186356
186357
186455
186456
186457
186553
186554
186586
186587
186656
186657
186754
186755
186756
186757
186758
186803
186804
186829
186848
186943
186944
186945
186946
186947
186948
186949
186950
186951
186952
186953
187015
187083
187084
187120
187121
187122
187123
187139
187140
187176
187177
187178
187179
187222
187223
187224
187225
187226
187227
187290
187291
187332
187343
187429
187430
187431
187432
187444
187445
187446
187498
187499
187500
187501
187551
187552
187596
187597
187673
187723
187724
187725
187726
187727
187785
187806
187807
187808
187903
187921
187922
187960
187961
187962
188035
188036
188099
188105
188106
188187
188259
188260
188261
188284
188351
188352
188353
188424
188425
188453
188543
188544
188545
188546
188550
188551
188552
188562
188634
188660
188732
188733
188734
188792
188815
188816
188817
188907
188947
188948
188949
188950
188951
189043
189117
189118
189190
189262
189263
189264
189265
189305
189310
189324
189344
189345
189346
189386
189387
189418
189419
189420
189421
189481
189513
189514
189608
189687
189775
189870
189871
189918
189919
189920
189933
189934
189935
189985
189986
189987
190057
190112
190113
190114
190182
190281
190282
190289
190358
190359
190360
190449
190450
190538
190611
190616
190617
190623
190658
190690
190691
190692
190693
190694
190695
190696
190697
190698
190699
190700
190701
190702
190740
190741
190819
190899
190922
190992
190993
190994
190995
190996
190997
191048
191049
191120
191144
191198
191293
191294
191295
191296
191297
191298
191299
191364
191393
191394
191395
191446
191447
191448
191449
191462
191463
191464
191558
191559
191560
191561
191562
191563
191617
191618
191619
191620
191621
191622
191623
191715
191776
191779
191780
191781
191857
191941
191942
191946
191979
191980
191981
192025
192026
192122
192123
192209
192210
192211
192239
192240
192275
192276
192277
192278
192279
192280
192281
192333
192334
192335
192412
192414
192415
192416
192417
192502
192503
192529
192530
192592
192593
192682
192752
192753
192799
192895
192896
192901
192902
192903
192919
192988
193068
193069
193070
193071
193146
193228
193244
193245
193246
193247
193248
193249
193266
193267
193279
193280
193281
193368
193369
193370
193374
193375
193376
193377
193387
193388
193472
193473
193525
193570
896
