20 24 30
603766 464762 137762 192833 730273 481220 506195 448804 365255 858132 700517 372305 327684 87475 615114 482412 55545 245709 501760 63806 274673 723793 321173 990216 
875230 883514 577144 681481 556510 158306 49185 565050 59512 851210 18384 100849 215786 494308 670761 331581 332990 572064 639734 928567 938586 430201 7586 94443 
21175 571392 338664 294894 523304 448199 770364 157762 563992 670178 871090 400798 189830 293713 100570 675861 266532 131466 6712 47514 418097 800051 770805 1124 
680889 623723 43821 375817 268366 868378 463373 552613 50381 444077 607901 297042 662619 284476 891920 545944 970764 322782 202059 423583 685468 406153 812552 116462 
605896 721618 762430 369628 876992 592287 945461 13457 154993 379002 143240 276412 980385 51971 483514 782671 198309 783986 486121 739358 667246 477298 530880 848200 
659703 129784 536168 588420 495970 740138 189830 567800 554619 417219 868806 810816 63838 818316 57130 823025 659916 649967 547473 644497 850161 269779 974280 370372 
385325 305446 160781 255578 876559 513955 352116 554609 949622 644609 121946 151853 236096 484212 879011 600161 43283 260911 298283 822111 792302 989861 459636 318021 
312685 696007 446606 672709 565778 320625 240050 956994 276545 299417 291625 27082 377062 341986 855639 424204 347508 156023 647014 95296 484852 554184 85699 917858 
447801 990357 921090 921802 874500 978011 326675 598296 111529 479692 64648 2582 513294 892521 956169 352416 277477 868525 213054 394765 282488 855796 88520 642694 
354807 709506 492232 585379 241350 451231 904210 783388 914633 790975 742985 987271 214554 912912 159389 943165 659939 764689 780608 352663 121159 12817 389176 508978 
669493 285378 422030 892291 869861 43752 984028 626522 891440 35741 893365 95778 249137 181006 303012 611685 440656 332976 693160 281540 342650 563900 242173 621975 
791991 455467 116743 126223 293022 683461 369835 179448 581294 810418 4102 920366 258249 620775 782333 234389 398766 989259 159003 305311 820720 436311 82438 533993 
650737 890849 534009 569751 750934 560320 900038 492633 749695 455594 136011 712812 375906 353459 323208 958554 75575 984665 91908 373803 290815 384870 155440 79515 
881088 208596 324449 704068 27314 71868 596561 282254 107671 528884 274957 596369 540227 53401 845323 195438 65200 625572 699897 209418 129342 684159 170436 178889 
172472 977874 270108 691921 956293 404194 744553 324190 453014 34829 177604 56199 320418 543551 161989 766547 701044 81366 799689 736812 601767 146444 147639 952005 
521168 800758 288123 513047 249332 296704 74121 574028 881465 746952 538206 108730 397843 788417 412189 237151 986686 779303 360674 778046 693398 120116 951253 894389 
510387 285529 889718 866623 480724 188327 593197 169662 337080 557885 450843 36891 889598 920629 312312 406344 755545 507453 533926 527239 428073 898388 805458 481516 
774328 59762 640783 392978 843145 929229 631814 548536 713902 995240 988724 810324 538965 410992 111459 967960 615344 953749 135528 205453 55134 444009 925542 608122 
569900 738470 26731 325382 363577 393214 449508 637155 184399 645470 552416 212681 893648 510828 495476 15789 703187 577865 912248 29707 734039 282628 120703 559332 
524080 660758 921147 614728 642441 472739 234442 4843 898503 495466 325370 38012 263909 243503 641844 295374 487081 669837 293003 526565 65971 881402 205588 54041 
729109 975956 730206 646788 74415 998402 249666 340000 912160 100458 61391 531044 116883 495483 622904 606240 17185 794262 368605 534433 145028 755785 46525 4857 
1 2
2 3
3 4
4 5
5 7
6 7
7 8
8 9
9 10
10 13
11 12
12 13
13 15
14 15
15 16
16 18
17 18
18 19
19 21
20 21
21 22
22 23
23 24
1 4
2 4
3 5
4 6
5 6
6 8
7 9
