5 15 30
234792 402199 549153 444857 273571 464304 627440 712915 735800 626767 591836 981922 846044 122753 574087 
289720 439151 168411 418624 44670 409606 349944 437312 922432 977993 139817 138700 786972 180640 501371 
325837 679892 182858 94834 383329 518178 474411 217684 885177 523490 972092 70435 484712 226905 491027 
464892 610791 500523 559365 706891 924885 116814 341442 907128 316180 185785 994538 329871 387562 32582 
374166 545803 357733 367333 347855 459760 609848 972378 940463 979011 943820 298151 413378 900942 143837 
826721 832300 396113 734760 219957 974391 536153 330049 695015 959045 514919 240151 350102 741296 819822 
1 3
2 4
3 5
4 7
5 6
6 7
7 8
8 11
9 10
10 13
11 12
12 14
14 15
1 4
2 5
3 4
4 5
5 7
6 12
7 10
8 9
9 11
10 11
11 14
13 14
1 2
2 3
3 6
4 8
5 8
