5000
5000
1000
6
7
8
11
13
21
29
33
41
47
53
55
61
62
63
71
72
86
86
89
91
99
99
105
107
115
118
120
120
125
126
128
130
135
140
144
164
165
167
171
175
178
179
180
180
183
184
189
193
197
199
199
202
204
215
218
221
222
232
241
248
250
254
255
269
271
281
286
290
293
301
302
302
312
317
320
323
331
331
359
364
370
390
391
395
399
413
422
425
431
436
442
457
461
468
471
475
477
478
480
481
482
483
485
494
503
506
509
512
518
519
525
532
533
533
533
535
536
548
565
575
576
584
594
603
604
606
611
612
612
614
623
627
632
635
639
643
657
657
661
668
678
680
681
683
695
698
705
708
709
720
732
735
742
742
744
750
751
752
752
755
756
770
776
776
783
792
793
799
800
801
804
809
811
812
821
822
824
826
845
846
851
852
857
858
859
865
871
880
881
886
888
889
891
896
903
909
916
928
932
941
949
949
957
963
968
970
972
973
987
989
990
991
992
1000
1004
1004
1005
1006
1015
1025
1030
1032
1038
1038
1039
1042
1043
1044
1049
1053
1056
1057
1064
1070
1079
1097
1100
1106
1108
1114
1118
1119
1120
1138
1139
1139
1141
1141
1146
1157
1159
1164
1165
1175
1176
1180
1190
1195
1196
1200
1201
1202
1203
1205
1208
1209
1211
1219
1222
1222
1224
1228
1229
1234
1238
1243
1243
1244
1244
1246
1251
1251
1256
1258
1258
1266
1268
1269
1269
1271
1275
1282
1298
1300
1312
1314
1320
1323
1338
1349
1350
1353
1357
1381
1390
1404
1407
1415
1419
1423
1434
1439
1447
1452
1460
1465
1471
1473
1485
1496
1519
1521
1522
1527
1530
1532
1547
1548
1551
1554
1579
1585
1593
1594
1594
1599
1609
1610
1616
1624
1633
1636
1651
1652
1655
1658
1660
1664
1668
1673
1677
1694
1697
1698
1703
1713
1713
1719
1729
1729
1731
1731
1744
1754
1759
1761
1763
1764
1770
1775
1777
1777
1783
1793
1794
1797
1798
1798
1820
1827
1828
1833
1837
1846
1846
1852
1852
1863
1865
1865
1873
1878
1887
1893
1904
1915
1916
1917
1919
1920
1921
1941
1941
1952
1952
1956
1960
1970
1974
1975
1976
1976
1976
1988
1988
1991
1993
2011
2015
2018
2025
2028
2033
2033
2039
2050
2053
2077
2084
2091
2091
2106
2110
2115
2116
2120
2132
2146
2146
2161
2166
2167
2174
2177
2177
2185
2195
2200
2209
2224
2243
2243
2261
2266
2271
2272
2274
2276
2277
2281
2287
2291
2292
2297
2297
2299
2299
2301
2304
2306
2306
2320
2323
2335
2345
2346
2349
2354
2362
2363
2371
2373
2376
2384
2385
2392
2407
2408
2411
2413
2417
2421
2425
2435
2436
2438
2439
2445
2472
2477
2480
2481
2490
2499
2501
2511
2512
2524
2532
2535
2537
2538
2543
2548
2549
2551
2554
2557
2559
2563
2566
2576
2577
2577
2578
2596
2602
2604
2607
2609
2613
2614
2616
2617
2623
2627
2635
2641
2656
2668
2672
2678
2684
2689
2701
2711
2718
2725
2725
2729
2737
2745
2749
2750
2750
2757
2762
2773
2776
2783
2789
2790
2792
2794
2797
2798
2804
2808
2821
2834
2847
2849
2849
2852
2861
2875
2886
2886
2897
2903
2904
2910
2915
2918
2927
2928
2935
2938
2943
2950
2954
2964
2965
2970
2972
2989
2995
2997
2997
3000
3003
3010
3010
3012
3028
3028
3029
3031
3046
3077
3101
3113
3116
3119
3120
3121
3132
3138
3140
3141
3155
3155
3161
3170
3170
3171
3173
3181
3194
3206
3208
3208
3219
3221
3223
3226
3232
3252
3252
3253
3259
3260
3273
3281
3288
3297
3298
3304
3306
3308
3312
3325
3334
3335
3345
3346
3349
3349
3355
3361
3371
3378
3388
3390
3392
3396
3396
3402
3402
3405
3411
3412
3423
3423
3424
3424
3425
3426
3431
3435
3438
3440
3443
3444
3447
3452
3454
3456
3456
3458
3460
3464
3476
3482
3488
3497
3497
3501
3501
3505
3509
3516
3524
3528
3543
3545
3547
3548
3555
3566
3566
3567
3569
3570
3570
3570
3571
3587
3590
3592
3594
3598
3605
3608
3610
3621
3623
3625
3634
3639
3640
3644
3646
3649
3652
3653
3657
3659
3676
3685
3689
3693
3697
3700
3701
3702
3713
3718
3722
3735
3738
3749
3750
3750
3756
3761
3769
3771
3775
3776
3789
3800
3802
3816
3820
3828
3828
3829
3839
3850
3851
3853
3854
3858
3863
3875
3880
3888
3897
3901
3902
3915
3916
3922
3926
3927
3938
3939
3943
3952
3954
3956
3964
3968
3970
3971
3972
3979
3980
3980
3984
3988
3990
3994
4003
4004
4005
4010
4013
4025
4030
4031
4032
4032
4034
4034
4035
4036
4037
4038
4044
4058
4063
4068
4070
4071
4078
4078
4081
4099
4103
4113
4119
4124
4130
4134
4135
4135
4136
4144
4146
4147
4158
4165
4167
4179
4182
4182
4193
4197
4197
4198
4199
4206
4216
4220
4224
4228
4235
4282
4285
4287
4292
4292
4293
4294
4297
4297
4307
4307
4308
4325
4327
4328
4336
4339
4339
4339
4343
4353
4353
4357
4365
4366
4384
4385
4391
4393
4401
4404
4408
4412
4414
4414
4414
4428
4437
4440
4445
4446
4467
4471
4490
4490
4492
4496
4505
4506
4512
4522
4522
4525
4526
4526
4527
4537
4544
4547
4561
4563
4565
4569
4573
4580
4580
4581
4582
4585
4587
4592
4602
4608
4618
4628
4634
4636
4641
4658
4665
4673
4676
4686
4696
4701
4706
4707
4714
4716
4720
4722
4722
4724
4758
4759
4765
4777
4784
4792
4793
4796
4801
4802
4808
4811
4812
4815
4815
4820
4823
4827
4831
4835
4841
4864
4866
4875
4884
4885
4893
4897
4905
4906
4908
4917
4918
4934
4943
4947
4951
4954
4957
4962
4965
4965
4966
4980
4980
4986
4989
1000
4311
3372
4291
2158
1075
292
135
4067
3382
4767
3467
4377
2522
4867
2679
4754
2454
3164
4202
4704
3606
125
2700
3980
729
814
1847
940
2792
2945
1705
3791
550
153
4745
375
4253
2950
2006
1538
716
185
2651
517
2174
3691
2361
1942
3143
3711
1194
3440
1511
4011
1491
1105
17
2255
1538
4020
4256
3673
1397
2092
1076
2180
4185
3413
4072
3888
2255
2000
2056
2062
1720
1122
1386
263
1904
2226
1544
3152
3947
2032
2487
4922
2102
3305
3608
4324
2805
1497
4432
1662
3342
2367
4353
3379
2124
4518
177
4814
1733
1929
4773
2578
400
3230
3398
495
1261
230
4240
429
786
1726
1130
472
2660
4831
2423
1750
3034
2754
3738
251
3362
13
2283
4744
4699
447
2480
4919
2522
3875
1090
881
1214
1814
81
2127
3384
4956
3745
4746
3545
2607
2199
509
3064
4587
503
1074
4722
1064
4981
1070
629
996
612
3055
1490
1137
3115
548
980
889
34
4906
292
4618
1052
2338
3114
179
3006
92
202
3804
339
3958
518
4567
299
1733
289
2788
1403
4337
679
3031
3186
1492
830
799
2686
968
2177
3781
3764
724
1244
3197
967
3753
3559
380
4651
1637
183
2588
3701
4226
3728
4174
4826
1735
4938
4879
1586
3974
2840
538
2417
1174
3026
442
1857
229
1014
1795
3306
1897
4979
2508
4335
2561
60
2749
3751
4813
4128
3440
1403
56
729
2985
3312
2797
2404
1465
3738
2416
825
819
1704
2279
4574
1980
3009
1552
2641
4862
1458
2524
481
2934
4960
2356
2530
3654
4071
4500
4046
1875
483
1945
3024
4233
1991
3054
3458
8
17
4229
2711
417
2589
4138
4030
2580
1436
4509
142
939
4990
2540
1587
14
1142
3026
4780
2502
389
1980
1460
4272
2958
4205
2018
1123
1688
331
1667
389
3218
2419
964
2600
1752
2664
4171
3984
2593
785
3468
2245
2415
4192
2599
163
746
228
1262
3387
2523
3891
647
1223
1103
4059
2007
3176
714
4261
4957
3946
3447
3303
3364
3322
4502
267
4061
2137
4545
4810
1833
2739
2950
1236
4549
3399
141
155
635
1461
3708
2374
3677
269
4674
4316
2084
3265
3926
1439
4697
1451
4168
1831
668
1761
1413
4902
161
1158
184
2684
3480
4174
4962
2927
269
798
3053
4783
2754
2757
2249
1700
998
3788
1079
4663
615
2471
4109
1799
1669
3216
3960
4338
432
1068
3579
2032
172
2312
3993
3089
1591
99
4763
4362
1183
123
147
656
1851
3165
1401
1514
2606
1726
251
1984
2483
4650
1369
3108
252
499
1155
3855
3662
3341
3895
765
4796
2406
2489
765
1936
1046
2045
1819
2975
156
117
500
3023
1816
1316
4541
2418
4027
3862
2014
2913
3460
1250
1138
4384
2372
3152
2754
3181
1724
4234
3732
2209
4733
4594
3180
3693
2769
4758
170
4026
4854
3062
3184
86
3538
1049
406
4723
3922
4841
2442
3747
4179
321
4606
1502
92
2443
1514
446
3410
2441
4282
2414
1702
83
1810
2456
4819
4113
4156
496
2460
3426
1264
851
2987
1141
491
2511
2221
1998
1343
1512
1298
1021
1686
741
4473
3568
2221
1096
4289
3237
2597
866
1863
1110
2697
1966
1158
1455
2275
1089
4327
4599
3612
3145
2236
1462
1737
1823
3850
4614
1717
1349
442
128
3629
1918
3171
899
2824
1180
2574
1334
2036
3274
3410
3612
1434
2213
154
1738
950
1360
3036
1671
3620
329
1227
4843
332
4236
976
1951
3942
4513
4643
1378
4841
4175
4317
1508
3153
4198
4090
3966
2800
3111
2326
4195
1509
579
4382
766
3809
222
4124
1678
994
2746
2702
4018
4698
2864
984
4081
934
1257
342
2445
1338
1014
2428
41
982
1368
4051
3576
2188
2997
3329
460
1792
2401
4984
1192
1468
4111
1151
2392
53
899
3724
4302
1969
3205
4824
16
2678
1786
2503
1435
3554
2588
2857
523
2344
1389
3888
4411
2382
3247
1613
2755
2902
1091
597
397
420
1499
1734
1062
4161
1941
3726
479
1357
1771
50
1855
2092
932
4561
3977
4997
574
4775
3206
2508
2636
3025
2750
2381
1510
3457
2621
4354
2884
4794
4648
3136
2050
3427
3748
4163
3686
1069
558
4836
232
1801
1133
3721
1076
1318
4540
1038
1161
4090
430
2339
1151
3119
4613
5
4109
1637
4162
4391
1048
504
3519
1655
122
4918
2161
2925
2098
4695
1273
3794
4539
2667
809
974
1791
2979
1440
1500
2779
2490
849
2340
2890
3434
2007
2781
2267
1341
4999
1
4063
3091
40
1290
792
2567
935
1643
3784
1695
3551
3800
2390
1820
4677
4486
1414
1510
4752
2107
2190
1844
3596
728
4882
4331
4467
1587
23
3388
4877
2303
1505
1238
1939
3664
3124
1826
1099
1079
2013
898
4625
3407
4179
733
1682
4435
1751
1360
803
1670
4053
1291
2729
4308
3603
2974
548
2160
3469
4149
3178
681
2098
2229
2254
3082
4435
2225
2440
156
104
4659
4839
3036
727
1897
2884
3894
3027
520
3075
2293
4941
3232
1983
3298
3751
3175
3215
728
4381
1718
2971
4251
4430
2997
1181
4571
1639
4106
872
2133
4799
1918
704
3923
502
4392
158
4675
1386
3921
1697
695
987
893
4042
375
714
3557
1100
4071
2537
4101
2512
2363
1952
2433
4518
2053
4978
884
616
955
2124
4465
2193
4167
4720
2177
4629
2949
507
4959
2741
4780
4123
2797
1024
3640
4207
3386
1530
4633
3559
237
3190
4622
1526
3829
322
2271
3630
119
105
2923
4266
4128
4990
515
3354
4645
4876
1925
1029
1526
1575
75
1119
3940
2425
3620
1845
3184
1108
3207
4909
200
4904
3200
2249
4097
4961
3843
148
4126
1884
4705
1052
2605
613
872
3308
2139
2682
4807
2731
3910
3380
562
1662
4334
1622
2448
4808
4413
3103
558
2524
1402
3728
4567
4190
4782
