5000
5000
1000
7
12
12
24
29
34
35
36
36
36
37
37
44
45
51
67
75
77
79
93
110
121
129
138
153
158
164
165
167
171
172
182
188
190
193
199
203
213
232
233
236
248
260
262
268
269
282
282
284
290
295
300
316
320
322
328
337
344
361
368
374
385
402
402
403
409
409
410
412
427
430
440
461
461
462
467
473
475
476
503
505
506
509
514
519
520
523
528
529
530
537
540
551
556
562
564
565
582
591
595
598
601
615
640
641
645
646
646
651
655
663
666
669
670
673
680
690
692
693
706
710
712
713
714
716
729
729
732
735
741
752
753
763
773
775
781
794
808
810
813
815
816
817
822
831
832
835
837
838
838
840
850
852
855
859
860
865
878
884
885
890
896
900
901
902
909
911
911
916
938
941
941
942
950
958
960
968
973
984
984
993
995
997
998
1001
1016
1030
1032
1035
1040
1042
1048
1048
1054
1059
1060
1071
1082
1088
1094
1110
1111
1114
1116
1117
1120
1128
1133
1143
1143
1145
1165
1170
1181
1185
1187
1190
1204
1209
1216
1218
1219
1225
1226
1235
1239
1243
1247
1253
1259
1264
1265
1271
1277
1284
1289
1299
1301
1302
1303
1306
1313
1315
1317
1317
1318
1319
1320
1326
1326
1337
1341
1343
1344
1348
1348
1352
1355
1359
1360
1365
1366
1368
1376
1379
1391
1395
1396
1404
1408
1410
1410
1411
1413
1429
1435
1443
1444
1461
1462
1464
1469
1470
1471
1472
1492
1493
1493
1496
1506
1513
1525
1525
1527
1527
1530
1535
1535
1541
1542
1548
1549
1556
1556
1556
1557
1561
1564
1569
1574
1589
1591
1593
1594
1595
1604
1607
1609
1609
1619
1625
1631
1632
1636
1637
1640
1647
1648
1651
1677
1679
1682
1689
1699
1700
1701
1701
1720
1720
1723
1724
1727
1735
1738
1739
1745
1748
1752
1755
1766
1766
1786
1787
1808
1810
1812
1813
1814
1816
1821
1832
1833
1834
1835
1843
1844
1851
1851
1856
1868
1871
1882
1885
1889
1889
1894
1909
1912
1915
1917
1920
1923
1932
1932
1940
1944
1948
1949
1952
1955
1974
1980
1991
1991
2005
2012
2025
2028
2033
2048
2052
2053
2054
2069
2072
2072
2072
2075
2083
2092
2094
2097
2098
2100
2102
2104
2105
2107
2117
2117
2126
2137
2147
2150
2152
2156
2164
2170
2191
2194
2199
2203
2203
2209
2212
2212
2217
2225
2230
2232
2236
2238
2247
2247
2262
2271
2271
2272
2274
2279
2293
2313
2315
2320
2323
2324
2332
2335
2337
2339
2342
2343
2353
2358
2362
2370
2381
2382
2395
2396
2406
2409
2416
2423
2426
2427
2435
2436
2447
2454
2456
2462
2464
2469
2472
2474
2474
2475
2476
2486
2495
2503
2512
2515
2527
2529
2537
2537
2543
2548
2554
2573
2583
2589
2591
2596
2600
2602
2603
2604
2610
2612
2616
2617
2618
2619
2626
2632
2636
2639
2640
2646
2655
2656
2657
2659
2661
2663
2663
2664
2665
2665
2667
2668
2669
2672
2674
2677
2678
2706
2714
2725
2732
2739
2741
2745
2747
2749
2751
2754
2757
2760
2766
2768
2772
2801
2807
2808
2821
2823
2823
2826
2826
2830
2831
2833
2834
2836
2839
2845
2849
2852
2861
2869
2872
2875
2877
2890
2898
2898
2908
2914
2922
2923
2926
2926
2931
2932
2935
2939
2950
2960
2974
2975
2975
2977
2988
2988
2991
3001
3018
3022
3033
3040
3041
3043
3054
3060
3063
3071
3071
3074
3077
3080
3083
3090
3094
3094
3100
3101
3103
3119
3138
3138
3139
3145
3146
3157
3160
3161
3162
3169
3169
3172
3182
3197
3205
3213
3216
3220
3235
3254
3254
3257
3261
3261
3263
3263
3268
3270
3285
3285
3289
3291
3291
3291
3302
3306
3307
3312
3325
3327
3330
3347
3357
3362
3363
3369
3374
3374
3381
3394
3397
3405
3409
3410
3416
3418
3422
3425
3426
3429
3435
3437
3442
3451
3453
3454
3456
3456
3460
3464
3470
3486
3492
3499
3502
3508
3510
3523
3525
3527
3535
3537
3544
3546
3555
3556
3560
3567
3570
3571
3583
3585
3586
3586
3598
3609
3613
3616
3633
3635
3640
3640
3645
3646
3657
3657
3662
3663
3667
3668
3671
3674
3681
3681
3698
3699
3704
3707
3707
3716
3717
3717
3718
3719
3723
3723
3724
3739
3741
3741
3760
3765
3773
3777
3783
3785
3785
3789
3791
3792
3797
3797
3804
3823
3827
3830
3831
3845
3847
3850
3862
3863
3865
3871
3873
3879
3881
3881
3883
3884
3902
3923
3923
3927
3952
3959
3960
3976
3977
3984
3985
3992
3997
4006
4007
4007
4008
4012
4013
4013
4017
4017
4032
4042
4045
4065
4068
4071
4084
4091
4097
4103
4107
4110
4119
4123
4128
4136
4137
4138
4138
4144
4152
4155
4159
4164
4176
4189
4191
4194
4201
4204
4209
4209
4214
4219
4219
4220
4223
4224
4228
4236
4238
4240
4241
4252
4259
4265
4274
4282
4286
4286
4294
4296
4299
4300
4303
4307
4319
4320
4321
4326
4327
4328
4332
4337
4356
4360
4361
4365
4369
4380
4384
4389
4390
4391
4399
4399
4408
4414
4414
4414
4416
4420
4426
4432
4440
4445
4450
4452
4454
4456
4459
4461
4462
4480
4486
4494
4500
4510
4515
4521
4540
4542
4548
4559
4559
4563
4564
4565
4572
4582
4582
4592
4592
4597
4601
4613
4617
4620
4624
4632
4636
4637
4652
4657
4661
4663
4666
4666
4667
4669
4671
4674
4682
4684
4689
4692
4699
4714
4714
4718
4727
4732
4743
4747
4754
4756
4758
4762
4762
4774
4783
4785
4790
4793
4803
4805
4806
4809
4813
4820
4828
4829
4830
4858
4858
4860
4869
4872
4872
4874
4876
4883
4884
4886
4887
4890
4898
4906
4907
4907
4908
4927
4929
4947
4948
4951
4955
4958
4965
4978
4981
4985
4990
4995
4997
4998
1000
3034
2269
3543
3022
454
3831
1971
81
2354
4222
775
3148
627
4363
1984
3007
4738
2420
3096
2259
3449
3131
3207
2742
3961
3764
1964
2001
2527
3684
3534
95
845
2869
4333
4582
1670
1896
3098
2706
2845
2892
560
2689
3155
1748
501
1719
2844
1416
2314
1176
1013
255
3711
2233
3638
2506
2025
2076
2401
272
1441
1625
1541
114
2012
1233
3736
580
1936
4427
2910
4261
1017
3514
843
1375
3990
4491
3964
1960
395
4389
4053
229
2499
1307
4917
3484
4223
4094
4155
3859
3756
2659
3430
1123
4452
4412
3933
1934
821
1071
2880
1527
3104
4689
200
4722
1926
2740
4416
1254
2767
2769
856
4279
4795
2461
1342
1571
688
3498
2253
829
1705
590
2949
1092
3203
1614
4520
696
4333
4885
1039
4613
180
3636
1853
4659
2885
1258
4538
3137
4707
3703
2163
4576
3260
1285
353
3611
1489
4787
3934
2066
4096
4639
2059
134
1079
1792
4283
4746
1627
4449
1057
3538
1732
1821
2698
325
1221
4417
3198
4149
3982
4044
402
1595
2613
1387
256
1683
209
3318
2243
1760
1255
845
3372
3121
1805
911
3621
1416
1151
3626
4277
3628
1900
2667
2496
4649
3069
3222
349
4905
4204
494
1877
4176
4293
3161
411
4598
444
4701
3109
3475
2148
1253
3676
4981
4691
776
2609
3331
117
3639
2955
4354
3621
1324
3094
1857
3156
3575
3061
442
2660
777
4280
703
1233
3878
1644
3759
1860
4235
2627
1054
1130
3059
1388
701
706
4900
822
2653
895
3675
2387
1403
1726
3630
2632
2429
2733
3348
804
4491
678
1036
4143
2280
991
4953
1439
3027
1562
1215
878
2374
1003
3779
2516
3978
3995
1150
4602
1936
4031
2845
2243
3103
470
4593
1648
4653
706
1923
2899
2989
348
90
2518
1884
1630
601
1977
3406
4454
77
757
1382
3092
2596
4375
2721
1422
4452
3849
2522
1743
1169
1027
64
1371
4958
1354
2317
4529
8
425
1662
3256
2227
29
2080
3349
2828
13
1745
2776
2093
2237
4128
4268
2311
701
4414
3400
543
1901
2975
917
129
4172
3731
2055
2709
729
2403
455
3880
2923
605
1862
543
2898
1816
3638
4606
3295
3337
3222
3558
2921
1532
4654
4985
1215
2549
655
4646
3754
4409
1367
956
19
1887
1134
4477
3562
2672
198
2854
1895
4044
3382
1830
2136
3106
4876
2582
2105
3099
1270
1723
1034
2186
1899
3552
1710
4266
396
2897
2767
1238
727
3828
3619
4129
2851
2274
4286
1621
3869
8
3619
493
3015
3780
2015
3417
255
2271
1154
2493
2145
2184
4103
727
1502
1013
1456
2365
3578
875
1076
4457
4461
613
868
669
4812
1638
1490
1864
85
3085
4189
2705
2873
275
3466
3084
2265
2459
119
2089
2807
3903
254
2533
1540
4505
4126
3119
3766
2747
703
1419
4939
2449
1877
3276
1464
4882
3361
1226
396
2732
268
4736
2662
3543
3405
4431
1689
541
4670
2877
3963
240
4895
3492
838
3146
1046
1658
378
4334
2864
2524
1228
3125
2582
3755
4064
1606
1659
2215
4724
2107
3112
1096
256
2612
1563
3012
1382
1287
477
4975
1915
3200
2563
246
3899
4100
3626
3603
2883
3910
1916
4645
2894
334
975
4330
3541
2014
1221
2694
3321
1927
3091
947
1097
4757
461
4253
4822
3724
3520
1908
1246
1717
3422
4672
3692
1093
771
3516
572
4848
997
52
4308
206
570
2982
1058
1554
353
2628
2645
2676
2779
336
3636
3217
552
4924
2668
1031
4385
3507
4553
845
482
3345
3769
2989
716
1370
3641
2820
4061
4314
4892
3706
2177
3127
398
4227
3094
3240
1924
2013
4099
4367
1870
2298
2739
1596
2642
2349
2753
423
878
92
2404
75
2559
1403
2662
2499
2691
406
4526
4760
1410
2988
1459
3402
3623
4560
4073
461
1160
3535
3976
916
736
1858
576
3897
3618
1687
482
4678
4041
3024
798
1734
570
494
1467
2415
1187
688
1576
2623
2504
2483
4120
2543
1455
1584
3137
2714
2689
4569
1750
2162
2642
4745
4567
4701
4520
2160
3820
3971
802
928
4372
3146
4918
3841
3660
2057
1701
4000
3096
448
412
1956
1564
1584
723
4669
4308
252
1738
3399
801
1284
655
2999
164
1233
29
2171
4251
2896
1032
2007
1517
1505
789
1872
4161
3816
3123
3183
4968
4266
3666
3967
4148
2941
2937
3200
4196
4845
788
1842
4153
801
3818
3972
1752
527
3147
3303
4889
2170
211
4088
4640
2109
1476
4944
4236
3435
2666
392
3869
1380
1941
4790
679
2133
3487
3787
3557
3804
3374
707
4338
1107
3694
3633
555
379
671
2933
3739
2697
2168
1897
564
2422
369
2259
3788
4082
2146
2608
2610
4749
3418
3371
3810
1030
2816
1067
2278
4720
2239
3439
3376
1032
288
1855
2499
689
1552
4008
647
2727
3639
2348
295
2478
2473
2252
577
4467
50
706
1663
3179
3912
3734
971
1312
3290
1107
247
3751
1366
3044
39
2737
3060
1644
264
576
1073
3098
4984
4345
2155
323
384
2558
3976
2686
2060
138
4742
657
3867
1324
4048
3005
3327
1034
1868
3753
4742
105
1927
4444
588
540
548
4662
428
1152
4149
4239
4612
336
1890
4358
3701
153
2944
4228
3116
2372
249
3360
2111
4571
2843
2222
2439
4319
1125
645
4914
4450
2758
3273
4331
666
3590
2723
3391
2770
2787
2647
276
1138
1689
821
2613
4160
1821
3779
864
1085
240
2595
3026
3230
3519
4856
2931
748
762
4667
1974
3994
4379
1307
2430
2544
3874
1545
2291
110
3275
1676
2585
3364
737
3345
4144
918
4981
2864
2984
3466
2035
3490
2778
3050
1830
298
4274
779
4571
3206
3267
3301
1941
764
96
4279
393
1208
2619
1979
2175
2983
2770
4822
645
1352
1750
3375
4051
3875
4292
4254
14
2370
1835
1029
1360
1327
