698
426
536
1
2
2
3
3
4
5
6
7
8
10
11
17
18
21
21
22
25
30
34
38
38
39
39
40
42
43
43
45
47
48
50
51
52
52
53
54
55
55
55
57
60
60
61
63
63
66
66
67
69
70
72
72
74
74
76
76
77
78
78
78
78
79
88
89
91
92
92
92
94
94
95
97
97
99
100
101
101
101
101
104
104
105
106
109
110
112
113
117
119
125
126
127
128
130
131
132
132
132
133
134
136
137
138
138
139
142
145
147
148
150
153
155
156
157
157
159
160
163
164
165
165
165
167
169
169
170
170
170
170
171
172
175
176
176
177
179
179
180
181
181
182
182
182
183
183
183
184
189
190
197
198
198
201
202
202
202
202
203
203
205
205
206
206
207
208
208
210
210
211
213
213
215
215
216
218
219
219
220
221
222
225
227
229
229
229
231
232
233
233
233
234
235
235
236
238
239
241
245
245
246
248
249
250
252
252
252
257
259
260
261
261
264
267
268
269
270
272
273
275
276
276
278
278
279
280
281
281
284
285
285
289
289
292
292
293
293
294
295
296
296
299
299
300
301
302
305
306
307
308
308
308
311
312
312
312
314
314
315
319
320
321
321
322
323
326
328
329
329
330
330
332
335
336
337
338
339
341
342
344
344
348
349
350
351
352
352
354
355
356
357
360
362
362
363
364
365
366
368
369
371
371
371
371
372
375
377
378
379
380
380
381
383
389
390
391
392
393
393
394
394
396
397
398
399
401
406
406
408
408
408
410
411
412
413
415
417
418
418
421
422
428
429
430
431
434
441
441
441
442
442
443
446
452
454
454
458
458
458
461
461
462
462
463
464
464
466
468
468
470
473
476
477
478
479
480
481
483
484
485
489
490
490
491
492
493
498
500
502
502
504
507
512
512
512
513
513
514
518
519
519
519
523
523
524
525
525
528
534
534
535
535
535
536
537
538
542
543
543
544
548
548
549
550
558
559
559
560
561
561
561
562
562
565
565
568
568
575
578
580
580
580
581
581
581
582
582
582
584
585
585
588
589
590
590
592
595
596
597
599
600
600
601
603
604
605
609
611
611
612
612
613
614
614
615
615
615
615
616
616
620
621
623
625
625
628
629
630
631
632
632
632
632
634
641
641
642
646
647
647
647
649
653
653
654
654
655
657
658
659
659
659
659
660
664
665
674
674
674
675
677
677
681
684
684
684
685
685
689
689
689
693
695
696
696
696
536
399
248
255
15
183
149
336
310
73
38
67
415
169
215
146
214
171
394
17
151
374
384
89
191
242
87
233
326
391
195
32
6
55
65
85
53
233
54
124
367
34
11
252
60
170
341
314
377
146
197
245
235
264
215
298
248
264
93
149
237
400
406
206
357
208
195
161
289
368
134
196
403
36
99
371
163
11
58
114
294
43
181
251
230
270
421
117
424
218
219
306
287
60
315
420
250
7
266
316
251
24
86
197
103
186
105
25
1
201
234
409
352
1
189
241
260
325
117
342
412
9
181
402
203
148
338
2
154
244
331
5
306
242
91
373
425
47
401
4
324
337
6
100
243
66
209
288
387
57
117
62
21
266
244
74
193
221
415
150
309
129
383
284
309
360
301
391
102
185
113
137
292
354
372
394
15
193
221
233
16
329
326
328
122
168
357
201
187
106
209
356
134
297
350
413
97
328
243
307
421
199
242
377
297
194
271
364
256
321
383
68
288
364
11
312
405
311
177
253
374
320
393
57
330
55
91
46
190
196
63
317
160
409
79
218
75
199
230
31
157
216
146
379
195
196
18
146
276
90
55
181
254
3
126
213
307
24
371
377
312
422
346
356
65
133
324
194
55
123
130
311
424
33
43
387
22
8
341
112
242
280
135
415
327
98
7
11
305
130
184
35
58
113
357
131
97
172
391
110
335
199
263
264
375
329
58
366
398
10
207
406
263
280
109
404
55
18
297
356
61
179
82
145
209
180
188
86
236
66
301
367
358
268
409
20
174
213
76
345
356
108
390
215
368
147
13
160
354
388
39
424
165
302
349
134
231
22
23
76
119
154
126
370
227
9
325
230
305
353
412
265
191
21
416
105
319
14
349
410
138
73
6
168
115
11
14
384
123
11
60
194
309
3
179
301
290
342
34
377
33
35
164
107
355
217
98
134
90
238
302
46
93
325
381
227
131
218
128
161
227
166
272
201
144
267
83
340
44
42
124
216
220
299
122
402
201
406
119
145
48
151
405
143
178
325
62
295
415
82
146
286
309
245
51
312
84
318
65
40
344
85
378
163
406
241
97
109
29
274
164
303
392
48
309
195
295
400
410
268
284
422
343
162
137
371
27
129
407
335
5
16
213
222
251
107
227
391
116
94
133
337
152
249
401
106
312
382
227
162
147
281
282
314
11
200
300
113
151
329
141
33
142
257
243
246
282
98
229
83
134
227
51
384
71
135
422
