800
918
584
2
3
5
6
8
8
10
10
10
16
17
21
21
23
23
24
26
29
30
30
31
32
35
35
36
38
38
40
40
45
46
47
47
47
48
49
50
51
53
54
56
56
60
61
65
69
69
70
70
71
73
75
76
77
78
81
90
92
93
93
94
94
95
96
96
98
98
98
100
103
106
109
110
110
113
116
123
124
125
125
126
126
127
128
128
129
129
129
129
130
136
136
140
144
144
147
148
148
149
149
150
150
151
152
155
156
158
159
159
160
161
163
166
166
167
167
169
170
170
175
176
181
184
184
186
186
190
194
197
199
202
204
206
207
207
208
210
211
214
218
220
222
223
225
226
226
228
228
228
228
229
232
232
232
237
238
240
241
241
242
242
243
243
244
247
247
248
249
249
250
253
254
257
258
258
258
259
259
260
260
260
263
263
264
266
274
276
277
278
279
282
283
284
284
286
286
287
293
293
297
299
300
300
302
303
304
304
306
307
309
311
311
313
313
314
314
316
318
319
320
323
326
326
327
330
334
335
335
338
339
340
342
344
344
344
345
349
349
350
350
353
354
354
355
357
358
359
364
364
367
369
369
370
370
371
371
371
372
379
380
380
381
382
388
390
390
394
395
396
396
398
403
406
407
412
414
414
414
416
416
417
417
418
425
427
428
428
429
429
430
435
437
438
439
442
443
444
446
447
448
450
450
451
452
452
453
454
456
457
457
457
457
458
458
460
461
463
465
468
468
469
470
471
472
477
478
480
480
482
483
483
485
488
488
489
490
490
491
492
492
493
493
494
494
495
495
496
497
499
501
502
502
504
504
505
506
507
509
511
511
512
513
514
515
520
520
524
524
524
529
532
536
538
539
541
541
544
545
546
546
546
549
551
551
551
552
554
555
556
557
557
560
560
563
565
566
573
574
575
576
577
577
578
579
579
581
582
584
585
586
586
588
589
589
589
592
594
594
595
596
599
599
600
601
602
602
603
604
604
605
606
608
610
611
613
617
617
618
618
619
623
626
628
629
633
633
633
634
635
636
638
639
640
640
641
642
642
643
644
646
647
650
650
651
653
655
655
656
658
658
659
659
659
660
662
664
664
664
666
667
668
669
671
675
676
676
677
678
679
680
683
685
686
687
689
690
693
695
695
696
696
696
698
701
701
703
703
707
708
708
709
709
713
713
715
718
723
724
724
725
727
727
728
734
734
736
737
741
742
742
746
746
748
749
750
750
751
753
754
754
756
757
758
758
758
760
761
761
762
763
763
763
763
764
766
767
768
770
773
775
777
777
782
782
783
783
784
784
784
786
787
788
788
789
790
792
793
793
795
795
795
798
799
799
584
290
392
503
19
636
808
100
567
748
752
6
567
790
450
567
97
442
829
233
849
798
402
30
193
27
498
702
324
559
13
330
843
864
904
580
657
483
253
445
321
486
551
132
328
763
775
845
503
746
293
145
483
642
805
637
883
510
488
225
881
176
824
598
225
593
592
633
858
848
405
281
458
696
778
427
482
893
530
211
418
29
404
155
408
902
156
185
224
796
351
171
263
85
255
472
85
671
775
112
712
551
891
456
94
131
899
364
532
538
170
359
558
357
806
722
748
62
462
498
368
515
114
248
480
735
816
426
488
712
494
463
749
915
411
851
447
310
453
537
192
166
872
5
178
511
565
208
414
502
636
621
63
687
893
185
292
843
27
757
426
508
398
836
19
493
910
126
542
865
42
585
377
554
196
202
248
26
490
529
656
817
18
557
440
443
310
807
131
378
771
567
357
513
745
577
908
398
167
211
895
424
348
664
686
909
649
887
752
405
517
34
126
342
405
77
128
25
740
148
56
534
304
544
256
416
394
248
493
618
670
577
717
526
695
768
565
375
456
495
538
883
459
698
75
683
235
488
462
489
558
81
388
62
413
152
221
728
859
421
397
866
29
102
454
250
636
317
34
317
818
496
686
397
300
186
337
598
794
366
834
395
884
185
164
772
270
438
275
388
218
821
506
852
273
338
576
902
400
90
358
604
678
710
9
322
103
783
429
92
109
376
704
92
592
17
140
448
78
344
875
151
673
508
707
541
609
655
828
877
688
737
15
137
151
773
63
146
638
62
477
193
328
205
251
96
344
105
308
663
748
192
847
540
591
80
336
692
531
167
349
502
252
551
75
575
670
419
850
869
643
436
517
123
588
39
721
412
355
13
278
387
571
367
736
855
287
530
868
226
635
690
456
820
730
369
70
186
427
866
626
127
582
84
313
614
812
803
743
148
549
616
393
280
418
777
379
726
791
508
435
232
485
823
303
696
900
86
199
696
894
154
351
786
515
96
446
866
122
600
663
83
54
173
384
8
652
682
17
449
163
877
315
77
596
64
735
908
435
678
394
874
651
884
692
166
752
910
817
130
334
170
597
632
220
916
402
497
523
191
284
317
685
207
163
235
371
616
824
758
858
531
21
559
876
308
679
631
43
193
257
336
350
406
35
769
167
299
353
66
476
711
855
172
200
218
289
300
134
799
911
562
826
562
677
707
209
415
687
160
640
729
730
86
739
80
144
27
323
270
510
378
93
135
700
737
103
342
687
202
516
596
613
634
113
916
746
252
373
407
744
223
366
618
882
439
542
495
774
816
834
686
485
525
758
13
24
191
246
60
245
762
304
232
765
