272
359
389
1
2
2
3
4
5
5
6
8
9
9
10
10
10
10
11
11
13
13
14
14
15
15
15
17
18
20
22
22
22
23
24
27
27
27
28
28
28
29
30
30
30
30
31
31
32
32
33
33
35
35
35
36
36
36
37
38
38
38
39
40
41
41
43
44
44
44
44
44
44
45
45
48
49
50
50
50
50
52
53
53
53
53
53
53
55
55
55
58
59
59
60
61
62
62
62
62
62
64
64
65
66
67
67
68
68
68
69
69
69
70
71
71
73
73
74
74
74
75
76
77
77
77
78
79
80
80
81
82
84
84
86
87
89
90
90
90
90
91
92
92
92
95
95
96
98
99
99
100
100
100
100
101
102
102
103
104
105
105
105
106
107
108
108
108
109
109
110
111
111
111
111
112
113
113
113
114
114
116
116
117
117
117
117
119
119
119
119
120
121
121
121
123
123
123
124
125
125
126
129
130
132
132
132
133
134
134
134
136
136
136
137
137
138
138
138
139
139
140
140
141
141
142
144
145
146
147
151
152
152
154
154
155
155
155
155
155
155
156
156
157
157
160
161
161
162
163
165
167
168
169
169
170
170
171
171
172
173
174
175
175
178
178
178
179
179
181
184
184
184
184
184
185
185
185
186
186
187
187
188
188
188
189
190
190
190
190
191
191
193
193
194
195
197
199
200
201
202
205
205
206
207
208
208
209
209
209
211
211
211
212
213
213
213
214
216
217
217
218
218
220
220
222
223
225
225
226
227
229
229
229
230
231
233
234
234
234
234
235
236
236
236
236
236
238
239
240
241
241
242
242
244
244
245
246
247
248
249
250
250
251
252
252
252
252
252
253
253
254
254
256
258
260
260
261
262
264
264
265
266
266
266
267
267
269
270
270
271
271
389
35
97
159
351
43
258
327
284
188
77
162
13
141
155
164
1
73
77
87
81
275
120
210
239
345
139
57
11
43
261
175
212
88
139
278
24
194
204
232
163
229
290
343
12
338
5
311
171
334
108
129
291
5
178
248
118
249
272
300
307
159
10
337
82
10
40
92
211
294
302
218
294
97
341
29
30
264
299
305
37
155
184
203
234
256
12
98
232
88
144
283
239
174
1
97
212
231
266
35
165
209
18
252
334
153
169
287
41
63
233
163
129
295
201
259
192
215
221
117
162
160
189
237
266
9
104
226
79
317
72
126
356
123
47
30
207
261
273
306
56
58
240
86
318
109
271
236
267
160
184
288
352
201
16
326
257
269
71
184
200
111
356
26
62
224
35
131
323
176
244
275
343
200
103
195
200
78
148
14
341
11
91
176
233
22
180
227
233
62
27
117
176
189
215
264
176
28
271
198
134
180
136
152
182
9
205
259
268
105
187
317
74
352
50
262
268
181
282
275
349
233
269
188
356
231
22
141
93
272
343
98
116
50
58
146
275
288
309
176
188
97
156
77
70
179
42
136
51
121
10
153
179
334
342
73
300
238
211
275
163
230
91
118
206
133
261
306
165
186
223
229
308
15
140
246
39
153
42
210
162
250
285
200
17
45
274
356
178
279
292
347
179
79
30
7
169
216
191
28
294
5
75
210
318
37
64
122
26
32
148
59
68
231
307
269
342
11
327
194
321
197
226
10
203
46
286
154
2
80
101
215
210
274
91
3
75
206
261
70
32
143
279
294
352
46
321
75
10
96
312
347
64
225
202
246
105
130
29
328
334
236
66
177
201
244
333
41
347
3
240
138
67
26
62
102
59
317
324
52
103
297
325
17
188
307
220
354
153
330
