5000
4718
1000
12
13
27
31
38
38
38
48
56
58
69
73
76
77
78
79
82
87
93
96
114
115
116
118
123
128
146
149
150
150
162
168
168
176
177
177
177
182
193
196
212
215
226
227
238
244
246
254
255
259
268
277
281
286
291
296
304
304
304
305
306
310
310
310
313
319
322
327
336
347
349
351
356
357
366
370
371
380
389
396
404
409
411
411
412
418
421
431
449
451
457
458
462
469
471
474
498
507
508
510
510
512
512
518
526
530
530
541
542
546
557
559
567
579
579
591
593
601
607
608
610
611
612
625
630
638
639
666
673
673
700
702
707
707
709
715
717
727
727
734
736
737
737
738
740
742
751
752
753
757
758
762
768
775
791
799
799
800
800
804
811
820
827
835
839
847
859
865
866
868
878
879
895
896
907
908
909
917
932
938
941
943
945
947
957
969
974
975
975
978
978
979
991
994
995
1003
1008
1008
1009
1018
1021
1026
1026
1027
1036
1046
1050
1055
1058
1063
1064
1065
1066
1066
1070
1083
1089
1092
1103
1118
1128
1130
1130
1132
1134
1134
1136
1138
1143
1146
1148
1149
1149
1149
1153
1169
1181
1181
1186
1189
1191
1192
1197
1201
1204
1210
1216
1216
1220
1221
1224
1235
1236
1240
1246
1252
1254
1255
1257
1258
1264
1270
1276
1284
1289
1296
1298
1300
1308
1332
1336
1347
1353
1358
1361
1365
1367
1375
1381
1381
1388
1391
1392
1396
1400
1408
1409
1413
1414
1423
1424
1425
1426
1428
1443
1451
1456
1459
1463
1466
1467
1468
1477
1480
1489
1493
1497
1498
1503
1508
1514
1530
1538
1541
1548
1554
1557
1567
1572
1575
1577
1577
1585
1585
1586
1589
1590
1590
1605
1607
1614
1616
1617
1621
1624
1643
1645
1647
1652
1653
1653
1656
1659
1660
1664
1666
1667
1679
1683
1688
1689
1692
1694
1699
1701
1727
1728
1737
1745
1749
1749
1751
1752
1752
1756
1763
1766
1770
1776
1792
1806
1816
1825
1829
1829
1834
1845
1847
1851
1865
1865
1868
1872
1872
1878
1896
1905
1914
1914
1917
1925
1929
1931
1933
1938
1939
1945
1950
1953
1956
1958
1964
1976
1977
1977
1984
1989
1995
1996
1996
1997
2004
2008
2011
2022
2038
2042
2046
2050
2051
2055
2056
2056
2060
2063
2069
2073
2074
2074
2080
2092
2092
2095
2101
2104
2104
2106
2108
2109
2118
2120
2155
2157
2166
2172
2172
2183
2184
2184
2189
2190
2192
2193
2196
2206
2207
2215
2215
2219
2227
2236
2241
2247
2247
2249
2269
2271
2274
2280
2283
2286
2287
2296
2304
2320
2322
2328
2328
2329
2331
2337
2347
2353
2360
2364
2367
2374
2381
2393
2395
2396
2397
2402
2405
2409
2412
2415
2420
2423
2424
2433
2441
2450
2455
2463
2473
2475
2483
2484
2486
2486
2496
2500
2502
2509
2523
2529
2536
2537
2551
2565
2565
2582
2582
2585
2587
2589
2591
2592
2597
2604
2612
2616
2617
2618
2619
2620
2620
2630
2633
2640
2649
2650
2661
2667
2669
2672
2672
2675
2677
2677
2681
2687
2694
2699
2704
2710
2715
2720
2732
2752
2753
2760
2764
2771
2773
2779
2783
2788
2803
2806
2809
2811
2828
2830
2831
2845
2851
2853
2854
2857
2857
2875
2876
2877
2878
2878
2882
2886
2886
2888
2900
2916
2917
2930
2945
2951
2956
2958
2958
2964
2977
2981
2988
2992
3002
3010
3015
3017
3019
3022
3022
3032
3032
3038
3046
3051
3063
3075
3078
3080
3088
3094
3101
3102
3111
3116
3121
3129
3130
3131
3137
3143
3145
3146
3149
3159
3165
3165
3167
3188
3190
3190
3191
3195
3198
3198
3202
3216
3225
3228
3229
3235
3241
3245
3250
3251
3259
3261
3263
3281
3289
3296
3297
3305
3307
3308
3315
3315
3315
3316
3317
3319
3326
3328
3341
3354
3362
3364
3365
3370
3370
3386
3394
3397
3398
3399
3399
3399
3403
3414
3415
3415
3428
3428
3435
3435
3437
3446
3447
3465
3465
3466
3473
3480
3484
3491
3492
3499
3501
3501
3501
3503
3505
3506
3515
3518
3520
3520
3529
3532
3537
3541
3556
3576
3580
3591
3593
3594
3604
3606
3611
3627
3628
3628
3630
3631
3632
3637
3642
3645
3651
3656
3669
3673
3680
3683
3685
3689
3694
3696
3697
3700
3700
3707
3711
3718
3723
3725
3731
3735
3751
3757
3760
3761
3762
3764
3769
3770
3777
3778
3780
3784
3789
3810
3810
3812
3825
3836
3837
3837
3837
3837
3837
3840
3846
3847
3847
3849
3850
3852
3855
3860
3863
3871
3875
3899
3901
3907
3914
3916
3916
3924
3924
3929
3938
3941
3952
3954
3958
3969
3976
3978
3984
3989
3994
3995
3999
4003
4010
4011
4011
4018
4019
4026
4039
4041
4062
4069
4082
4089
4091
4091
4094
4100
4107
4109
4112
4120
4124
4129
4131
4132
4145
4153
4153
4154
4157
4168
4183
4185
4189
4189
4190
4194
4199
4201
4205
4207
4213
4215
4218
4221
4222
4223
4226
4227
4240
4246
4257
4264
4265
4271
4278
4279
4282
4282
4287
4291
4292
4294
4296
4309
4317
4317
4317
4325
4326
4329
4330
4332
4340
4347
4348
4349
4353
4358
4361
4365
4370
4370
4373
4375
4385
4401
4403
4405
4406
4415
4423
4428
4430
4443
4445
4446
4451
4454
4455
4461
4465
4467
4468
4469
4471
4471
4491
4495
4519
4519
4524
4526
4531
4532
4538
4543
4551
4554
4555
4559
4563
4574
4576
4576
4583
4589
4591
4600
4602
4604
4619
4626
4633
4634
4635
4639
4644
4646
4657
4662
4672
4677
4701
4703
4718
4725
4730
4753
4755
4755
4762
4762
4765
4771
4774
4780
4788
4793
4802
4813
4814
4815
4829
4830
4831
4831
4839
4852
4875
4888
4888
4889
4909
4937
4944
4949
4956
4969
4982
4987
4996
1000
4598
3629
2679
3664
410
1469
2495
2877
3386
3584
900
3893
3763
765
2627
3101
173
1545
2695
296
3952
1470
1449
2630
2084
815
3326
2584
1915
2290
3378
1313
2091
3104
454
2052
2337
1239
2793
2699
2208
2654
4052
763
2311
1677
4296
3209
2386
3485
884
3093
4111
2353
1489
3304
231
1555
2302
1232
694
191
4184
4548
4055
1508
3058
4417
4701
1447
2562
129
3964
2559
1899
1419
111
4267
4439
1114
3069
2935
1295
1908
4616
2789
2771
4598
2512
3623
488
4002
1362
2953
87
1862
1035
3496
2817
2489
3781
2682
3902
2767
1208
311
2217
4627
4226
135
1880
2932
841
3250
4549
3474
3172
3657
2655
1257
3330
1134
4668
2985
4518
26
3739
3680
488
1972
1819
1127
53
1234
2501
2798
1164
573
2250
2454
4026
2853
3184
1432
2986
3603
3389
1260
518
1927
2044
4261
3840
1773
1856
2874
3490
101
2855
830
2107
4164
4596
1478
3492
2950
511
455
4132
2449
3633
217
377
3045
3620
4281
4572
201
2811
899
416
3395
1708
1357
1383
1138
2701
2830
4687
1127
2688
4333
3051
2965
2854
4660
1053
4171
1377
2750
4064
3466
4221
4368
113
3191
2089
4140
4630
450
661
1802
2037
3040
4422
3413
1988
969
1826
3776
2322
1030
4551
1878
1007
1457
1847
4153
2562
4670
2134
726
2731
4064
2342
315
1477
4009
1884
3708
1559
2721
185
4090
4270
2574
1296
2477
3773
1298
3174
207
1095
2372
4376
3479
362
1429
2707
1504
3187
3434
408
3461
1852
2007
3893
4254
3309
1801
908
2750
4104
1392
1213
114
517
348
2338
3425
847
2253
2288
2174
571
3922
2472
3272
1369
4221
3667
3917
1401
4122
4308
4177
173
3953
3288
1649
4466
2097
3242
2303
4448
2659
1247
4614
136
6
373
2058
3904
2568
912
684
2473
788
187
3638
1216
1272
1525
2430
133
2472
3457
4196
1770
4647
1955
246
1860
1262
2188
2489
4154
1806
121
3847
4067
3065
2895
222
4230
3511
2876
2746
496
4045
860
3587
3758
3192
438
501
4462
3503
488
1766
3484
4063
1861
2413
2379
3329
3551
263
3504
1825
3102
837
3544
1807
3270
2160
3130
3357
293
596
4104
1423
1556
2956
593
4072
257
1104
3692
2945
3719
2402
2485
1657
3379
4564
2335
2833
390
3399
1700
1564
1994
847
4099
3727
1137
4136
3830
4234
4211
3375
4456
1702
1745
1315
4292
334
4154
1542
487
1771
3485
3605
2486
175
1940
1116
2771
965
24
4567
2205
675
1079
1683
3452
4171
1921
375
2041
4411
4443
3224
861
4519
2121
738
2970
2243
2264
1030
275
1270
804
190
1580
3527
968
3817
3236
2064
24
4358
3391
2603
4207
2538
3927
1593
1177
2767
3851
3167
4606
2992
845
4243
1474
848
265
4544
1065
1889
1683
657
2887
3195
2152
3923
694
4701
963
3598
2442
2897
2283
148
349
4365
156
4568
884
2817
1978
3685
3072
793
1501
14
3759
3627
524
2821
2485
353
595
271
2376
4544
362
2754
3178
3504
111
3331
1418
447
2633
184
2630
178
3321
3528
1904
3042
2417
4038
1482
4309
2779
2835
3005
3875
936
3425
2159
3192
4058
1630
2054
658
4248
4197
4152
1105
436
3809
3194
3484
4005
3674
3079
35
3637
3088
4632
2869
1248
3905
530
4389
3434
2250
3914
4291
2932
2156
3544
4600
321
3575
2893
4288
4479
2022
2469
3206
492
912
2491
1288
4031
1228
1107
3928
1710
2904
1550
4231
3939
4441
1351
9
3803
3403
1101
130
3962
1401
572
3723
975
1537
4320
2503
25
1165
3122
2901
3730
3792
3878
2877
3842
1589
1095
337
1541
1926
3112
4028
65
2145
2085
3543
718
1787
2489
4403
209
629
4108
1753
1148
659
4655
3815
998
4480
3105
2448
1821
1040
3486
1069
2032
928
3309
1237
1378
2170
603
2340
601
2923
1819
991
1295
2087
4029
613
3928
74
807
947
727
1813
1693
1813
1013
3644
50
3421
4498
3042
338
1493
4524
3938
3587
393
4117
309
1026
706
1526
2684
1011
3152
2863
4701
1058
2451
230
4284
1352
1378
2379
152
1106
3276
2687
2910
597
3687
444
264
1178
4165
2170
2242
3840
2304
1287
776
3449
4313
551
3961
1456
3003
723
168
2043
3861
4634
974
1850
4503
3544
2276
711
2248
1976
4599
3240
1135
1053
266
4203
3343
2029
4124
2917
2761
3729
3455
1074
1241
3404
1518
2352
4223
2465
1540
271
2329
1134
315
1626
331
1878
3238
3978
4252
714
4099
4112
1327
2798
3339
4215
4258
900
2011
871
1621
19
2086
3407
2857
933
1230
4557
3111
2713
1095
790
4405
1594
4257
1718
1788
3573
2481
1491
4442
3445
2414
187
1350
447
429
2390
2326
3026
1489
1217
2972
4072
4425
163
2139
3625
1310
2517
4591
1299
1667
2435
2586
3968
2666
3812
3996
2000
2913
2826
3877
2248
3510
1249
4507
947
1420
1579
1184
3285
2952
2622
2803
3530
3749
2432
816
2706
770
1257
2158
3297
3146
3505
76
2288
3793
3231
292
98
927
2880
3225
1482
3995
2415
1356
1853
1222
1666
9
1087
2382
928
1561
3098
3435
3211
4127
2622
4196
552
1072
1026
4169
3443
1190
1435
4071
360
1025
1529
3784
425
1518
398
2481
4693
3262
641
3106
2207
4534
3678
1104
573
190
2172
1740
4081
3035
3907
3228
2176
3417
3890
4469
3968
342
4184
807
2447
4471
4443
4244
545
1935
2526
161
1892
2573
1051
566
2657
4197
2267
4705
3887
544
3180
312
3468
1831
3018
228
279
1359
1967
2320
1833
2272
4321
3170
1261
3463
1471
3891
407
2313
3438
752
3366
2559
2880
4378
4160
2336
4391
2271
90
2585
4474
2653
3053
848
3334
927
4488
4702
1259
1842
1946
2195
1727
2591
1160
50
331
661
2013
1720
