5000
5000
1000
1
2
13
20
21
26
27
31
34
67
82
85
86
89
91
96
98
114
125
128
134
134
158
167
168
170
174
175
176
178
190
193
195
202
207
210
211
216
219
224
234
236
246
249
251
260
266
266
272
273
277
291
297
311
318
322
332
332
333
349
352
356
358
359
360
366
370
371
373
376
381
382
384
393
395
401
404
405
406
431
436
438
446
460
466
470
470
471
476
476
486
486
488
495
496
502
507
514
525
526
548
564
565
584
602
603
605
608
609
613
615
628
634
637
641
644
645
646
651
654
659
669
682
685
691
692
693
693
705
717
726
730
732
736
740
750
755
757
764
771
775
776
780
796
802
805
809
816
817
822
837
863
869
872
872
898
902
902
913
921
944
949
950
952
967
970
974
975
978
982
983
983
989
996
1002
1010
1011
1015
1024
1024
1026
1029
1034
1041
1048
1058
1063
1069
1074
1077
1088
1092
1094
1098
1109
1116
1116
1120
1121
1124
1126
1131
1132
1143
1153
1156
1162
1165
1167
1167
1173
1175
1190
1193
1202
1204
1206
1206
1207
1216
1217
1217
1222
1223
1225
1229
1238
1243
1249
1256
1257
1265
1267
1279
1286
1295
1296
1297
1315
1315
1316
1317
1327
1328
1329
1340
1341
1348
1349
1350
1357
1360
1360
1365
1369
1370
1376
1377
1378
1380
1380
1380
1390
1390
1390
1391
1395
1398
1416
1419
1421
1444
1446
1449
1449
1455
1473
1473
1473
1474
1478
1484
1484
1504
1506
1508
1512
1519
1527
1528
1554
1560
1569
1583
1583
1584
1591
1597
1605
1606
1629
1637
1638
1646
1646
1646
1650
1659
1660
1663
1663
1664
1666
1672
1673
1679
1681
1686
1697
1711
1711
1713
1714
1714
1722
1733
1734
1735
1736
1748
1749
1753
1758
1760
1760
1767
1769
1769
1770
1774
1784
1790
1793
1793
1806
1810
1812
1813
1823
1831
1831
1833
1833
1838
1845
1849
1855
1856
1858
1859
1866
1870
1889
1894
1898
1903
1906
1914
1919
1937
1950
1951
1963
1967
1969
1969
1978
1985
1987
1991
2021
2024
2027
2030
2030
2033
2039
2044
2045
2057
2061
2062
2062
2071
2073
2081
2085
2087
2096
2099
2105
2108
2108
2121
2135
2146
2154
2162
2170
2181
2190
2191
2203
2204
2209
2217
2220
2223
2223
2231
2232
2241
2243
2268
2268
2269
2282
2285
2286
2293
2293
2300
2301
2305
2309
2309
2319
2326
2339
2341
2347
2348
2365
2366
2382
2383
2384
2385
2386
2395
2395
2396
2409
2415
2420
2422
2424
2429
2435
2436
2439
2442
2444
2447
2448
2449
2454
2456
2461
2474
2480
2493
2499
2502
2502
2524
2540
2541
2542
2544
2551
2552
2559
2574
2580
2582
2585
2593
2598
2601
2632
2637
2641
2656
2659
2666
2672
2673
2674
2689
2696
2700
2717
2718
2723
2729
2732
2733
2734
2741
2750
2754
2757
2757
2763
2764
2767
2769
2769
2770
2776
2777
2789
2794
2796
2797
2802
2808
2823
2834
2840
2841
2845
2848
2848
2854
2859
2862
2876
2891
2891
2892
2904
2909
2911
2916
2921
2932
2932
2935
2935
2941
2948
2949
2950
2956
2966
2967
2968
2970
2971
2972
2974
2976
2977
2985
2987
2987
2991
3000
3000
3002
3009
3010
3016
3030
3042
3044
3053
3059
3062
3067
3074
3074
3088
3091
3092
3092
3100
3100
3103
3118
3121
3123
3123
3126
3132
3141
3142
3147
3150
3152
3158
3165
3165
3177
3177
3184
3186
3187
3190
3197
3209
3223
3227
3233
3236
3241
3243
3244
3248
3250
3254
3255
3256
3266
3276
3276
3280
3281
3283
3298
3316
3318
3321
3323
3325
3326
3328
3334
3336
3340
3341
3343
3349
3352
3360
3362
3366
3378
3380
3385
3386
3387
3390
3393
3398
3406
3410
3424
3431
3431
3440
3450
3458
3461
3462
3462
3469
3474
3484
3485
3495
3496
3498
3506
3513
3518
3520
3528
3529
3537
3539
3539
3541
3544
3545
3545
3554
3562
3564
3566
3567
3572
3573
3573
3575
3579
3581
3584
3589
3589
3593
3596
3603
3616
3621
3623
3627
3633
3647
3648
3651
3653
3653
3658
3664
3675
3694
3694
3697
3702
3703
3705
3712
3716
3720
3729
3739
3740
3749
3771
3772
3779
3782
3796
3800
3802
3803
3805
3807
3810
3813
3815
3820
3836
3842
3847
3848
3863
3867
3872
3873
3875
3883
3885
3885
3888
3890
3893
3895
3904
3912
3912
3913
3921
3927
3936
3937
3940
3940
3947
3952
3954
3956
3957
3958
3959
3964
3971
3972
3979
3982
3985
3989
3990
3991
3993
3993
3997
3999
4000
4008
4015
4017
4019
4023
4032
4038
4042
4044
4047
4052
4059
4061
4061
4080
4090
4096
4104
4106
4118
4120
4121
4147
4148
4151
4163
4169
4172
4172
4174
4176
4184
4189
4210
4216
4225
4229
4229
4231
4238
4248
4254
4259
4266
4270
4272
4274
4275
4281
4283
4283
4298
4301
4302
4307
4313
4324
4331
4339
4343
4345
4345
4346
4366
4367
4371
4373
4375
4378
4382
4385
4386
4394
4396
4411
4413
4420
4426
4427
4432
4436
4445
4446
4446
4447
4447
4447
4451
4452
4456
4460
4465
4470
4471
4478
4478
4489
4491
4497
4499
4499
4504
4505
4511
4515
4520
4541
4543
4545
4551
4553
4554
4554
4554
4556
4557
4566
4572
4574
4575
4579
4579
4585
4597
4601
4602
4603
4605
4608
4614
4623
4627
4640
4643
4644
4648
4649
4659
4666
4669
4675
4679
4683
4688
4690
4694
4703
4704
4704
4716
4716
4716
4718
4728
4731
4733
4740
4752
4753
4761
4764
4767
4778
4780
4784
4786
4787
4788
4793
4803
4806
4808
4809
4814
4817
4827
4833
4843
4844
4845
4847
4850
4854
4872
4874
4881
4888
4889
4899
4904
4908
4909
4910
4931
4935
4940
4941
4942
4942
4949
4950
4971
4975
4980
4980
4985
4993
4995
1000
3202
3634
4020
1040
3054
2067
1289
36
1156
2771
2994
959
2622
1434
2119
2674
776
393
4358
3907
3094
3166
3221
638
491
3429
1739
2516
1669
771
3178
2867
4485
548
2112
2261
3640
194
1767
4794
4717
361
3291
2237
2447
1857
1446
2261
2325
4236
4559
3264
2787
3095
134
2592
206
1334
4825
2295
2142
3323
1680
4578
794
4979
861
1085
3061
1351
1879
4261
4344
229
1054
428
1745
4910
4982
1706
928
1946
702
3638
3453
3162
3956
4480
44
3225
1365
4805
4747
298
2939
2596
2210
4711
94
487
2057
4006
543
2912
573
708
3342
583
4114
2111
61
2449
1048
3725
3160
2597
4204
3146
3852
2881
3215
3209
2899
3107
4142
225
2493
3962
2647
2937
3587
1446
3398
3812
1829
1000
2994
3390
3004
660
1815
2279
2196
4013
3402
3512
664
3698
618
4894
26
2512
2282
2073
2996
821
1652
3375
2212
1761
602
4677
1141
1007
2989
3713
3487
2583
4022
2231
2011
2482
3176
1077
798
2637
2883
4801
3139
3144
3041
796
3472
524
4339
4517
3584
3084
3896
4798
1645
2018
4004
1100
1476
4855
4905
3664
1470
2158
783
2858
1210
1096
430
33
52
3857
84
783
2436
4912
1237
731
1476
1859
3474
4276
2472
1821
427
2525
1106
2003
785
1574
258
4773
4503
2707
2480
4909
3740
3972
690
836
1644
843
1603
3150
4767
4706
1583
632
1509
2475
1938
3050
1946
2031
2886
271
955
676
3051
3941
223
1247
1783
931
4178
4663
3099
4328
4791
1847
1683
4449
4891
269
583
4587
4837
40
2604
2991
355
1751
4568
144
606
187
2257
4786
3320
4839
4145
799
2722
942
3736
261
1025
3883
4191
4142
3591
3424
1039
837
1507
4997
2350
1825
1954
3095
1583
3258
1408
2345
4087
3320
4014
1433
1039
3640
4890
1787
63
778
1264
3881
1573
3460
1409
459
4635
3022
4357
1028
1277
3113
2748
1820
3409
692
1322
4151
2808
3075
2699
4547
804
1695
2985
4944
895
3655
4251
932
4201
834
4273
1128
2216
4812
1157
4047
988
2178
4413
168
2093
925
1753
4188
2298
995
318
4684
19
2161
4601
3204
500
4376
4620
322
1783
2243
3883
995
2495
383
3853
3970
2171
4396
2532
4356
1479
686
1885
3208
1999
1265
2198
3624
4156
51
2102
1202
1546
2101
4913
406
4642
3263
2597
4394
4488
555
1664
2807
1023
3731
429
27
2364
4806
3874
4580
4638
1036
4047
3108
325
1109
3727
555
690
4577
3113
1952
2637
2913
1805
3597
4689
2316
38
4333
1423
2584
762
192
3979
1116
4242
3742
4315
4257
3178
2610
2102
3505
3796
3062
4945
1789
4043
2268
484
2578
1210
2180
2817
277
891
2224
455
2530
1024
649
3117
4856
4465
835
1544
422
2882
2618
2990
3138
3040
1905
2577
2336
2285
829
1525
4297
3769
4865
4096
228
4417
4827
421
4116
4451
939
4057
3735
3992
1860
2539
3393
3141
2871
1455
2306
4827
4950
4240
2940
2273
1756
4058
4042
2824
134
4298
3538
3889
1969
2049
2325
932
1509
2426
2729
2842
2322
4397
1726
1968
2375
3171
2324
3622
3698
2873
3927
1214
4890
3766
472
4698
3147
4932
526
3649
2432
3721
299
303
606
2267
2452
3989
2354
114
3766
2978
4956
3296
4715
1525
161
1772
1286
4020
3327
965
2677
1039
4451
4851
460
2650
3331
123
2325
3148
1636
1415
3863
2327
3200
1444
4614
100
462
3431
3881
659
2601
2208
3009
4246
3066
3552
342
641
1767
1879
1468
3234
3497
4214
3075
3488
3995
2009
4242
724
782
2454
4585
2931
816
4712
4354
423
1356
1135
3871
943
1230
1505
2085
2088
1236
2504
3959
4550
1775
1575
1504
3525
631
3784
1932
3737
368
2450
4171
712
4032
1906
3776
3900
3252
2290
3571
2118
4450
3528
4743
309
317
4408
4635
3765
718
2742
4744
4043
4088
24
4713
2543
3432
3187
3899
1927
2268
4523
4375
956
4389
732
1537
974
1290
108
974
1133
1839
4368
4827
1293
4024
479
3462
3811
839
4885
2362
221
539
1565
3600
328
4907
4187
1696
211
2410
1284
204
3366
2112
4866
790
2078
777
3443
4136
3491
4756
2688
603
3187
492
1288
596
485
1456
2336
398
4763
1050
4466
19
1501
2879
3471
2077
705
4099
461
1335
517
730
2429
822
3313
4925
3279
3562
198
3978
1659
606
4428
4902
597
848
590
2518
1902
3447
3965
696
4957
3196
480
1098
3905
4635
3835
3133
760
4209
2662
169
822
3781
3056
3213
2360
3210
1080
1445
4449
4028
4243
313
3839
2818
2977
4739
1911
3061
1945
3343
2034
2341
4715
1433
3248
1280
2775
3246
3832
4630
1099
182
1081
2984
4296
2192
1950
3461
746
4602
2905
2035
2806
3869
3058
1646
1028
1542
952
144
1220
2170
2017
964
3089
2521
1606
3356
1557
4856
4937
2493
2515
962
4309
1176
3976
2476
1634
2076
1384
4804
4183
3174
69
4827
2401
1507
2226
3873
2201
906
1503
2386
4521
3277
4331
40
3972
3437
3481
811
1427
1626
1957
4275
2366
4176
1434
2326
2501
1888
3876
1284
89
3499
787
3049
56
3012
27
2729
1116
2393
3556
3758
1366
984
452
2895
514
3215
926
3821
2043
2584
3534
4211
2067
2299
2430
2184
2325
4987
1281
4787
4722
4496
1768
3143
1711
3699
4715
2237
4607
2461
4703
2310
2662
4069
1204
2569
4636
2877
721
3122
492
4556
1505
3568
4262
2077
4240
1854
3331
3994
4801
961
4532
3391
4701
3366
1508
419
2991
2040
4688
4901
1107
2090
2395
3922
992
3830
3931
3429
3234
984
1281
976
4164
3878
4884
3014
1371
2484
4703
495
4223
1642
4306
2351
4746
4070
3199
1228
4557
2699
4954
3901
3781
961
4371
771
1479
906
292
1362
4054
91
3858
2554
