5000
5000
1000
4
14
15
20
28
36
39
56
61
62
68
69
76
76
77
81
88
102
106
121
124
125
125
126
127
127
128
129
131
137
149
166
178
179
180
181
182
184
187
188
189
190
192
195
196
199
205
210
212
214
225
226
230
235
249
250
250
269
278
294
301
301
307
310
311
322
323
326
327
329
334
337
339
342
345
347
352
361
368
370
372
374
374
375
377
381
387
395
395
398
403
415
422
425
432
434
436
438
441
443
449
457
463
467
481
485
496
517
543
555
557
576
581
592
593
595
602
603
613
616
622
627
628
629
631
634
635
635
638
638
650
651
652
660
665
668
677
677
680
682
685
685
690
695
699
700
705
706
716
720
726
726
733
737
742
749
764
767
776
798
798
800
808
809
815
821
826
827
829
831
832
835
837
839
840
843
843
856
871
893
901
909
912
916
921
924
926
933
946
949
950
958
971
977
984
985
996
997
998
998
1017
1019
1021
1023
1024
1041
1055
1056
1058
1059
1064
1070
1074
1075
1076
1079
1079
1086
1094
1095
1101
1103
1106
1110
1116
1123
1128
1133
1141
1144
1153
1156
1159
1163
1172
1183
1198
1206
1208
1215
1220
1222
1222
1227
1235
1242
1244
1250
1254
1259
1271
1271
1282
1283
1283
1287
1289
1291
1294
1300
1301
1302
1302
1303
1303
1309
1317
1320
1334
1341
1344
1358
1364
1368
1370
1377
1380
1381
1384
1385
1386
1389
1391
1398
1410
1414
1427
1428
1428
1434
1434
1437
1444
1445
1449
1450
1459
1468
1479
1496
1497
1502
1504
1513
1521
1521
1522
1527
1529
1541
1549
1549
1554
1554
1556
1556
1556
1563
1567
1571
1572
1574
1575
1578
1580
1589
1591
1604
1606
1606
1610
1616
1616
1617
1621
1622
1623
1629
1639
1643
1666
1670
1672
1676
1680
1681
1682
1701
1701
1703
1705
1710
1728
1738
1741
1742
1743
1744
1747
1753
1766
1769
1770
1777
1781
1785
1787
1790
1790
1812
1817
1817
1818
1822
1823
1840
1842
1849
1850
1850
1851
1860
1862
1862
1863
1864
1865
1869
1876
1888
1890
1895
1896
1898
1904
1904
1914
1926
1928
1937
1945
1947
1952
1967
1978
1984
1985
1989
1992
2009
2020
2021
2022
2037
2042
2044
2047
2058
2063
2063
2065
2066
2092
2102
2102
2106
2107
2107
2108
2115
2116
2119
2123
2124
2127
2128
2129
2133
2142
2142
2149
2150
2159
2162
2163
2163
2172
2181
2191
2191
2193
2208
2210
2210
2212
2212
2213
2213
2233
2240
2241
2242
2257
2263
2263
2266
2282
2287
2297
2299
2299
2311
2317
2322
2337
2337
2342
2343
2346
2346
2347
2349
2359
2369
2372
2372
2379
2381
2384
2397
2399
2405
2409
2422
2428
2431
2454
2462
2471
2476
2478
2482
2495
2499
2501
2501
2503
2509
2516
2516
2524
2524
2527
2535
2536
2539
2544
2566
2568
2577
2580
2586
2593
2605
2609
2611
2612
2614
2615
2616
2621
2622
2627
2630
2643
2664
2669
2679
2682
2684
2687
2690
2702
2711
2713
2717
2720
2721
2724
2731
2741
2748
2750
2757
2762
2771
2784
2787
2792
2805
2809
2809
2812
2814
2815
2817
2822
2823
2831
2839
2840
2842
2843
2847
2851
2852
2854
2854
2863
2866
2870
2873
2873
2877
2882
2883
2905
2920
2923
2931
2933
2936
2941
2957
2959
2960
2961
2965
2971
2977
2986
2999
3007
3030
3031
3032
3034
3036
3044
3047
3048
3049
3056
3059
3061
3061
3063
3069
3071
3071
3073
3074
3074
3090
3103
3104
3106
3121
3127
3128
3145
3151
3155
3155
3156
3163
3170
3172
3189
3194
3196
3204
3210
3223
3229
3249
3255
3258
3259
3260
3266
3278
3286
3286
3295
3295
3296
3301
3304
3305
3305
3311
3317
3320
3335
3339
3341
3343
3344
3346
3348
3370
3377
3384
3394
3395
3405
3407
3411
3421
3426
3429
3450
3455
3457
3460
3464
3470
3483
3486
3486
3487
3502
3506
3507
3522
3531
3533
3543
3551
3551
3553
3560
3578
3578
3580
3584
3585
3595
3597
3603
3607
3610
3610
3611
3619
3628
3637
3645
3650
3651
3657
3658
3662
3669
3675
3677
3679
3684
3690
3693
3698
3703
3703
3711
3713
3723
3725
3731
3740
3746
3748
3750
3752
3752
3755
3760
3762
3766
3772
3776
3776
3779
3779
3783
3791
3801
3811
3812
3818
3827
3830
3834
3836
3851
3853
3860
3865
3867
3867
3870
3872
3872
3891
3906
3910
3913
3916
3923
3926
3928
3934
3951
3954
3956
3957
3957
3965
3966
3972
3977
3991
3994
3996
3999
4002
4004
4006
4006
4014
4029
4033
4035
4038
4039
4042
4053
4062
4067
4070
4076
4077
4084
4089
4093
4099
4103
4113
4113
4114
4120
4130
4134
4138
4142
4144
4150
4151
4158
4168
4172
4178
4179
4183
4195
4196
4196
4197
4206
4208
4209
4213
4218
4223
4223
4232
4232
4235
4237
4238
4240
4250
4255
4256
4266
4270
4270
4273
4274
4275
4282
4283
4285
4295
4302
4303
4304
4306
4307
4310
4310
4319
4321
4324
4330
4331
4335
4352
4353
4354
4355
4358
4358
4360
4364
4366
4377
4393
4395
4398
4405
4405
4411
4423
4425
4426
4428
4431
4436
4441
4449
4454
4465
4465
4465
4474
4475
4477
4489
4491
4498
4500
4500
4503
4503
4504
4514
4519
4521
4532
4534
4535
4539
4539
4541
4547
4548
4550
4559
4560
4562
4566
4567
4588
4596
4604
4607
4609
4613
4614
4624
4627
4631
4634
4647
4647
4649
4650
4653
4671
4674
4676
4677
4679
4682
4683
4684
4711
4730
4733
4738
4753
4760
4766
4770
4773
4773
4778
4784
4803
4811
4812
4822
4823
4827
4830
4843
4861
4870
4873
4875
4883
4887
4909
4917
4919
4923
4924
4926
4928
4942
4954
4957
4969
4973
4976
4982
4987
4992
4994
1000
3367
4704
1354
2913
1545
1927
1138
4159
639
2537
1188
1452
642
1209
3859
2485
812
1757
422
3741
465
1326
2792
305
2100
3998
2038
754
284
2861
4147
1901
1681
3838
4562
3136
2070
2795
1801
4751
4472
2699
757
4774
674
938
4268
2756
1214
3010
3713
723
21
4507
23
3951
4588
2108
515
1284
2587
4624
3828
814
2045
3409
3773
3574
4600
1158
393
31
670
3239
2468
3067
4537
2862
2416
2732
2839
1154
1952
3788
3659
753
100
277
4104
2802
2000
2277
3176
4390
933
2149
650
1611
2275
2561
2638
1753
1260
1167
550
4603
4664
3514
1716
334
1267
1691
1036
4898
1220
2936
1997
2733
3968
1684
3327
2
3666
2834
4224
1546
255
4885
478
3198
2008
2494
4951
3541
1746
1877
3889
4221
3360
814
1336
4661
3445
2989
1587
16
518
4944
2691
3370
478
1375
661
986
4395
873
1421
2177
910
394
2828
3287
3849
1727
2561
3099
3114
4518
468
3742
3375
3846
4333
2972
2682
701
797
1715
1973
1073
1661
1236
3023
2366
2305
2084
4387
3638
1965
4238
331
923
1557
4911
1746
1003
3669
2649
3309
4486
2818
3687
3661
1201
4701
2890
1700
923
2497
2530
1168
4275
3036
2713
4330
820
3408
3622
1400
1286
302
1392
1233
2071
515
2190
4878
4264
2192
2626
4685
3478
3559
2618
4694
4340
2132
1462
1824
1960
4579
1175
1741
3589
2733
775
1620
1450
2189
3287
1039
1415
4962
1402
1969
3708
1816
3883
1919
3997
4473
674
1665
3347
3887
4091
4365
1933
4615
3394
4238
1266
3919
1636
3253
4498
3532
1669
4490
1757
4094
333
655
3502
1705
2176
1971
1909
4223
1631
3214
563
4899
442
230
3224
20
4705
2079
4666
3534
2533
1825
641
3686
4953
2603
1840
4112
4039
865
2790
2221
4561
240
1041
4888
1670
691
1486
1100
662
686
208
725
3865
1837
2468
1526
4105
3155
1992
3527
3804
202
4196
4357
2830
700
605
393
282
3038
860
3191
2362
2097
195
3525
1285
3108
1334
1736
2954
4507
407
2894
573
875
1704
2741
4259
1726
1444
76
1395
2398
1210
4083
1671
897
4486
4168
487
592
4356
135
3525
1857
2338
23
2798
3427
4695
1505
1177
4640
2431
2239
1337
309
4724
1588
1538
374
3634
2431
4369
293
4688
4925
3527
3493
3182
3162
1063
918
4266
1616
507
4513
2246
2656
2904
2046
4050
1217
1028
575
2313
1687
1287
3252
3076
3300
3789
1779
1894
2037
102
3640
4247
2763
3056
3992
1751
4936
3376
545
1388
2973
1477
1829
4051
1267
4191
39
4429
2763
4604
2311
84
3575
3612
1341
2509
849
4343
256
4237
4037
4241
1151
1289
3577
173
3331
3961
3846
1954
4898
844
3032
2028
3253
3418
337
3995
4431
4599
3454
3168
776
522
3052
3369
4000
2544
857
53
135
4860
1643
2430
423
3706
2748
4444
1648
2916
1132
264
3709
2578
3762
4975
1159
3862
3104
4790
140
1952
2571
224
484
177
3468
2537
1084
1462
1372
4648
4373
89
1016
2498
4961
294
2238
3058
3077
3144
345
4929
1724
851
4626
2969
4323
1784
3647
3738
1152
1959
3861
1146
3780
150
1247
2504
3506
4719
1853
531
3747
1799
1382
245
1100
269
520
4209
857
1688
1638
2130
576
4037
3665
4748
798
2329
3073
1604
3073
3427
1582
3394
4911
1903
1999
1435
1652
4885
3614
443
489
3756
515
4084
3851
4436
2956
4497
1819
3497
3345
1672
2558
1309
2147
2526
215
4397
2433
3474
2631
77
1702
2728
2865
4017
2843
584
736
3335
985
4299
1074
1154
1412
2759
3719
4768
1484
2472
3203
2307
872
1693
3967
2773
46
2149
12
2082
4367
4026
609
2838
2622
3553
1335
4500
4956
1587
1594
1180
4589
1642
2551
2304
2816
4454
2078
2252
4036
589
1909
150
3917
3232
2230
3632
837
2478
4673
134
2564
539
4311
1861
978
3413
654
3013
1430
3273
16
4625
2211
913
1742
242
4005
19
2504
2182
1900
47
483
4895
3543
804
541
3015
1607
2140
3675
562
4241
1188
1455
4044
4094
2355
3873
4723
4173
154
120
2500
1348
1749
3515
3135
4495
1284
3387
3007
3128
4716
542
2892
600
3904
4455
50
4870
3466
3678
2874
98
2260
2540
2512
2075
3330
4524
3432
894
768
4764
124
1691
422
3905
4865
4831
3939
3100
3888
1273
2773
1652
2669
3637
3995
4856
1612
3852
1149
4829
1847
788
2095
1175
594
85
3957
2636
1948
2546
4427
3082
4060
1790
891
3107
2644
2910
1248
215
3326
1386
1080
4577
1046
4130
75
2125
1524
4342
4277
1933
3779
3356
3411
3877
1393
693
1511
467
2099
2745
1806
472
3232
1254
113
2948
3044
1187
3155
2160
271
2006
273
1467
3903
1602
2006
4773
2480
668
1805
351
3389
3378
3836
546
2309
4135
4802
4832
938
3844
1619
652
912
755
3203
3110
1985
4946
1400
4052
1877
549
3246
1270
703
4324
1542
4308
1200
4119
431
1468
4001
772
160
3765
4953
405
3940
46
3174
3527
862
2969
4355
251
2584
630
1004
1885
1096
3015
3460
1569
2924
3740
1457
887
3184
74
2751
1289
3019
846
1555
2934
4208
2503
414
2385
3017
46
4569
135
1228
2957
3759
3914
1576
1588
661
3979
2118
1233
2680
4530
899
2195
1113
2031
469
4099
3274
2637
1428
1328
3386
152
1850
1485
1021
197
3354
1157
1781
3709
1609
2433
1894
3571
4036
768
3681
1937
167
1782
1224
1596
3472
2069
3770
4288
4623
1793
4190
4225
217
2497
2386
3320
1436
2890
4184
1997
4267
4484
325
4903
2164
3495
1582
3485
1670
3287
3044
907
3969
1349
951
2886
3851
1086
1424
703
3364
2930
4483
3898
227
809
394
814
354
1942
2453
3711
2943
385
3711
4548
3945
2765
2088
