5000
5000
1000
4
10
10
18
21
22
27
42
44
47
51
59
61
64
71
85
94
104
106
109
111
117
120
122
123
128
128
128
146
152
154
159
161
163
171
173
173
174
174
177
178
179
183
197
206
207
209
211
213
224
226
229
230
235
240
254
257
258
259
264
266
269
269
269
269
270
275
276
279
280
288
295
305
308
311
319
320
327
333
339
343
365
382
382
385
388
391
396
400
400
407
413
414
417
443
448
449
459
465
466
486
486
489
494
494
498
498
499
500
508
508
527
530
544
548
550
551
552
554
562
563
571
605
605
607
608
624
630
633
633
642
642
642
654
665
666
669
672
673
683
683
683
695
698
701
706
712
719
719
731
737
737
739
739
745
746
747
753
753
769
772
775
780
793
797
798
801
807
809
812
815
818
819
819
826
834
857
859
860
865
867
870
871
875
875
878
879
898
905
910
916
919
920
922
924
936
940
941
950
954
958
965
971
972
972
974
977
979
985
993
996
1012
1013
1019
1033
1035
1046
1050
1050
1064
1066
1070
1072
1073
1074
1076
1077
1081
1092
1103
1107
1112
1122
1128
1132
1132
1139
1139
1140
1147
1154
1155
1157
1161
1163
1168
1172
1173
1173
1177
1185
1186
1192
1194
1200
1201
1208
1216
1224
1226
1234
1237
1243
1247
1255
1256
1261
1264
1266
1270
1297
1309
1310
1320
1331
1332
1338
1347
1351
1351
1353
1354
1355
1367
1407
1412
1412
1413
1418
1424
1426
1427
1428
1430
1432
1435
1435
1445
1451
1461
1462
1467
1468
1477
1483
1486
1489
1492
1509
1510
1515
1554
1559
1576
1586
1591
1592
1593
1598
1600
1606
1618
1623
1623
1629
1630
1636
1645
1645
1647
1647
1650
1659
1660
1662
1666
1668
1668
1671
1672
1685
1686
1692
1703
1704
1706
1710
1710
1714
1722
1723
1724
1725
1735
1738
1742
1749
1752
1755
1760
1767
1768
1768
1772
1772
1773
1774
1780
1784
1787
1791
1794
1794
1796
1805
1806
1809
1815
1823
1824
1829
1838
1844
1845
1867
1868
1870
1876
1877
1879
1879
1879
1897
1898
1902
1903
1904
1907
1908
1908
1912
1918
1925
1929
1939
1941
1944
1951
1951
1957
1973
1973
1980
1994
1994
1996
2000
2004
2014
2023
2023
2031
2045
2051
2059
2059
2060
2067
2071
2072
2079
2080
2081
2084
2084
2085
2086
2088
2091
2092
2104
2106
2122
2124
2129
2131
2137
2148
2159
2164
2166
2171
2171
2173
2174
2179
2182
2183
2184
2195
2199
2199
2199
2209
2213
2213
2223
2227
2229
2236
2238
2246
2249
2260
2264
2267
2271
2276
2276
2278
2281
2285
2287
2293
2294
2297
2301
2301
2312
2324
2337
2339
2340
2346
2351
2351
2358
2361
2363
2369
2375
2392
2394
2396
2400
2429
2431
2433
2435
2444
2445
2452
2457
2480
2485
2489
2489
2496
2498
2500
2512
2513
2531
2532
2534
2536
2545
2559
2568
2570
2574
2590
2593
2595
2596
2602
2604
2607
2609
2618
2619
2621
2630
2630
2631
2635
2643
2652
2659
2667
2673
2675
2685
2692
2693
2696
2697
2704
2710
2711
2713
2716
2727
2730
2731
2731
2733
2734
2736
2757
2766
2771
2773
2774
2775
2780
2781
2785
2791
2793
2805
2814
2818
2827
2830
2840
2857
2860
2861
2865
2876
2876
2902
2911
2922
2923
2930
2948
2950
2953
2956
2963
2972
2987
2991
2992
2993
2996
3006
3011
3017
3017
3021
3022
3030
3030
3032
3039
3040
3046
3049
3059
3064
3067
3070
3084
3085
3095
3100
3102
3111
3116
3129
3134
3135
3136
3141
3141
3156
3170
3171
3174
3174
3187
3187
3203
3206
3209
3220
3220
3222
3239
3249
3256
3256
3265
3273
3274
3288
3288
3292
3293
3294
3296
3304
3323
3328
3335
3336
3340
3357
3358
3359
3368
3370
3372
3384
3384
3386
3386
3393
3409
3428
3430
3436
3437
3437
3438
3456
3457
3464
3466
3468
3475
3478
3481
3483
3490
3495
3499
3506
3506
3513
3515
3516
3521
3522
3524
3539
3540
3567
3569
3589
3591
3600
3604
3606
3611
3625
3628
3636
3640
3665
3666
3669
3675
3675
3688
3699
3701
3704
3708
3714
3715
3716
3721
3730
3731
3734
3736
3739
3745
3752
3762
3764
3767
3767
3768
3770
3776
3777
3782
3785
3786
3786
3787
3787
3789
3790
3793
3794
3800
3804
3808
3809
3811
3814
3818
3821
3850
3859
3865
3865
3865
3871
3872
3875
3876
3876
3889
3901
3908
3915
3933
3942
3943
3944
3953
3956
3957
3962
3974
3989
3994
4000
4007
4014
4016
4016
4022
4023
4023
4027
4028
4028
4036
4046
4049
4053
4072
4072
4076
4086
4095
4099
4101
4103
4106
4110
4111
4130
4130
4138
4141
4154
4161
4161
4163
4166
4172
4180
4184
4186
4205
4207
4215
4216
4232
4233
4235
4242
4254
4258
4265
4278
4283
4290
4291
4300
4308
4309
4311
4314
4319
4322
4329
4345
4350
4357
4360
4366
4367
4372
4381
4387
4389
4393
4393
4395
4397
4398
4403
4405
4405
4408
4422
4424
4426
4430
4431
4445
4446
4455
4461
4465
4465
4470
4476
4486
4487
4487
4491
4492
4495
4502
4504
4510
4513
4518
4520
4528
4537
4540
4542
4550
4567
4570
4583
4592
4604
4605
4608
4610
4616
4617
4618
4636
4637
4646
4654
4656
4656
4662
4664
4678
4699
4702
4704
4716
4719
4720
4727
4733
4741
4751
4757
4764
4767
4770
4771
4773
4776
4777
4784
4788
4792
4801
4807
4816
4817
4817
4817
4818
4821
4822
4828
4828
4830
4832
4835
4836
4838
4840
4840
4843
4846
4850
4859
4860
4863
4863
4865
4872
4882
4883
4885
4897
4903
4907
4908
4908
4910
4911
4918
4920
4921
4923
4927
4936
4939
4942
4944
4949
4957
4960
4960
4964
4965
4968
4982
1000
4561
216
2431
2683
3949
1400
4326
2501
2933
2365
1820
27
3843
2512
2739
1858
279
1583
3923
4794
1717
1522
233
1255
1819
1002
2308
2411
3954
2474
1105
4758
2574
51
538
3001
3293
2147
4938
3884
3977
4432
4706
3107
2882
1167
1051
2664
1175
1036
2873
4675
2927
1754
1384
1460
1977
1486
2064
869
2197
855
1224
2144
3892
4550
2466
1082
3984
2056
92
1801
4551
4662
4238
3687
2588
1240
1879
1735
886
4182
1100
1913
1256
4169
2044
2502
1724
4505
1121
934
1881
1625
2485
2892
3220
2278
3973
2280
2247
3083
746
1005
1840
1271
1766
3989
664
2101
2374
1593
852
4743
2093
1971
2600
861
2267
1027
1953
4542
2235
2732
1681
569
2035
1388
1448
1688
841
1422
1853
2689
4630
4521
4583
2379
4006
974
1158
3298
130
2895
883
4908
4832
735
1685
4194
2065
2258
187
490
1802
4671
2452
1358
4205
3752
927
445
1639
3885
808
3739
1380
2881
1263
4774
1152
2342
2220
4119
1333
3714
789
3882
1115
2247
1487
4082
873
123
3627
3089
2211
3337
1685
1065
3094
486
781
3427
3038
850
923
2710
4876
4491
3259
1543
9
562
2492
220
2891
2539
960
4672
1659
3516
257
1333
2421
4942
2032
1307
2520
1241
689
2034
4
3732
2534
3031
251
1615
3873
4358
1813
3915
556
4172
341
2874
391
4574
3640
2786
3507
3917
2234
4142
4005
2038
1523
932
1752
3415
790
4855
745
4195
1191
55
4025
306
3374
367
1747
4538
3852
566
1787
3091
3021
3572
1480
4087
3881
3517
4178
3380
3955
3508
29
143
3191
3209
2660
3077
1313
2352
1699
3421
4595
4784
2847
3411
2734
2233
2232
766
235
1435
4621
4050
3451
2237
3783
3990
553
785
3237
776
1254
4749
4239
16
4225
3768
4838
1831
1653
843
2120
2310
286
4904
1690
2198
649
3952
2122
4438
2503
485
4612
2679
3460
2914
106
4578
81
2500
3086
4715
2427
1588
4315
4086
3655
2431
3188
4784
674
1315
4839
4933
542
4183
721
3314
4274
4042
1238
1333
3809
3591
1064
1157
1217
574
3850
2451
4055
3411
2672
4857
3114
1728
2028
400
3655
1528
3145
2196
3257
2944
1633
676
389
1873
1820
3790
3448
4138
1343
1048
1206
4931
1319
3754
1182
1979
473
4402
1734
2519
4271
350
3325
76
4967
3023
1427
2206
3068
4782
2325
2481
2915
2582
2795
2764
4616
765
3749
1961
4025
3604
1712
2222
3944
4269
2379
2997
4676
979
4212
1432
2186
993
4385
3069
4068
292
2574
3930
1600
1897
1636
4343
4080
747
4633
1774
959
3617
3274
1832
3323
3720
3653
42
3453
2942
999
3193
2551
4827
4861
2006
2638
3131
2918
3785
2612
4346
489
491
839
2004
3567
1001
773
188
1173
1922
2688
2639
2233
3004
4716
852
1479
3054
1677
2471
3304
1183
2484
3001
1146
4885
4047
4926
87
1664
4919
2339
3854
778
206
2376
4374
4136
4635
76
1448
4285
3619
3731
3934
3352
4508
2791
826
774
1130
2652
1391
4480
2277
3881
1849
2448
494
11
1047
4633
4420
4550
636
2554
4431
2472
1979
4865
2389
2808
526
601
4373
1468
3116
2575
4480
1274
88
3039
2971
1403
2976
3678
4082
1046
1408
700
1087
1823
338
1637
366
3279
1975
528
4841
1823
1804
3652
679
3996
1652
1467
905
4528
2856
1402
3214
2843
123
2949
91
1591
70
3000
895
426
115
4345
3867
4598
3989
3352
398
838
4815
4164
1908
3927
3698
1126
1091
3146
411
1576
1017
4191
1158
3651
515
4812
3627
4614
1342
2356
2784
986
1970
1409
1821
1405
2020
4380
4865
2072
4833
857
2838
963
668
776
203
299
3566
4500
1781
4405
1763
1847
4838
245
997
1841
1111
4075
3255
4168
3434
375
428
1487
3144
1828
672
2949
1788
2218
4064
1454
186
592
1884
4451
2571
1845
386
2928
3160
3884
2508
70
3271
576
1166
3864
1701
4737
3855
3561
1743
504
4525
638
2440
927
4893
4960
2615
2107
2057
1877
607
2731
836
4366
2263
2027
68
2265
2272
2180
1333
733
3674
2823
3245
380
1533
4531
4922
4808
3934
1184
1490
786
311
4778
1090
4177
1045
2583
17
3802
4174
3402
3690
627
3218
3847
3994
1272
1554
1491
2621
3130
4631
2349
3526
1200
1219
751
731
1501
1758
2930
4932
1284
3502
4617
4628
1854
4220
1027
3916
480
4791
2544
1213
3850
3186
3780
1450
1221
105
1967
2739
3405
961
956
1016
1476
249
3496
4025
757
2751
2882
4281
4946
4952
4519
4062
3056
947
2512
3049
2684
2069
712
737
3506
3761
1917
4325
2893
3598
702
3415
3950
1126
1143
4533
1094
1585
2299
1075
3448
4218
636
4949
3984
1291
1829
2731
522
2998
584
2162
3354
3630
3812
2026
2718
4618
225
835
1113
3171
4816
3642
3455
2857
2094
3202
2758
3487
4375
1489
4184
3382
3820
3361
1163
2086
196
322
509
675
113
82
4722
4473
135
3334
1997
2881
2565
1472
719
3491
4159
2407
2941
1818
4760
53
2652
4396
245
1530
3845
2624
3729
2999
1666
2892
4615
4796
2057
3683
4631
2444
4085
4564
444
1472
2025
4427
1172
1562
1780
1911
2657
1464
1593
4524
788
2290
379
4002
997
3513
3237
407
3387
2034
2163
1680
185
2459
4644
3184
190
3762
1048
3234
265
810
3343
2628
1050
1160
3311
2297
3918
4221
3547
3303
991
3425
3565
3847
1984
3985
1206
2956
4928
1632
2675
3429
1797
3053
1244
1695
2023
1608
1981
3416
3422
3612
4743
4780
3067
3592
1021
4174
2732
1782
4290
2041
4814
1816
2893
1116
2704
2648
1184
1255
4160
3310
2120
3295
270
1726
3203
514
2112
4964
2888
3935
901
4053
4431
1845
274
3565
1018
1486
2406
2212
260
3332
3823
4816
2367
1564
3584
