5000
5000
1000
1
10
20
23
32
33
43
44
46
54
54
56
59
60
66
67
72
73
81
82
82
84
93
94
98
109
110
118
124
128
131
136
140
150
163
165
172
180
180
183
191
195
196
205
209
213
224
226
230
233
236
238
241
246
249
253
254
257
260
272
276
280
284
286
287
288
290
294
296
307
308
312
316
321
323
326
329
329
333
336
362
374
377
391
391
396
406
414
421
427
428
436
446
451
456
458
460
462
472
483
487
487
489
503
507
512
513
520
524
524
525
531
532
540
546
553
561
561
564
567
568
574
576
578
588
590
593
599
604
613
616
620
627
642
644
646
650
651
653
655
657
657
660
666
667
669
669
672
681
682
685
688
690
690
718
727
731
734
740
741
741
744
745
751
755
757
760
762
765
766
774
777
793
797
797
801
805
808
808
816
821
824
825
843
846
852
853
858
867
870
876
878
879
886
887
888
893
901
908
910
910
922
922
923
935
938
939
939
947
968
970
979
983
984
995
997
1002
1003
1009
1009
1014
1017
1017
1020
1021
1028
1029
1051
1052
1055
1058
1064
1068
1070
1072
1077
1092
1098
1104
1106
1108
1109
1125
1125
1127
1127
1129
1140
1144
1144
1145
1147
1153
1153
1155
1157
1160
1167
1168
1173
1174
1187
1200
1213
1218
1218
1221
1224
1225
1226
1230
1245
1249
1251
1259
1260
1264
1264
1274
1279
1293
1294
1312
1319
1322
1323
1327
1336
1341
1348
1354
1360
1361
1362
1364
1376
1388
1394
1396
1402
1407
1409
1432
1434
1434
1438
1442
1442
1444
1444
1445
1445
1448
1448
1449
1449
1455
1457
1466
1469
1473
1486
1486
1492
1498
1500
1511
1549
1549
1559
1561
1562
1563
1565
1567
1577
1580
1582
1584
1585
1598
1600
1604
1610
1612
1614
1627
1635
1636
1640
1645
1656
1657
1657
1659
1664
1667
1672
1673
1681
1681
1685
1690
1692
1693
1697
1700
1702
1734
1743
1746
1751
1753
1764
1768
1773
1774
1780
1790
1791
1792
1800
1803
1810
1812
1813
1819
1819
1821
1825
1825
1832
1838
1840
1843
1858
1861
1862
1873
1880
1887
1892
1894
1894
1896
1917
1925
1929
1931
1932
1936
1941
1947
1957
1958
1965
1975
1982
1984
1986
1989
1990
1995
2001
2007
2009
2010
2020
2023
2024
2027
2032
2033
2039
2040
2040
2045
2046
2052
2054
2071
2073
2083
2099
2101
2112
2115
2118
2128
2138
2147
2151
2156
2157
2161
2164
2181
2189
2203
2207
2216
2223
2225
2227
2228
2234
2234
2235
2238
2246
2248
2257
2273
2293
2308
2310
2313
2313
2315
2315
2327
2342
2354
2358
2361
2362
2362
2366
2370
2374
2376
2380
2383
2385
2397
2402
2410
2422
2431
2439
2440
2451
2453
2457
2459
2460
2463
2463
2466
2467
2468
2470
2475
2478
2480
2490
2491
2493
2494
2497
2498
2501
2515
2516
2528
2531
2536
2538
2565
2567
2580
2581
2586
2592
2594
2597
2602
2606
2607
2622
2630
2631
2633
2640
2643
2645
2646
2650
2652
2654
2662
2662
2664
2667
2684
2692
2694
2694
2699
2699
2703
2706
2720
2741
2750
2750
2750
2750
2759
2762
2769
2789
2795
2798
2803
2815
2819
2822
2827
2831
2833
2843
2858
2862
2869
2870
2871
2879
2888
2890
2894
2916
2917
2918
2919
2927
2927
2929
2943
2956
2959
2971
2975
2976
2977
2981
2989
2994
2997
2997
3023
3023
3027
3027
3044
3060
3070
3078
3081
3085
3094
3095
3098
3099
3105
3116
3118
3123
3124
3125
3133
3134
3144
3146
3147
3152
3160
3163
3164
3164
3172
3181
3185
3185
3189
3198
3199
3202
3202
3215
3215
3228
3236
3244
3247
3258
3267
3273
3277
3282
3290
3293
3301
3303
3303
3305
3316
3338
3340
3346
3347
3347
3383
3388
3393
3397
3401
3403
3404
3408
3419
3425
3425
3427
3439
3444
3447
3461
3461
3466
3469
3470
3472
3474
3478
3482
3484
3492
3492
3496
3504
3515
3519
3523
3524
3531
3534
3537
3539
3540
3544
3546
3551
3558
3566
3573
3574
3580
3592
3596
3599
3605
3608
3610
3612
3615
3618
3626
3627
3628
3630
3634
3635
3645
3652
3667
3671
3678
3704
3718
3725
3725
3726
3727
3727
3736
3746
3750
3750
3762
3777
3779
3779
3781
3783
3785
3787
3787
3791
3796
3801
3807
3807
3816
3823
3828
3828
3853
3865
3867
3877
3879
3880
3882
3894
3908
3911
3912
3914
3917
3918
3921
3923
3939
3942
3942
3960
3963
3967
3967
3968
3971
3979
3980
3980
3995
4007
4008
4015
4019
4022
4023
4026
4026
4029
4038
4040
4048
4051
4057
4058
4065
4068
4069
4079
4082
4082
4090
4095
4098
4098
4100
4111
4112
4112
4119
4124
4129
4131
4137
4146
4149
4176
4185
4193
4195
4195
4197
4202
4205
4206
4207
4213
4215
4217
4220
4224
4226
4232
4241
4242
4259
4260
4264
4273
4291
4296
4303
4304
4315
4319
4323
4326
4337
4339
4339
4355
4362
4364
4373
4375
4375
4377
4396
4397
4398
4400
4404
4410
4417
4432
4439
4441
4447
4453
4458
4460
4462
4464
4478
4484
4484
4492
4495
4498
4502
4508
4509
4515
4516
4518
4519
4522
4527
4530
4539
4545
4556
4568
4573
4579
4581
4586
4587
4589
4592
4598
4600
4602
4605
4607
4611
4613
4619
4628
4640
4644
4646
4647
4654
4669
4672
4680
4682
4686
4687
4697
4700
4702
4705
4709
4715
4719
4732
4733
4736
4745
4746
4757
4760
4761
4762
4765
4771
4774
4776
4776
4783
4786
4786
4789
4790
4792
4798
4802
4803
4810
4810
4823
4831
4833
4844
4848
4851
4860
4861
4864
4868
4870
4876
4876
4879
4884
4887
4889
4895
4913
4916
4918
4923
4923
4934
4935
4950
4959
4966
4971
4979
4981
4988
1000
3271
286
2015
3180
702
3093
2994
2260
266
1468
4543
4073
2314
3156
522
3693
965
3714
4447
125
3160
2293
4391
3920
2513
2138
2037
2949
4932
4934
2119
219
1000
350
4148
3150
4604
256
478
3741
3254
1476
1273
4488
3548
4746
4731
3177
3884
251
4842
1133
3785
2939
3674
206
1521
2441
2320
4453
879
173
2320
2594
205
2481
514
3902
218
3652
1429
2405
1793
1201
4460
1323
2569
3524
261
260
1275
3917
3175
1129
4255
3678
2662
677
2801
4444
371
3333
2122
609
590
3812
2639
1461
1802
585
666
2843
2238
2502
1634
4091
2084
2720
1941
2504
4002
4936
1519
3136
530
1759
2555
3574
253
1636
894
4495
884
888
1764
4885
1136
1341
122
1172
2094
401
1270
3830
1924
2944
3997
4675
2736
3446
1677
3872
4921
4018
1837
2458
4949
3660
1242
1116
1367
610
4582
4967
1996
4259
4535
1109
2367
2396
4977
3773
1542
3504
2313
2062
4901
4407
3595
1398
18
1343
2863
3154
3654
198
303
469
3932
4710
192
3703
2703
2915
504
1234
2394
1488
2840
1297
927
1485
1368
1376
2184
410
4542
4647
381
1894
2873
898
4652
4136
4510
1707
74
820
4196
1831
4296
147
2654
2909
2974
2202
1909
4352
983
4943
1042
392
1600
3226
1937
3849
1703
4350
4223
4491
330
657
615
2038
4928
1076
4615
244
3415
3529
1392
3677
3542
4602
471
2940
57
2398
1903
3325
809
336
3030
3335
292
4224
306
3150
980
90
1921
1938
1335
4016
2410
4466
2299
2418
4180
1157
4472
1056
2406
2864
4737
1650
318
3487
1478
4373
1482
1078
3081
4920
740
730
1426
409
3320
575
851
550
2292
4915
4165
3188
2130
4949
2482
1246
3339
4315
4928
499
2165
2048
1597
1661
2643
4712
1552
3425
1948
4366
1914
4465
4606
4164
2681
2911
2732
743
1327
4700
2512
735
233
3036
4162
3151
2532
2538
4140
435
1245
1478
2531
4645
3896
1867
1741
244
1449
848
344
745
2005
4242
4788
3182
1746
3980
423
4445
1858
3023
4456
4762
3959
2140
3780
436
840
642
604
4061
168
2051
3236
1242
3891
941
3996
279
688
1411
3112
1271
1351
2412
1029
4576
1965
3888
4650
3073
22
2180
1055
113
3032
1736
1420
3898
548
3562
3403
2012
2600
3201
2734
3019
2161
4234
3603
2124
3940
4610
1760
3627
3568
1238
540
1021
3668
531
2203
2458
3894
3172
3748
4257
2840
1088
4710
2484
4898
277
3160
2487
4697
3943
3547
1197
1884
2946
4310
1743
4103
3820
2866
3806
3002
1869
1669
1876
2125
4810
3397
4828
1503
4559
2091
4107
847
3373
1116
852
3239
4778
3569
4169
959
1504
3957
2327
4570
3124
3496
4101
4191
2767
3805
352
4899
2596
1897
2489
496
4741
1452
3400
2921
2167
978
4020
4069
2338
4825
1437
1203
2336
1221
2884
3968
979
4449
178
3280
1632
686
2057
3308
3238
4080
4323
1181
2939
1343
4877
4265
1391
3550
37
898
197
620
3953
2043
403
2498
4679
2521
3053
1224
2002
2244
4709
1713
4772
4363
1234
691
2405
3242
4403
4175
1271
1037
811
1832
1816
3844
4967
2178
1880
57
3759
3207
4957
2210
4868
4197
1567
4464
1449
3942
4948
1320
4060
3822
1885
2266
1123
1489
3506
4924
4944
4833
1128
1217
466
3528
323
1209
2892
3964
49
2307
890
1593
4136
4120
1264
4363
3845
2454
2476
3904
4240
4393
285
4538
610
1161
1745
4227
2277
2668
1652
4532
1145
2328
1342
1376
2453
1618
88
225
3351
3766
4212
2201
4211
537
2734
2841
1151
3053
4225
758
94
83
4049
4704
252
2685
867
4486
4246
4117
2555
2853
1801
631
3815
3260
1994
1406
4385
4689
2487
1776
3718
1895
1667
4048
885
2234
1673
2325
2737
2993
1877
2789
1912
3250
4810
4787
1027
4927
3948
2437
982
1446
133
1927
1529
2504
918
270
953
231
3996
2522
4683
484
4566
2325
3829
3782
3654
4706
1243
2692
2541
389
2041
3452
771
3272
2078
4481
2495
1559
2613
4100
1681
4249
160
4957
4536
3275
4491
3717
1198
2540
2814
632
3317
2154
226
4024
959
3538
2531
537
3947
2296
259
2092
19
2770
4200
2309
5
1804
4759
2568
123
3891
2812
3075
181
385
3634
1914
776
4639
3390
3286
4602
723
867
4474
930
1743
2973
3119
2694
3036
1051
3676
4884
160
1481
1104
2097
4768
4457
1480
3632
3754
1314
290
2057
4238
1965
4659
4594
893
2752
4585
2539
882
1856
1168
1921
1255
3194
1599
470
917
565
181
4773
3654
3071
1240
1467
3476
1615
812
515
3236
2141
1246
3149
915
1233
2271
3819
381
2346
1219
2206
1078
1644
885
702
3924
4864
2847
37
2501
1668
3449
2066
1595
3851
4447
3314
4488
3338
3998
1098
1225
72
1687
4130
3927
200
2735
2747
1148
1475
2702
2600
2428
3602
4446
2663
2198
884
4305
1989
642
1903
1743
4772
3681
302
2567
4871
3455
791
2820
1560
392
1493
2341
4253
2246
634
776
3135
4984
4090
2512
3835
3529
4015
2980
4452
2060
3417
2255
3922
1340
4105
977
4687
1229
1300
3885
1746
3398
1660
3193
353
1975
4529
4913
4440
1755
730
4986
1354
2570
3260
548
426
4846
4506
2496
3416
220
2992
2972
603
4032
2383
3558
1197
4487
4129
4429
272
1187
261
1876
1445
648
1842
3969
2876
3537
980
3507
3076
489
3677
985
491
228
1028
2386
325
1326
196
2994
4617
4800
4815
740
760
4596
643
345
703
4267
3169
3961
898
3996
3861
4327
1143
2074
2141
4811
1190
3130
3313
256
459
842
2039
985
3485
598
3590
1763
2701
2965
20
4018
3233
1321
1239
4445
1110
563
1902
4539
2657
1868
1249
3656
1789
1940
690
96
683
3347
2394
2728
998
2926
2036
