50 21 30
274394 313869 611505 917270 6504 953644 904550 163380 511939 33711 570644 40761 987347 3544 722755 49936 492630 925791 567902 391367 560079 
800034 440888 284288 977395 535092 213898 703931 921460 83932 377184 595327 272201 13328 828648 820151 920928 734449 387523 962538 90676 490486 
134380 577576 44064 949207 751 260402 891748 453647 40515 636229 919874 94235 102181 704992 908504 232375 34562 926613 916066 132859 646150 
563680 987923 616508 376582 793050 560550 781158 360212 198195 45935 390732 593249 256434 244323 811861 87223 889514 189109 730182 179247 884032 
370296 79898 582388 154525 598828 561493 378618 750277 648268 288212 875298 339356 695303 535919 391569 756224 32149 128525 901252 777769 313393 
263869 597964 475145 336749 663628 750879 343444 261981 437444 591959 607017 627115 147234 468597 273375 704743 485636 593282 513432 572246 52201 
206392 176521 886508 29073 311954 242334 806230 278303 230382 913633 661995 179366 773539 594798 294849 362255 321641 686512 383419 957391 810210 
368085 232764 38551 224441 687824 744868 700649 141720 771399 910118 854158 673198 192830 535996 547764 489335 85355 422245 543405 620271 31106 
21015 781937 544810 909732 919171 568334 168698 456165 746070 185140 998529 792991 978543 61864 883418 211111 280818 438208 48425 812205 536837 
593878 942758 393511 596588 611985 274820 758252 453611 109558 747815 910876 304621 696222 257856 431496 249855 346019 133471 493563 917887 45553 
93392 856768 992272 415089 677424 828864 354323 923192 942969 267233 391594 211707 309875 177970 507942 829661 733222 929395 232868 859219 504337 
238625 114120 193885 503235 99946 116500 512476 84187 606686 519103 100122 510879 908666 336620 878930 694669 279019 988660 869018 826527 651425 
77696 534995 368917 294070 921775 12729 921121 602955 164655 219469 797422 974780 158631 617260 521962 774466 766635 410095 947330 528823 174919 
495628 154081 505946 397256 55603 561076 120266 30137 572595 413899 371394 559778 934677 574343 631045 360234 659270 442747 870009 145982 23893 
627209 430406 684857 904970 924687 95228 143731 796293 852396 820662 256317 946087 265278 841733 499073 89057 914545 393089 952289 896835 641138 
952158 156812 559910 345534 395877 687271 766311 710692 276252 825022 256732 15831 78711 878024 884076 839589 584728 472444 277501 772320 823818 
895152 483980 923504 31082 267749 50297 77611 199345 943904 176005 589788 639245 650736 8384 893082 33374 141862 545947 192689 600932 344435 
958845 442492 340303 259063 338158 895082 647104 681166 749970 749220 530800 374263 874077 611197 99949 89309 504179 593310 862541 240728 701268 
796440 416240 419895 984676 47697 37403 597241 684543 566917 84088 586129 669330 670072 146685 443994 262884 744489 557313 259107 438702 129261 
50006 981409 503012 954694 321865 583728 113106 531027 65394 516204 340821 998326 121916 202052 123115 721447 66473 993735 249545 299910 169494 
211676 134384 18872 636960 467616 972992 557594 27196 280975 566196 229513 218653 672857 891047 469146 151467 784579 559326 963168 597279 35767 
952261 360942 962413 331132 176902 973491 969134 662476 447299 786796 908018 52265 137507 724136 441691 73070 463833 252043 592067 903072 820490 
67433 326877 679220 795609 121054 42217 326568 297626 840567 556585 791328 865034 718711 890095 91566 960874 234447 609780 232342 600294 778187 
591300 305364 468694 683903 773005 773460 460148 811909 729451 686341 870905 134708 324949 357485 753513 233195 6834 596094 49303 632154 474100 
855511 766485 685574 90108 386099 582655 884291 446328 910219 112070 475816 390977 974236 556323 639705 834490 41506 152575 70546 704382 786288 
115857 783364 379494 544055 953750 792746 894335 354870 400368 207688 414268 10 914463 118498 730109 525503 340818 271155 954555 514984 757045 
885262 696526 785804 14506 209028 917744 952370 113669 817045 271171 373819 210776 12279 649962 973202 777346 650840 634732 420858 260461 673801 
561858 372065 855856 33037 812645 47138 199947 966702 545732 861484 651875 823165 827736 244051 104214 801330 910471 840741 466617 878400 893613 
377958 19370 777758 140424 882873 81785 739363 941136 561284 980676 841973 820372 231665 683826 369964 199093 625609 551021 792263 506839 446534 
102246 967004 189117 113024 200746 633420 749191 209259 655451 889959 916163 771705 363955 250205 360417 851119 121145 120921 928196 191624 707296 
974787 273979 193807 68678 232918 339387 483964 295857 952189 495864 581280 375074 928993 284705 716376 133238 993227 932287 272218 584095 990408 
622576 326327 142609 103170 495995 306470 394372 249827 538287 691742 334670 341311 500546 174514 112108 720979 261629 825279 128646 386079 482723 
410775 233451 189063 215637 87652 79742 388953 633888 287245 243719 452674 777771 690232 103204 502656 819249 210393 956886 642584 89395 681490 
86890 272808 97562 375287 12652 599741 232459 200535 366695 855024 725062 424540 852875 922533 19402 749181 927592 97333 997192 646406 570940 
53512 672344 812057 72624 594290 746525 838914 708910 85182 144761 558506 184676 160848 407171 779939 801810 982796 206293 552631 927968 363053 
713829 374556 601907 978252 776077 238879 239242 955424 727618 186257 908861 410421 795338 302908 500420 810517 104249 619340 214232 310526 726855 
178657 830812 17424 984710 683485 833004 232259 795707 717769 507957 730067 522923 628860 792110 823125 132680 600265 324021 236439 252261 159176 
364398 561364 526229 181664 646712 625309 104010 584833 106532 703049 805018 828806 99288 411587 937372 801787 979547 332259 411829 135220 616720 
547017 60958 375100 89494 562833 326061 233976 963221 872632 546550 683474 900438 200277 819035 604181 122329 473890 862453 17271 945456 869444 
828244 369560 889517 799935 762162 460118 607903 853359 165846 566799 792091 892246 211810 115360 241377 677379 643238 64216 908590 849728 534172 
598358 574577 218857 91471 438573 773374 611813 213512 146083 205994 107271 798818 826306 944521 392147 213664 267825 264903 79808 714718 357106 
418968 143616 422769 956000 77580 742678 201143 738628 872592 637292 596630 296550 203720 191282 838669 844006 25758 81666 764354 867963 221001 
299431 11070 384688 583107 552848 614143 19052 411033 763791 748754 395016 654145 604505 134021 807582 597580 802953 718741 723551 69166 317442 
921139 379437 258434 854128 309503 920624 361849 917119 493317 934341 102390 693682 521984 213942 790589 344680 669255 733474 122008 869106 738372 
752412 806570 80079 917893 186575 601314 132011 702585 590198 53588 853213 133715 4077 336807 785715 807749 230274 650815 445039 417947 684412 
806419 217348 794735 80391 595006 905342 635337 626025 200548 196909 744422 619475 219228 415118 752026 283260 781106 318939 819570 983256 79475 
637765 233552 769185 602510 853796 603720 609656 639280 813272 608350 669987 643549 631400 131992 640882 628414 143765 983472 219551 258527 931315 
350562 52272 703588 142950 879409 224497 832310 879720 700090 903902 603491 910435 944822 182463 188602 184186 225622 935359 51373 948188 25894 
436817 376950 783799 424519 6444 384819 168906 625169 574384 851048 729603 937283 195615 747101 156316 780348 535535 12045 326776 81778 717584 
447909 134082 640206 648393 930641 622552 517548 21197 615648 877417 358800 460445 313175 188890 645839 70590 888804 94025 342676 597002 849635 
752224 288296 202261 99273 539546 347810 422269 25509 113049 277289 442966 590745 3450 5807 499866 466025 809740 592853 581834 332236 185634 
1 2
2 3
3 5
4 7
5 6
6 7
7 10
8 9
9 10
10 11
11 12
12 14
13 14
14 19
15 18
16 18
17 18
18 19
19 20
1 4
2 6
3 6
4 6
5 7
6 9
7 8
8 10
9 11
10 12
11 13
