93
92
1
1
2
2
2
2
4
4
5
5
5
5
6
7
7
7
8
8
9
9
10
10
11
12
13
13
14
14
14
15
16
16
16
17
19
20
20
20
20
21
21
21
21
21
22
22
23
23
24
24
25
25
26
26
26
27
27
28
28
30
30
31
31
31
32
33
35
35
36
37
37
38
39
40
40
44
44
46
48
51
55
58
61
61
63
63
69
70
72
73
76
88
92
2
18
3
4
5
8
6
17
14
29
53
60
7
9
15
40
10
25
11
38
12
20
47
13
26
33
57
65
87
16
19
24
66
34
32
21
35
37
49
22
23
27
28
31
43
59
30
61
62
85
79
81
71
77
93
41
90
51
64
46
55
67
80
83
42
68
36
39
48
63
86
52
44
50
84
45
69
54
56
58
82
72
74
89
73
78
70
88
75
76
92
91
96
2
3
3
3
4
4
5
6
6
6
7
7
7
8
13
13
14
15
16
21
21
22
23
26
27
27
27
28
28
30
30
32
32
32
34
34
35
35
36
37
37
37
39
39
40
41
42
42
42
45
45
48
50
50
50
51
51
51
53
53
54
56
57
57
60
61
62
64
65
65
65
68
68
70
71
71
71
74
75
76
77
77
78
78
78
79
80
81
81
82
84
85
87
87
90
93
96
81
16
40
59
56
63
51
25
41
69
4
82
86
67
9
81
28
16
36
48
77
40
25
25
63
78
91
82
89
35
60
31
65
81
34
87
60
67
29
2
43
65
22
82
66
21
49
51
53
14
69
92
28
50
89
21
83
88
81
84
84
46
12
31
79
88
38
8
6
22
42
60
68
49
15
69
83
18
37
55
75
76
10
59
85
69
3
17
54
15
18
43
5
83
77
52
