1309
1308
1
1
1
2
2
2
2
3
3
3
3
3
5
5
5
5
6
6
7
7
7
7
7
8
8
8
9
9
9
9
10
10
10
11
11
11
11
12
12
12
12
12
13
13
13
14
14
14
14
14
14
15
15
16
16
17
17
17
18
18
19
19
19
20
20
20
20
21
21
22
22
23
24
24
24
24
24
25
25
26
26
27
27
27
28
28
28
29
29
30
30
30
30
30
30
31
31
31
31
31
32
32
32
32
32
32
32
33
33
33
34
34
35
36
36
36
36
36
36
36
37
37
37
39
39
40
40
40
41
41
41
42
42
42
43
43
44
44
44
45
45
45
45
45
46
46
46
48
48
49
49
49
49
50
50
51
51
51
51
51
51
52
52
53
53
54
54
54
54
54
54
54
54
55
55
56
56
57
58
59
59
60
61
61
61
61
62
62
62
63
63
63
63
63
63
63
64
64
64
64
64
65
65
66
66
67
67
67
68
68
69
69
69
70
70
71
71
73
73
74
75
76
77
77
77
78
78
78
79
79
79
79
79
79
80
80
80
81
81
82
82
82
83
84
84
84
85
85
85
86
86
87
87
87
87
89
90
90
91
91
91
91
92
92
93
93
94
94
95
96
96
97
98
100
102
102
103
103
103
103
104
104
105
106
107
108
108
109
109
110
110
110
110
110
111
112
113
114
114
115
115
115
115
115
116
116
116
116
116
116
117
117
117
118
118
118
118
118
118
119
119
120
120
120
121
121
121
121
122
122
122
123
123
124
124
124
124
124
124
126
126
128
128
128
129
129
129
129
131
131
132
132
133
133
133
134
136
137
137
137
138
138
138
140
140
140
141
141
141
142
142
142
142
143
144
144
144
145
145
145
146
147
147
147
148
148
148
149
150
150
150
150
150
151
152
154
154
155
155
156
156
156
156
157
157
158
158
158
158
158
158
158
159
159
160
160
161
161
161
162
162
162
162
166
166
166
166
166
166
166
166
167
167
168
168
168
169
169
169
169
171
171
171
172
173
174
175
177
178
178
179
179
179
179
180
180
180
181
183
183
183
185
185
186
187
187
188
189
189
192
192
193
194
194
195
195
196
196
196
196
197
197
198
199
199
200
200
201
201
201
201
202
202
203
204
205
205
206
206
206
206
207
207
207
208
209
210
210
210
210
212
212
212
213
213
213
213
213
214
214
214
215
215
215
216
216
217
217
217
219
219
219
219
220
220
221
221
222
223
223
224
224
224
225
226
226
226
227
227
228
229
229
230
230
230
230
230
231
231
231
233
234
234
234
235
236
236
237
237
237
237
238
238
239
241
242
243
244
245
246
246
247
247
247
247
248
248
248
248
249
249
249
249
249
250
251
251
251
252
252
254
254
254
255
255
255
255
256
256
256
257
258
258
260
260
261
263
263
263
263
264
265
265
265
266
266
266
267
267
267
268
269
269
270
270
271
272
273
273
273
274
275
275
275
275
275
276
276
277
277
279
279
279
280
281
281
281
282
283
283
283
284
287
287
287
289
290
291
291
291
291
291
291
292
293
293
293
293
293
294
294
295
296
297
297
297
297
297
298
298
298
298
301
301
301
302
302
303
304
305
305
307
308
308
309
310
310
310
311
314
315
316
316
316
316
317
320
320
320
321
321
322
322
322
323
323
324
325
325
325
326
326
326
328
328
329
329
331
331
331
331
331
332
332
332
333
333
334
335
336
338
340
340
340
340
341
342
342
342
342
343
345
345
346
348
349
349
349
350
350
351
351
351
351
352
353
353
353
353
353
354
354
355
355
357
359
359
360
360
362
362
362
363
363
365
365
365
366
366
367
367
367
368
371
371
371
372
372
373
373
374
375
375
375
376
376
376
377
377
378
379
379
380
381
381
383
384
386
386
388
389
389
389
390
391
391
392
393
394
394
396
396
397
397
397
398
400
400
400
400
400
402
403
404
404
406
406
407
408
408
408
409
410
413
413
414
415
416
416
416
417
417
417
418
422
422
423
423
424
425
426
427
428
428
429
431
431
433
436
436
436
436
437
438
438
438
440
440
440
441
441
442
443
443
444
445
446
446
446
446
448
449
450
451
452
453
453
453
453
454
455
456
457
458
459
461
463
464
465
469
469
470
470
473
474
475
475
476
478
478
478
483
484
485
485
486
486
487
487
488
489
492
493
493
493
496
496
497
500
500
500
500
503
503
504
504
504
507
508
508
511
512
512
514
514
515
516
516
518
518
518
518
519
520
524
525
526
526
528
528
529
530
530
531
532
535
537
537
538
538
538
541
542
542
543
545
546
549
550
551
551
551
553
558
558
559
560
560
561
561
567
568
568
569
569
570
570
571
571
571
572
572
574
577
578
580
581
583
585
586
588
591
594
595
597
597
597
597
599
603
604
606
606
610
610
615
616
616
617
618
621
621
621
624
625
625
628
629
630
635
637
640
640
643
646
646
647
649
649
650
650
652
654
654
655
656
657
657
657
662
663
663
663
663
664
669
671
672
672
675
675
678
679
680
680
681
684
684
685
686
686
687
688
688
690
691
691
691
694
695
697
697
697
700
700
707
708
712
714
714
715
715
718
720
722
724
724
725
725
726
726
728
730
733
734
735
736
737
737
743
744
744
744
745
748
752
752
753
756
757
761
762
765
765
765
767
768
773
776
777
785
787
789
790
791
792
795
796
796
796
797
800
804
810
810
811
813
814
814
815
818
819
819
819
823
825
826
828
830
830
836
836
837
839
841
845
846
848
849
851
851
856
857
863
865
865
867
870
870
873
879
880
881
885
889
895
897
897
900
905
911
911
913
914
916
919
921
922
927
930
933
934
941
942
943
947
948
948
948
950
953
954
956
956
956
956
959
959
961
966
966
975
975
976
977
979
983
985
999
1000
1004
1008
1011
1016
1022
1023
1028
1031
1034
1037
1057
1060
1066
1072
1091
1100
1105
1133
1133
1134
1145
1151
1153
1156
1158
1159
1163
1166
1170
1178
1201
1205
1223
1226
1229
1240
1240
1284
1308
2
3
1259
4
6
228
379
5
9
30
167
357
7
10
33
306
25
175
8
34
37
83
1173
356
510
1033
14
57
63
141
11
13
17
12
27
31
54
15
20
309
373
559
47
52
68
18
22
120
148
332
409
16
19
24
1007
32
157
192
36
42
46
48
113
21
139
152
599
86
789
23
258
26
35
134
444
462
597
88
105
40
56
28
55
132
29
147
420
119
577
43
65
79
87
93
1209
49
51
66
198
526
59
69
84
160
288
432
797
60
61
398
312
987
101
39
53
67
108
121
168
348
38
41
92
107
300
180
203
540
44
344
632
45
111
136
142
805
127
324
524
149
188
269
293
363
50
74
97
73
231
78
165
181
594
62
70
82
103
104
233
238
282
469
473
80
133
58
85
95
155
190
205
516
766
64
129
387
738
112
1246
76
629
75
99
124
177
662
185
248
595
71
126
252
336
558
676
839
77
89
209
217
417
163
527
899
1292
72
106
178
341
521
100
207
829
216
651
96
1169
98
763
196
313
166
94
260
261
81
116
723
91
187
218
296
383
1146
130
140
215
241
315
115
442
545
199
343
832
1076
90
150
397
109
460
114
202
247
1176
800
191
853
151
682
886
1138
197
894
169
588
410
631
454
102
278
118
496
211
626
981
123
220
696
938
201
236
1271
1114
327
110
944
117
170
128
131
226
878
1160
182
281
125
158
1122
302
322
487
811
881
144
172
225
239
741
1226
310
488
1118
146
154
173
268
456
993
264
815
122
183
856
143
208
320
1124
245
298
531
439
859
145
193
244
273
335
406
137
566
153
457
898
159
179
612
865
274
311
250
930
135
543
1253
184
770
138
317
499
361
413
733
195
544
1258
235
330
546
176
200
753
1139
204
156
275
630
259
272
331
346
171
624
990
214
390
593
552
194
326
578
796
942
471
778
161
530
174
912
162
189
299
1234
443
882
212
307
396
418
549
1064
1289
229
415
352
687
213
519
764
164
364
377
515
186
280
304
328
644
1026
1191
1205
277
287
262
308
604
270
292
355
943
257
353
855
1085
206
219
637
265
824
1099
210
1071
1105
1269
490
501
513
295
294
372
568
266
579
392
222
1156
818
221
772
251
408
567
290
475
253
840
223
795
936
1252
254
901
622
434
500
477
1199
323
910
1014
1056
224
528
402
230
1048
1108
291
297
350
509
234
305
374
1013
876
249
314
386
873
284
685
1307
347
380
461
649
869
666
787
1183
467
1010
1170
243
376
256
367
384
316
697
940
1235
237
1225
276
375
227
279
1069
381
762
1024
479
232
354
675
532
736
334
242
321
360
503
508
572
641
246
600
721
1074
342
611
808
1257
440
504
255
422
492
757
240
590
407
565
643
706
684
909
382
1113
263
505
773
863
433
791
817
1046
289
325
369
754
771
907
512
925
934
351
486
393
520
1161
466
547
618
683
301
404
541
902
468
1187
562
776
1150
414
436
533
1063
337
399
828
1309
267
514
872
271
653
1062
485
437
857
617
746
1304
446
371
458
847
636
370
428
589
732
1034
1241
1283
609
664
283
804
809
286
285
385
868
989
319
339
986
1045
303
708
711
1107
419
362
551
813
845
985
1260
1083
786
888
961
1216
1219
472
623
995
735
365
438
598
654
1193
358
388
548
646
426
573
621
633
645
1075
329
318
411
591
669
734
435
338
448
506
642
401
916
535
819
830
1198
949
507
1144
1189
480
587
333
447
935
449
560
534
345
400
455
349
478
584
482
891
554
842
340
481
635
677
1073
571
576
1089
502
1084
1184
1020
1072
459
424
450
555
731
522
368
378
476
896
1098
892
1140
464
463
366
923
1162
394
493
391
581
661
975
575
403
421
1017
1019
1200
569
730
359
1087
389
605
904
489
727
668
826
1101
602
755
451
615
656
497
1278
701
967
983
775
427
570
695
585
1272
648
950
1232
582
671
866
667
814
914
423
542
539
452
680
465
715
1284
885
1061
692
970
822
395
425
1301
1065
658
694
412
405
752
854
430
941
416
710
1285
498
441
655
745
1242
1276
712
1220
674
1043
699
883
1001
537
893
965
429
864
483
714
1080
563
784
825
929
709
850
937
793
538
1077
574
974
495
431
1106
848
1060
1081
728
553
1154
681
445
523
665
1125
1222
583
801
1203
529
550
691
759
922
474
614
1088
700
453
470
586
620
627
785
992
780
725
580
650
781
1131
1145
1249
670
592
525
1218
1137
484
998
1262
827
905
971
1093
1256
720
1015
536
794
1291
494
634
816
491
765
749
1149
756
1053
639
1047
628
610
564
788
988
1293
689
1196
774
511
613
717
1011
767
1214
806
1092
1123
652
517
619
957
698
1251
959
1174
518
693
705
561
603
638
880
748
1023
596
932
659
1109
557
616
953
821
1126
1027
690
601
625
874
556
719
926
1044
718
1117
760
783
1287
1054
1175
841
897
1286
716
750
890
1185
702
751
726
1052
673
921
1132
606
704
838
1042
707
915
1182
742
920
820
1012
608
660
994
657
640
969
739
758
607
647
1055
1119
1158
1213
918
1136
1127
782
999
672
976
688
686
769
1004
1166
1002
1100
1155
862
663
984
1171
1097
908
713
792
962
1031
917
1224
1227
1164
1028
1168
1178
1300
823
911
1135
703
951
679
740
858
1281
779
1032
1116
1195
1277
1005
678
1016
1308
980
1037
895
1143
724
807
743
927
945
737
836
913
1212
849
933
884
777
1003
1180
1086
744
956
1057
1157
889
900
722
1211
834
991
1103
844
1120
861
1095
803
747
1009
729
1177
831
939
761
1268
1181
1244
799
1066
871
1188
964
768
1018
1051
860
810
1067
1274
846
1233
837
948
1239
802
972
1036
1305
1040
1217
1035
790
1129
833
798
812
1142
1266
1050
1041
1172
1237
1165
835
879
843
867
1263
1302
924
1208
955
852
954
960
1091
1279
968
1238
875
977
1025
903
1248
1008
1179
870
973
1130
851
1049
947
1068
996
1280
887
877
1096
928
1058
1094
1022
1112
1104
1151
946
1163
906
931
1079
1295
1090
1128
1290
919
1159
1167
978
1206
1147
1192
1021
979
1294
1204
1030
1306
966
963
1078
1230
952
958
1201
982
1000
1121
1215
1070
1152
1038
1006
1296
1240
1264
1082
1110
1039
997
1115
1059
1134
1245
1250
1102
1298
1186
1029
1265
1111
1194
1297
1141
1267
1133
1148
1288
1153
1228
1190
1223
1207
1210
1236
1231
1243
1221
1202
1255
1261
1197
1247
1299
1229
1282
1273
1270
1254
1275
1303
1265
1
1
1
2
3
3
4
5
5
5
6
7
8
8
9
9
9
10
10
11
11
12
13
13
13
14
18
19
20
25
25
26
26
26
28
30
34
35
35
35
36
39
39
40
42
44
44
45
45
47
48
51
52
54
55
55
55
56
56
56
56
57
58
58
59
61
63
63
65
66
68
71
71
71
72
74
75
75
76
76
76
77
78
80
81
81
82
85
85
86
89
90
92
94
94
96
97
97
97
98
100
101
101
102
103
103
103
104
104
105
107
107
110
110
111
118
118
118
121
121
122
122
123
124
125
125
126
126
126
127
128
129
130
131
131
132
133
135
135
135
136
136
136
140
142
142
143
143
144
144
145
145
145
146
146
147
148
148
149
150
151
152
153
155
155
155
156
156
157
158
159
160
160
161
162
162
163
163
164
164
164
167
170
170
171
175
175
176
177
178
182
184
185
186
187
187
191
192
192
192
195
196
197
200
202
202
202
203
204
205
205
205
206
207
209
210
210
210
211
213
213
214
215
216
218
218
220
220
221
222
223
224
224
225
225
226
226
226
226
227
228
228
229
229
230
231
232
234
236
237
238
238
239
239
239
240
240
240
243
244
246
247
247
248
254
255
255
257
258
261
261
261
263
264
264
264
265
265
266
266
266
267
270
271
273
273
274
276
278
278
278
281
283
283
284
287
287
289
289
290
291
292
294
295
298
298
299
301
301
301
302
302
302
302
302
303
306
307
309
310
310
311
311
311
312
312
315
316
317
320
322
322
324
324
324
325
325
325
326
328
328
329
329
330
330
330
330
331
334
335
337
337
338
339
340
340
342
342
343
345
347
348
349
350
351
354
358
359
361
361
362
362
363
363
366
366
366
366
366
367
368
368
372
372
373
373
373
374
374
375
377
378
379
380
381
383
387
387
387
387
389
390
393
393
393
394
396
397
399
399
400
401
402
404
404
404
404
405
408
408
409
410
412
415
415
416
416
418
420
420
420
420
422
423
424
425
426
427
427
430
432
432
433
434
436
436
439
440
441
443
444
446
447
447
448
448
448
449
449
451
452
452
453
454
454
454
455
455
455
455
456
458
459
459
459
461
461
466
468
470
470
471
471
472
473
474
477
480
481
483
483
483
484
485
485
486
486
487
488
488
489
489
490
490
491
492
495
495
497
499
499
500
502
503
504
504
504
504
506
507
507
508
508
509
511
512
512
513
516
516
518
519
521
521
523
523
523
524
525
527
527
529
529
530
531
531
532
532
532
533
534
536
538
541
545
546
547
548
548
550
551
552
556
558
560
560
560
561
561
562
563
564
565
567
567
568
568
570
571
572
574
574
575
576
577
577
578
580
582
583
584
584
584
585
586
587
589
590
590
590
590
592
593
595
597
597
597
598
598
598
599
599
600
600
601
601
601
602
603
604
605
606
609
611
611
614
615
615
619
619
621
622
623
624
624
626
630
630
631
631
632
632
633
633
637
637
639
640
642
643
645
648
649
649
650
652
654
654
655
657
658
662
663
664
665
666
666
666
667
669
671
673
673
674
674
674
674
678
683
683
683
685
686
686
687
688
689
689
689
690
690
690
691
693
693
693
694
694
697
697
697
698
705
705
706
708
709
710
713
714
714
714
715
715
717
717
717
717
718
720
720
720
725
725
727
728
729
729
731
732
732
733
734
735
735
735
736
736
737
739
739
740
742
744
744
745
747
748
749
750
752
753
755
759
761
766
766
766
767
767
768
768
769
769
770
770
770
771
772
772
775
775
776
779
780
780
780
781
781
782
782
782
782
782
784
788
789
790
790
790
791
791
791
792
797
798
802
803
804
805
806
806
807
808
808
808
810
812
812
812
814
819
821
822
822
823
827
828
828
829
830
831
832
833
834
837
838
841
841
842
846
847
848
850
850
852
853
854
856
857
857
858
859
859
860
860
861
863
865
865
866
866
867
868
868
870
872
873
873
875
875
876
876
877
878
883
884
885
886
888
890
891
893
894
894
895
895
896
896
896
897
898
900
900
901
902
902
904
905
906
906
907
908
909
910
911
913
913
913
915
915
916
917
919
921
924
925
925
925
926
927
929
930
930
932
933
934
935
935
936
937
937
938
938
940
941
941
942
943
944
945
945
946
947
947
948
948
949
949
950
950
952
953
954
957
964
965
968
969
970
970
971
971
972
972
974
975
977
977
982
982
984
985
986
987
987
988
988
988
988
988
989
989
989
991
992
992
994
994
995
995
997
997
998
1000
1000
1002
1003
1004
1004
1005
1005
1005
1006
1007
1008
1009
1009
1011
1012
1012
1015
1015
1021
1022
1024
1024
1026
1027
1031
1031
1031
1032
1036
1037
1038
1038
1039
1039
1040
1041
1041
1042
1044
1045
1045
1045
1051
1051
1051
1053
1053
1054
1055
1059
1060
1060
1061
1061
1062
1063
1064
1067
1067
1068
1068
1069
1073
1075
1075
1077
1077
1079
1079
1081
1083
1083
1084
1087
1087
1089
1090
1091
1092
1095
1095
1096
1098
1098
1098
1098
1098
1100
1101
1103
1103
1104
1105
1108
1108
1109
1109
1110
1112
1112
1112
1115
1116
1119
1120
1121
1122
1122
1123
1123
1126
1126
1127
1129
1130
1130
1133
1134
1135
1137
1139
1140
1141
1141
1142
1142
1143
1144
1146
1146
1146
1146
1150
1152
1153
1154
1154
1155
1155
1156
1156
1157
1157
1157
1159
1159
1159
1160
1160
1161
1164
1165
1167
1168
1169
1170
1173
1174
1174
1176
1176
1177
1177
1178
1178
1180
1181
1183
1183
1186
1187
1188
1189
1189
1189
1190
1191
1191
1192
1194
1195
1195
1197
1197
1198
1199
1199
1199
1200
1200
1202
1203
1204
1206
1207
1208
1210
1210
1211
1212
1212
1216
1216
1217
1218
1218
1218
1218
1219
1219
1221
1223
1223
1223
1223
1224
1226
1226
1227
1227
1228
1228
1229
1229
1229
1231
1231
1232
1233
1234
1237
1237
1237
1240
1240
1241
1244
1245
1247
1254
1254
1258
1260
1261
1262
1262
1262
1263
1265
1265
1266
1269
1270
1273
1273
1274
1274
1277
1277
1277
1279
1283
1284
1284
1285
1285
1287
1288
1294
1294
1296
1297
1298
1299
1300
1301
1307
1308
1308
1309
1265
214
965
1307
788
940
1054
377
456
976
1050
881
264
493
1078
62
73
1253
500
1229
362
723
168
124
732
769
201
300
537
378
769
807
63
967
1159
422
598
800
463
548
799
1285
696
718
815
997
472
715
455
1208
980
1231
1119
423
857
555
655
859
689
925
1000
1186
112
933
1183
139
451
97
410
656
201
868
119
326
817
109
1178
52
905
75
943
1193
597
265
271
35
895
956
115
562
50
680
37
239
96
1139
546
392
1165
1229
131
858
67
396
1112
150
468
867
673
1184
424
299
1072
532
816
557
52
189
279
100
984
878
1283
959
250
718
772
178
475
574
251
1062
1002
25
198
465
70
720
213
656
1276
132
550
980
288
863
1142
614
1065
849
1264
333
612
1027
363
959
544
881
898
1167
900
352
916
845
104
724
795
202
706
178
189
1029
631
988
710
896
1260
582
634
542
703
1051
585
902
1244
259
296
582
898
784
265
399
242
773
455
553
832
981
6
854
1075
1075
508
93
515
586
604
1187
1018
723
40
159
1102
1027
855
1054
842
1155
1217
1159
680
1247
1168
502
331
897
1239
843
1032
1244
448
580
272
1299
447
893
294
453
657
844
718
200
217
940
1066
385
1296
610
1272
58
1270
114
608
192
642
1260
446
675
769
664
440
739
799
1234
460
347
264
680
231
586
468
686
1036
1223
109
155
276
879
1167
651
784
848
798
179
1258
584
864
421
692
216
222
323
667
5
989
875
272
368
828
1135
398
985
7
349
26
502
1138
1015
308
514
683
111
294
515
539
1220
1091
103
249
1259
863
1189
244
398
442
312
752
631
1231
1036
1113
61
269
453
571
883
269
419
980
14
596
993
25
1253
155
807
1072
1109
598
1048
1089
112
680
788
389
237
665
747
788
749
928
1140
852
830
68
500
923
392
466
61
770
593
1036
641
896
378
609
701
1248
1292
364
910
921
48
1150
684
946
1208
436
509
1059
1089
363
318
815
1087
284
136
176
320
1099
465
683
398
918
1207
885
950
528
528
1059
484
1297
1157
126
369
460
980
335
91
408
393
241
680
151
553
305
583
774
173
498
749
767
245
672
283
177
1191
800
1276
1044
925
1179
348
927
406
483
765
81
770
1257
345
928
247
545
6
385
562
457
693
788
162
314
1010
129
636
1109
75
355
824
1101
141
528
114
117
864
322
763
984
1168
297
953
1092
1231
123
849
58
119
1290
10
364
692
1197
1136
331
1116
23
84
423
592
809
534
932
567
1130
951
312
661
751
185
328
1267
206
527
178
258
447
496
810
400
211
301
547
1244
857
397
637
833
660
29
1100
533
696
290
622
1164
1179
1261
358
216
459
529
313
564
397
201
947
291
743
1243
1046
948
1180
551
824
1269
254
979
785
1178
792
398
1190
165
564
333
404
1077
746
901
806
28
110
913
201
362
327
901
1161
881
873
525
926
123
993
573
1185
1281
548
141
31
229
408
1192
1278
511
175
1033
190
888
979
1086
1087
195
1260
378
448
840
477
481
988
365
791
381
512
288
787
988
652
568
644
686
1121
625
225
709
1046
1011
1143
456
884
111
527
651
381
844
1237
476
1154
1013
1264
104
1093
117
302
1007
1067
137
34
647
1293
1009
1288
264
1088
1253
53
710
899
386
691
1107
55
62
307
740
228
441
1206
837
165
1208
677
844
72
102
449
930
715
578
583
1124
993
610
1038
47
797
799
1041
1066
270
296
364
1130
585
829
1161
526
757
124
412
509
152
249
1069
689
734
25
778
1090
286
533
1128
223
750
275
874
1108
1303
608
159
323
644
1100
1137
566
348
44
454
980
736
1241
1215
333
218
501
611
45
848
1010
244
372
450
401
230
1069
535
907
1058
703
666
2
1227
1001
450
215
25
1004
1152
343
934
530
1198
328
445
485
977
1106
356
380
443
59
859
863
1216
239
777
1062
515
1004
110
584
595
921
1245
408
386
872
224
808
1268
568
1150
1270
1194
783
395
277
1211
191
759
1036
1242
1085
328
856
1043
708
728
822
917
819
36
225
1079
1080
42
98
907
938
1218
974
304
793
1268
765
863
678
941
1252
683
424
127
928
50
103
1122
1001
428
816
424
966
765
156
892
1108
1301
485
1046
130
559
133
790
878
557
700
401
1183
1058
1272
428
771
115
589
745
980
1205
453
530
109
412
931
922
734
1031
1084
904
938
269
568
888
325
704
390
466
959
289
1244
1288
516
721
1156
905
79
588
772
975
65
333
1096
50
79
252
1183
718
457
899
285
1044
1067
979
322
713
89
1180
1162
329
356
544
650
1084
995
1203
85
873
226
1230
1305
883
1083
94
17
924
690
7
22
165
318
850
1099
108
1193
125
453
1274
569
962
42
643
31
10
918
465
1303
190
524
862
1222
514
1090
462
1270
85
292
877
51
1045
193
252
799
1026
1116
243
871
900
606
229
1072
250
1009
512
554
24
1031
820
944
1200
984
346
593
958
8
224
1173
1298
282
1287
812
899
1011
276
862
252
258
1120
341
216
1099
465
724
385
653
1094
1071
737
1006
385
953
292
700
415
516
789
410
896
518
702
1007
112
268
1228
368
1095
479
541
68
672
800
367
1272
260
825
503
629
940
348
474
357
156
405
1034
131
627
254
698
406
814
1191
339
447
458
1215
124
1101
12
60
385
731
180
254
330
708
810
1261
521
227
845
1068
1306
395
754
313
1170
680
485
923
996
1212
720
235
573
270
41
873
766
980
46
1093
93
1113
401
591
262
314
983
866
396
158
362
543
545
887
189
633
441
718
915
1262
522
738
829
1068
1220
243
416
139
973
103
525
836
628
686
888
239
788
689
1212
412
699
900
496
395
629
471
827
218
827
357
734
682
865
1071
684
37
1103
977
1120
351
320
370
685
610
629
773
97
1032
73
371
269
375
1061
869
901
1212
588
1200
677
1010
319
1105
434
363
28
634
8
411
1245
732
915
1112
572
839
940
1284
341
1001
1174
15
85
503
999
1137
108
109
1086
1149
217
814
115
603
1256
274
971
420
293
462
773
889
1298
467
708
518
1208
1121
1083
51
1215
431
923
44
193
539
777
1299
292
1305
1237
482
968
582
893
883
1302
79
214
254
947
492
503
519
98
351
874
229
269
453
42
574
609
343
58
495
977
340
969
131
