1617
1616
1
1
3
3
3
3
3
3
5
5
5
6
6
6
6
6
7
7
7
7
7
8
8
8
8
8
9
9
9
10
10
10
10
10
10
10
11
11
11
11
11
11
11
12
12
13
14
14
14
14
14
15
15
15
16
16
16
16
16
16
16
17
17
18
18
18
18
19
19
19
20
20
20
20
21
21
21
21
23
23
24
24
24
25
25
26
26
26
26
26
27
27
27
27
28
29
29
29
29
30
30
30
30
30
31
31
31
32
32
32
32
32
33
33
34
35
35
36
36
36
36
36
36
37
37
38
38
38
38
39
39
39
39
39
39
40
40
40
40
41
41
41
41
42
42
42
43
44
44
45
45
45
45
46
46
46
46
47
47
48
48
48
48
48
48
49
49
50
50
51
51
52
52
52
52
53
53
53
53
53
53
53
54
54
54
55
55
55
55
56
56
56
56
56
57
58
58
59
59
59
59
59
59
60
60
60
60
60
60
60
60
60
61
61
61
61
62
62
62
62
62
62
63
63
63
64
64
64
65
65
65
65
65
66
66
66
67
67
67
67
68
68
68
68
68
69
69
69
69
69
70
70
70
71
71
72
72
72
73
73
73
73
73
74
75
75
76
76
77
78
78
79
80
80
80
80
81
81
81
81
82
82
82
83
84
84
84
85
85
85
86
86
87
87
87
89
89
89
90
90
90
90
90
90
90
91
91
92
94
94
94
94
94
94
95
95
95
95
96
96
97
97
97
97
97
99
99
100
101
101
102
103
103
103
103
103
103
106
106
106
107
107
107
107
108
109
109
109
110
110
110
110
111
111
112
112
112
113
113
113
114
114
114
115
116
116
116
117
117
117
117
117
117
117
118
118
118
118
118
119
119
120
121
121
122
122
122
123
124
124
124
124
124
125
125
126
126
127
127
127
127
127
127
127
130
130
130
130
131
131
132
132
132
132
133
133
133
134
134
135
136
137
138
138
138
138
139
139
139
140
140
140
140
140
141
141
142
142
143
143
144
144
144
146
146
146
146
147
147
147
148
148
149
149
149
150
150
152
153
154
155
155
155
156
156
156
156
156
157
159
159
160
160
161
161
161
163
163
164
164
164
166
166
167
167
169
169
170
170
170
170
171
171
171
171
171
172
172
172
172
173
173
173
174
174
174
175
175
175
175
175
175
176
176
178
178
179
179
179
180
181
183
183
183
184
184
184
185
185
185
185
186
186
186
186
187
187
188
188
189
189
190
190
190
191
192
192
193
194
194
194
194
194
195
195
195
195
195
195
195
197
197
199
199
199
200
200
200
200
201
201
201
202
203
204
205
207
207
207
207
207
207
208
208
208
208
208
209
209
209
210
211
211
211
211
211
212
212
212
212
212
213
216
216
217
217
218
219
219
219
221
221
222
222
223
224
224
224
226
226
226
226
227
227
227
228
228
230
232
232
233
233
233
234
234
234
235
236
237
239
239
239
240
240
240
241
241
241
242
242
242
243
243
243
243
243
244
244
245
246
246
246
246
247
248
249
249
249
250
250
250
253
253
254
255
255
256
257
258
258
258
259
259
259
260
260
261
261
262
264
264
264
267
267
268
268
269
269
269
269
270
271
271
271
272
273
273
274
274
277
277
277
277
278
278
278
278
279
280
280
281
281
282
282
283
283
284
284
285
285
286
286
286
286
286
287
287
287
288
289
289
290
290
290
291
292
292
296
296
297
297
299
300
301
301
301
302
302
303
304
304
305
305
305
306
307
307
307
309
309
309
309
309
310
312
312
312
312
312
313
313
315
315
317
317
317
317
318
319
320
320
320
320
321
322
322
323
324
324
325
326
326
327
327
327
327
328
329
329
329
329
331
331
334
334
334
334
335
336
336
336
337
338
338
338
340
340
340
340
340
340
341
341
342
343
343
344
344
346
347
348
348
348
349
349
349
350
350
351
352
352
352
352
353
353
355
355
358
359
359
360
360
360
361
361
364
364
365
365
365
365
366
366
366
367
367
367
368
371
371
372
372
372
372
373
373
374
374
375
375
376
376
376
377
378
379
379
380
380
381
381
384
385
386
386
387
387
387
387
389
389
389
389
390
390
390
391
392
392
396
396
397
399
399
400
402
403
404
405
405
405
406
406
406
407
407
409
412
412
414
414
414
415
415
416
416
417
418
418
418
418
419
420
420
421
421
421
421
422
425
425
425
426
426
427
428
430
430
430
431
431
431
433
434
437
437
437
438
440
441
441
441
443
444
444
445
445
445
446
446
448
449
449
449
450
450
452
452
454
455
455
455
459
460
461
461
462
463
464
464
466
466
466
467
468
469
470
470
473
474
476
477
477
478
478
478
479
479
479
480
480
480
481
482
482
482
482
483
483
484
486
486
486
487
488
488
489
489
489
492
493
493
493
494
494
495
495
495
495
495
495
498
498
498
498
498
499
499
499
501
503
507
507
509
511
511
511
511
512
512
512
513
513
513
514
515
515
516
517
517
517
518
518
520
520
520
521
521
521
523
523
524
524
525
525
525
526
526
527
529
532
533
534
535
535
537
537
539
541
541
543
543
543
544
545
548
549
549
550
552
552
553
553
553
554
554
554
557
558
561
562
564
565
566
566
566
568
570
571
572
573
573
574
576
577
578
578
579
579
579
580
583
584
585
585
586
587
587
587
587
588
589
589
592
593
593
593
594
597
597
598
598
599
599
599
600
601
602
603
604
604
605
606
608
609
611
612
613
614
615
617
620
623
625
625
626
627
628
628
629
629
630
632
633
634
635
636
638
638
638
638
640
640
640
641
641
642
643
646
646
646
647
651
654
656
657
657
658
659
662
663
665
668
671
671
672
672
677
677
678
679
680
681
682
684
684
686
687
689
690
692
693
695
696
698
698
699
699
699
700
700
700
701
701
702
703
704
706
711
712
715
716
716
717
718
718
719
721
722
724
725
726
727
728
728
731
732
732
733
735
736
736
737
738
738
740
741
741
743
744
744
745
748
750
751
753
754
755
759
759
761
762
763
765
766
767
767
767
768
771
773
774
774
775
777
777
777
778
779
779
779
781
782
783
783
784
784
788
789
790
794
795
799
799
799
801
802
803
804
805
806
807
808
811
812
812
812
813
814
814
814
820
821
824
825
825
827
827
828
828
828
829
829
830
832
833
836
837
840
842
843
846
850
855
869
870
870
874
877
881
882
883
884
887
889
891
892
892
893
895
897
899
901
902
903
904
906
907
909
911
915
918
918
920
922
922
924
925
932
932
933
941
945
945
948
948
950
953
955
956
957
959
959
961
961
967
968
973
976
977
978
978
978
979
980
981
982
987
988
991
991
994
994
996
996
997
998
998
1004
1005
1009
1011
1015
1015
1017
1019
1020
1021
1021
1032
1033
1036
1045
1045
1048
1048
1049
1050
1052
1053
1054
1056
1058
1059
1060
1062
1065
1066
1066
1067
1070
1078
1081
1082
1084
1084
1086
1087
1090
1091
1095
1102
1102
1105
1105
1106
1111
1116
1116
1120
1123
1124
1127
1129
1130
1134
1138
1140
1141
1142
1148
1150
1154
1155
1155
1158
1167
1168
1168
1175
1178
1182
1187
1188
1193
1201
1201
1204
1214
1217
1218
1223
1223
1224
1231
1232
1240
1241
1242
1243
1244
1244
1245
1249
1251
1254
1259
1261
1262
1264
1270
1280
1284
1289
1290
1294
1300
1305
1307
1323
1323
1326
1329
1332
1335
1339
1344
1344
1346
1346
1350
1350
1357
1362
1368
1378
1390
1392
1392
1396
1397
1404
1411
1415
1418
1423
1428
1433
1449
1468
1472
1474
1490
1509
1574
1597
1616
2
3
4
5
6
10
23
120
12
22
427
7
9
25
69
109
8
18
32
80
229
11
13
16
74
78
15
27
33
24
31
41
58
92
156
475
19
21
48
267
406
693
1198
17
44
14
128
173
241
586
1005
46
135
1484
54
60
64
118
172
746
1464
34
35
20
52
610
1293
37
308
815
28
151
165
285
36
160
436
517
62
113
38
525
1011
26
200
29
72
90
164
1227
30
50
110
199
1142
53
102
124
125
59
88
180
556
1617
40
371
434
79
121
136
202
407
39
1465
104
332
393
49
76
184
215
218
587
216
591
47
55
133
334
42
73
103
116
705
938
43
51
161
637
45
71
183
227
93
147
162
143
83
378
57
66
208
243
87
145
179
319
152
440
56
89
105
330
454
1306
63
68
98
123
97
138
61
95
176
1088
82
142
309
329
611
707
1059
96
112
132
307
337
645
674
67
81
189
721
879
231
127
248
75
168
344
790
994
1385
99
117
294
318
326
445
533
708
1019
144
219
254
1441
91
94
242
1107
1364
1499
126
496
823
65
107
1591
84
155
459
948
1143
86
269
394
70
425
536
926
77
85
129
259
1113
383
858
1085
1416
1505
119
203
920
100
414
130
166
193
314
660
729
799
976
140
232
800
108
1510
134
157
264
167
228
565
917
932
239
296
322
916
235
755
1004
273
237
335
360
139
204
723
605
840
101
111
905
222
531
636
159
185
190
194
420
704
1056
302
701
106
226
465
680
817
1166
1242
115
328
557
598
220
747
137
188
217
278
409
205
622
1234
363
620
417
181
195
336
386
1138
1433
114
171
830
149
320
389
466
297
574
654
822
122
153
348
410
141
395
154
192
573
196
300
500
246
766
1280
251
323
373
402
158
174
258
263
710
798
1269
262
461
549
552
816
860
1266
223
567
1202
214
412
793
170
146
236
345
391
1565
191
874
178
1613
131
148
150
286
462
479
615
169
245
1100
1422
1047
1183
379
632
1015
1376
343
375
719
1115
1118
717
411
275
163
271
279
341
255
631
728
357
453
667
876
1540
182
908
523
677
221
963
812
828
981
355
403
891
1150
210
342
492
257
439
522
1493
1518
277
988
1196
230
1224
824
870
1022
224
238
765
1042
1347
303
207
1398
177
197
186
212
1442
514
566
698
880
1611
317
1604
560
958
299
548
209
485
519
1593
175
201
234
423
543
432
446
590
638
187
304
544
295
396
621
244
293
312
779
895
1219
313
1114
648
961
846
1156
1310
1158
579
198
431
977
280
778
1277
324
585
603
1110
287
424
469
577
962
1607
252
1259
1000
1370
206
437
558
826
506
1170
305
270
749
784
995
1044
211
213
365
448
535
786
1571
456
675
261
957
1106
722
1239
1248
1287
513
655
1380
240
288
497
744
268
316
397
581
672
1344
225
250
315
813
1261
266
875
1474
392
233
247
764
1105
1222
249
614
642
700
935
256
1103
1256
400
480
652
458
571
669
658
1174
539
1308
804
481
738
1578
282
450
584
1585
260
776
1330
559
993
289
339
374
325
702
856
640
841
1189
451
265
486
284
382
1255
253
657
678
333
970
1147
467
563
1201
276
310
612
835
1154
384
853
404
346
381
604
960
493
478
428
750
1090
311
833
878
274
1608
859
499
863
663
291
281
354
527
681
795
1167
1039
1178
491
855
685
283
716
758
438
1067
366
464
272
292
338
564
788
416
419
868
679
321
864
351
1119
415
472
736
1265
509
928
972
1077
619
597
820
495
689
290
298
331
380
405
433
356
562
327
340
588
718
1598
301
515
1425
943
772
947
369
883
1263
353
422
1212
893
909
538
889
529
1369
368
418
683
306
630
463
364
805
430
578
1162
923
359
401
449
349
484
714
1270
1521
1046
468
550
628
869
1395
443
801
627
665
362
624
780
1589
592
350
370
476
794
1307
785
1297
1456
376
457
1241
983
593
1120
421
644
646
1163
1587
352
516
732
1378
347
390
442
482
754
1412
1420
367
494
904
534
656
670
1276
399
441
601
877
911
953
361
607
949
452
1462
596
1338
773
358
372
520
1053
502
888
1556
512
990
398
530
919
1096
1132
460
1246
748
1082
743
487
1476
413
1157
1601
511
861
554
580
470
510
626
1570
426
595
770
521
545
1524
408
388
471
435
508
1032
1566
1135
1235
377
542
999
1508
643
684
1467
1062
659
881
1387
385
821
429
1152
387
1267
582
892
505
651
941
1264
498
569
761
1117
504
617
1576
687
814
1609
1069
1360
532
474
518
1033
1404
1048
1137
551
974
1182
939
945
1093
483
602
1097
634
1192
706
735
751
980
1009
713
967
490
553
885
930
1027
694
561
606
540
1003
1371
1586
1010
473
570
1602
691
922
608
1095
537
925
991
444
1463
1606
661
489
1226
1359
1558
692
455
848
936
1355
546
447
1303
844
896
1214
488
1141
1144
726
734
1050
671
831
507
890
1334
903
1045
1229
924
594
477
837
985
503
737
1372
849
1274
1472
742
1058
1562
572
1061
1232
842
986
568
1553
526
1172
1504
641
769
927
1070
1072
1075
854
966
1037
1512
1605
686
730
1186
635
639
1448
1268
1187
1231
589
703
899
1409
501
1237
1483
528
731
653
662
696
806
906
1523
555
618
933
1451
1547
682
1160
1471
609
829
668
739
524
541
583
866
1122
649
1068
1238
616
625
1485
676
740
1136
547
968
1337
1612
777
1272
576
695
1302
1295
1316
1358
1173
1200
825
886
575
797
1445
946
1223
969
1475
1036
768
666
629
1450
623
690
613
838
1457
699
720
1590
1574
1400
1031
709
1195
724
727
907
871
873
1146
650
1185
1207
897
1028
952
673
1165
600
762
810
1043
781
745
1352
1111
664
1555
775
1437
1350
898
1477
839
1099
1494
771
807
975
1034
1296
1083
688
931
1247
1301
954
1439
1554
857
599
1466
1580
1177
753
1101
1331
1440
1098
1443
1533
711
1148
1616
1560
1024
1588
1181
1406
767
741
774
956
1429
1584
1305
1326
633
1281
1051
1300
1133
959
979
1228
852
1366
1432
712
791
1614
1595
900
647
1125
1134
1309
865
1017
1021
752
1286
1116
834
697
803
1304
915
1149
1528
887
978
1092
1470
756
715
827
1402
733
1407
1577
1040
1164
965
1401
882
1055
787
1155
912
1029
1411
783
1583
1396
1515
850
1514
1392
918
1091
1534
1161
1193
1597
1081
1469
1582
1124
1275
929
1487
987
809
725
921
997
984
1444
914
1016
1230
1140
789
1399
1498
1389
1199
884
836
1329
971
843
1356
763
1511
818
902
1066
1054
1131
757
872
1209
1014
867
1273
1535
792
1063
760
819
782
759
1020
1190
1500
934
1002
1513
1240
811
989
1180
901
1410
1438
1213
1529
1204
951
1314
1381
1076
1104
1317
1596
913
1102
802
1453
998
1417
1290
796
1423
950
1285
1168
1339
1388
1159
862
940
1030
1341
808
1318
1552
1074
845
1145
1210
1284
847
937
1363
944
832
1225
982
1211
1007
1312
910
955
1026
1018
1351
1594
1446
1449
1569
851
1035
1244
1006
964
1489
1299
1531
1391
1537
1078
1365
1390
1519
1243
1001
1236
1260
1012
992
1564
894
1394
1379
1315
1008
942
1431
1516
1109
1340
1080
1252
1292
1332
1346
1188
1208
1221
1065
1454
973
1139
1123
1153
1218
1386
1071
1087
1079
1414
1073
1253
1128
1038
1428
1049
1197
1023
1025
996
1542
1064
1013
1052
1343
1060
1522
1251
1184
1384
1383
1084
1539
1129
1179
1089
1377
1374
1368
1473
1357
1215
1271
1408
1294
1468
1175
1057
1094
1041
1194
1458
1108
1126
1086
1550
1171
1496
1233
1373
1112
1461
1298
1324
1176
1353
1544
1497
1283
1257
1291
1333
1282
1526
1403
1130
1127
1327
1345
1258
1169
1538
1426
1289
1559
1121
1249
1455
1495
1279
1382
1354
1488
1254
1503
1349
1581
1393
1191
1527
1151
1262
1220
1203
1206
1205
1348
1278
1415
1216
1328
1250
1217
1486
1549
1501
1323
1311
1313
1434
1321
1460
1397
1319
1336
1568
1245
1492
1507
1481
1490
1361
1322
1335
1375
1480
1525
1545
1421
1320
1424
1557
1288
1413
1482
1418
1367
1572
1517
1325
1362
1459
1541
1447
1427
1342
1479
1405
1502
1530
1478
1551
1546
1603
1452
1419
1615
1599
1491
1435
1436
1536
1509
1592
1573
1561
1579
1575
1430
1563
1548
1543
1567
1520
1506
1532
1600
1610
1774
3
3
4
4
5
6
7
7
7
7
7
8
8
8
9
11
12
13
14
14
15
15
15
16
16
16
17
17
18
21
22
22
23
23
24
27
28
28
29
29
29
31
32
32
33
33
33
35
36
36
36
36
37
37
37
37
39
40
40
40
41
42
43
44
45
45
46
48
49
49
50
50
50
51
51
54
54
55
58
58
59
59
61
63
63
65
65
66
66
71
71
71
72
73
74
75
75
75
76
76
76
76
78
78
80
81
83
83
84
84
85
88
90
90
90
91
91
91
93
93
93
94
97
98
99
99
101
105
105
105
107
108
109
112
112
113
113
114
114
114
114
115
116
116
116
119
119
120
121
122
124
124
125
125
126
127
127
127
129
129
129
131
132
133
134
135
135
136
137
138
139
139
139
141
142
143
144
144
144
146
147
147
147
147
147
148
149
149
150
151
151
151
152
152
152
153
153
155
155
156
156
157
157
157
159
160
163
164
165
165
165
166
167
168
169
169
171
172
173
173
175
175
176
177
179
180
182
186
186
186
187
187
187
188
188
189
192
192
192
194
195
196
196
198
201
202
202
203
204
206
206
210
210
211
211
211
212
212
213
214
215
217
218
219
221
221
222
223
223
224
224
225
227
228
230
231
232
232
232
235
238
239
239
239
241
242
242
242
244
245
245
245
247
248
248
248
250
251
251
251
252
254
255
256
256
256
261
261
261
261
262
263
264
264
265
266
266
269
272
272
272
275
275
276
277
277
277
277
280
280
281
281
283
283
285
285
287
288
288
289
289
293
293
297
299
300
303
303
304
305
305
306
308
309
310
311
311
312
313
313
313
314
314
315
318
318
321
321
322
322
322
323
325
325
325
326
326
328
328
330
330
332
334
335
336
338
338
341
343
343
343
344
345
345
346
346
346
347
347
347
349
350
351
351
352
353
354
354
355
358
361
362
366
366
369
369
370
372
373
373
375
376
377
378
379
381
381
384
385
385
385
386
387
389
389
389
390
391
392
393
393
393
393
393
393
394
395
395
395
396
397
398
398
400
401
401
401
402
402
402
404
404
405
406
406
407
410
411
414
414
415
415
415
418
420
422
422
422
424
426
427
427
427
428
428
429
430
430
431
431
431
431
432
432
433
433
434
435
437
437
438
439
440
440
440
443
449
449
451
451
452
452
453
455
455
456
458
460
461
461
461
463
463
465
465
467
469
470
471
474
474
475
476
477
478
478
478
479
479
481
484
484
484
484
486
487
490
495
495
495
496
496
497
498
498
500
500
501
502
504
504
505
507
510
511
514
515
515
515
515
515
517
520
520
520
522
522
523
523
525
525
525
526
527
527
528
528
529
530
531
531
532
534
535
535
535
535
537
538
538
539
539
540
542
544
546
548
548
548
550
553
554
558
559
562
562
563
563
563
564
564
564
564
565
565
566
567
567
568
569
570
570
572
574
575
575
575
576
577
577
577
577
579
579
580
581
581
581
582
583
585
589
589
591
591
591
592
592
593
593
593
593
593
595
597
597
598
600
602
603
604
604
605
606
606
606
607
607
610
612
612
612
612
612
613
615
618
618
618
619
619
620
620
620
620
621
622
622
623
624
625
625
626
626
628
628
629
629
629
630
631
631
635
636
637
637
640
641
641
641
642
643
645
646
646
646
646
646
647
648
648
649
651
651
652
652
655
655
655
657
657
658
660
661
661
663
664
665
665
666
667
668
668
670
670
670
670
671
671
673
674
675
675
676
676
678
679
679
679
679
681
681
682
682
682
683
684
684
684
686
687
687
688
688
691
692
692
692
692
693
697
699
701
701
702
703
703
704
708
710
710
710
710
711
715
718
718
721
721
722
726
727
731
733
733
733
734
740
741
741
741
743
747
748
750
750
751
751
752
754
754
757
757
757
757
758
758
759
760
761
761
763
763
763
764
765
765
768
768
769
769
769
769
769
769
769
770
771
772
772
773
773
773
774
774
776
776
776
778
778
779
780
780
781
782
782
782
783
784
784
785
785
788
788
790
790
790
791
793
795
796
797
797
799
799
799
799
800
801
801
801
802
802
802
805
807
807
808
809
809
810
811
811
813
814
815
816
816
817
817
818
822
824
826
828
828
828
829
831
832
832
832
832
833
834
834
835
835
837
837
838
839
839
842
843
843
843
844
845
845
847
848
848
849
849
852
852
855
856
856
856
858
858
858
859
859
859
860
861
864
865
865
867
867
867
869
870
870
871
871
871
872
872
873
873
874
875
876
876
877
878
878
878
878
879
879
881
882
882
882
883
889
892
895
895
895
896
897
899
901
903
905
905
906
907
907
910
910
911
911
911
911
912
912
914
914
915
915
917
917
917
918
920
921
921
921
922
923
925
928
935
936
937
938
939
940
941
942
942
943
943
944
946
946
946
946
948
951
951
952
952
953
953
954
955
956
957
957
958
961
961
962
962
963
963
965
966
967
968
968
969
970
971
972
973
975
976
976
977
978
978
979
980
980
981
982
983
983
983
984
984
985
985
987
988
989
989
990
991
991
991
991
992
993
995
997
1000
1000
1001
1002
1004
1004
1004
1005
1006
1007
1010
1010
1010
1011
1013
1015
1016
1017
1017
1017
1019
1021
1021
1022
1022
1022
1023
1024
1026
1026
1027
1028
1030
1031
1031
1032
1033
1034
1036
1037
1038
1043
1043
1044
1044
1045
1045
1048
1049
1050
1050
1051
1052
1052
1052
1052
1053
1054
1056
1057
1060
1061
1062
1063
1066
1067
1070
1070
1073
1073
1075
1077
1077
1077
1079
1081
1081
1084
1085
1089
1089
1090
1090
1090
1091
1092
1092
1092
1093
1094
1094
1097
1098
1098
1101
1102
1105
1107
1107
1108
1108
1109
1110
1110
1111
1111
1111
1112
1113
1113
1114
1114
1114
1116
1116
1117
1120
1123
1124
1124
1126
1127
1128
1129
1130
1131
1132
1132
1132
1133
1133
1134
1135
1136
1136
1136
1136
1137
1139
1140
1140
1141
1143
1143
1144
1144
1145
1146
1146
1146
1148
1148
1149
1149
1150
1150
1151
1151
1152
1156
1156
1156
1157
1158
1161
1162
1163
1163
1166
1167
1169
1169
1171
1171
1171
1172
1173
1174
1175
1180
1180
1182
1182
1184
1192
1195
1195
1197
1200
1201
1201
1201
1201
1202
1202
1202
1203
1203
1203
1204
1206
1209
1209
1210
1210
1210
1210
1211
1214
1214
1215
1215
1216
1216
1216
1217
1219
1219
1220
1220
1221
1222
1222
1223
1224
1227
1229
1230
1230
1231
1232
1233
1234
1235
1236
1238
1238
1239
1240
1240
1241
1241
1243
1243
1243
1244
1244
1246
1246
1247
1247
1248
1249
1250
1251
1254
1254
1255
1255
1256
1256
1257
1257
1258
1258
1258
1259
1259
1260
1261
1263
1263
1263
1263
1264
1264
1265
1266
1269
1271
1271
1271
1272
1275
1277
1278
1282
1283
1283
1284
1285
1286
1289
1290
1290
1291
1291
1294
1297
1298
1298
1300
1301
1302
1302
1305
1305
1305
1306
1307
1307
1308
1310
1310
1311
1312
1312
1314
1318
1318
1319
1319
1320
1320
1321
1322
1323
1324
1325
1327
1329
1329
1329
1330
1333
1334
1337
1338
1339
1339
1339
1339
1340
1340
1341
1342
1343
1343
1343
1343
1344
1345
1345
1346
1346
1347
1348
1348
1349
1350
1351
1352
1352
1354
1354
1356
1358
1360
1361
1362
1362
1362
1363
1363
1363
1367
1367
1368
1369
1371
1372
1372
1373
1374
1374
1375
1375
1377
1377
1380
1381
1382
1382
1384
1385
1385
1386
1386
1388
1389
1389
1391
1392
1393
1394
1396
1397
1397
1398
1400
1400
1401
1401
1404
1404
1404
1404
1405
1405
1406
1408
1408
1409
1410
1410
1415
1415
1417
1419
1419
1419
1420
1420
1423
1424
1424
1424
1424
1425
1426
1432
1433
1434
1438
1439
1439
1440
1441
1442
1442
1443
1443
1447
1447
1448
1449
1449
1450
1451
1454
1454
1455
1456
1457
1459
1461
1462
1462
1462
1464
1464
1465
1466
1466
1466
1473
1474
1475
1476
1476
1479
1480
1480
1481
1482
1484
1484
1484
1484
1485
1485
1485
1486
1486
1489
1490
1491
1492
1495
1495
1496
1497
1499
1500
1500
1500
1500
1501
1501
1501
1502
1503
1503
1503
1504
1504
1504
1505
1505
1506
1507
1507
1507
1509
1511
1515
1516
1517
1518
1518
1519
1520
1521
1522
1522
1525
1526
1526
1526
1528
1528
1528
1529
1529
1530
1531
1531
1532
1532
1533
1534
1534
1535
1536
1536
1536
1538
1541
1541
1543
1544
1545
1546
1547
1547
1548
1550
1551
1551
1552
1552
1552
1553
1554
1555
1555
1557
1557
1557
1558
1559
1559
1560
1560
1561
1563
1564
1564
1564
1564
1564
1565
1566
1567
1567
1567
1567
1568
1569
1570
1571
1571
1572
1573
1575
1576
1576
1577
1577
1577
1579
1580
1580
1581
1583
1583
1585
1587
1587
1587
1588
1588
1588
1589
1589
1591
1591
1591
1595
1595
1597
1597
1598
1598
1598
1600
1602
1602
1603
1603
1604
1605
1606
1608
1608
1609
1612
1612
1613
1614
1615
1615
1615
1615
1616
1616
1617
1617
1774
531
1001
234
566
565
539
115
166
465
736
1277
23
198
816
322
1248
1461
931
192
1034
154
1414
1616
48
865
1334
130
471
1405
1016
380
1185
41
79
1482
171
94
338
122
973
1523
1332
1158
1595
298
452
1109
1273
278
737
1199
1356
49
745
856
972
1523
415
502
1212
1048
577
451
1385
158
1487
945
395
110
944
46
468
869
833
1519
123
770
1119
223
1022
16
1057
1200
611
1272
584
1116
610
679
4
670
1401
978
275
1225
56
990
1581
507
579
986
1147
438
1467
1582
535
78
907
172
852
15
1606
356
658
951
552
921
1251
50
163
814
1316
65
623
316
1551
161
95
482
1012
454
927
1235
282
925
577
1034
629
1302
1379
1510
1464
442
1363
1443
286
844
1135
1568
130
372
1227
624
1021
586
569
1259
1612
151
581
1046
1458
630
701
647
1146
1276
793
1377
433
110
133
1506
848
272
688
706
849
852
663
403
1178
1194
1232
1535
211
798
1611
971
713
1044
1095
187
641
790
777
1376
939
1121
1256
1390
64
696
1457
942
805
1447
138
359
1211
1473
1185
961
177
94
1441
821
142
673
1382
282
1106
1534
1376
39
1363
1238
17
199
550
542
780
1110
107
155
898
30
909
1032
132
1362
13
1272
609
912
1043
1050
1186
980
90
486
668
1207
656
1034
1511
527
859
1558
1582
901
209
133
739
75
936
470
499
1438
980
1168
1593
1238
424
474
1103
326
402
1161
1220
1154
877
1012
1566
1470
420
950
1501
312
312
648
1595
238
75
728
971
1294
621
1407
1496
725
321
1493
64
652
727
197
610
671
930
1118
883
501
1103
1060
718
1525
1312
298
964
1206
457
951
476
259
999
1123
1279
44
1008
882
1462
89
421
760
880
630
847
1337
880
1422
1064
1508
284
308
711
270
1159
657
1134
1528
1320
281
768
1165
323
623
1318
34
561
1043
106
1500
560
19
1191
780
944
283
475
1513
640
690
1323
1388
704
860
1141
1484
238
1162
751
412
893
1401
438
1135
628
240
534
850
1443
456
1217
280
697
812
452
1176
1433
552
826
52
82
1247
308
994
1292
13
1158
509
1359
475
729
197
460
1182
1075
126
1426
697
1084
809
203
811
868
989
729
664
898
1607
333
447
104
673
1263
1163
217
1565
169
247
658
831
1458
1601
1239
185
333
866
36
632
332
1342
534
458
1223
1539
1269
1286
1421
557
1253
1460
859
1000
854
1221
770
216
973
567
698
1133
178
1177
610
1153
1158
348
1341
695
976
1604
307
1615
340
1483
1608
606
827
1196
1456
500
849
841
1181
788
1590
154
978
158
1606
104
914
1548
647
605
1157
285
517
699
716
1368
151
1595
1297
919
165
160
604
633
436
519
43
85
1400
1391
1344
1340
757
859
1461
752
1096
375
644
1294
1002
1087
125
521
560
1031
1358
1125
1326
1213
393
686
1418
674
1532
830
1429
1593
123
598
242
906
350
779
406
985
498
1351
1158
186
363
941
1402
1490
82
300
1385
1582
410
930
220
1131
572
647
1147
382
1288
1377
492
787
1388
979
284
1170
269
1283
175
515
846
1041
681
331
1056
17
1313
329
1203
1427
1451
349
530
1201
1207
83
211
939
1004
844
1378
91
312
856
695
843
1111
1407
363
1308
411
622
1100
156
580
627
1247
38
720
777
1258
1344
998
720
730
1084
1435
90
946
36
602
1336
1435
487
584
1094
555
768
539
753
1319
214
1520
521
713
874
1107
1141
643
1082
1609
818
354
350
392
251
260
1459
546
1090
1278
751
1000
1365
499
535
556
934
1327
390
1066
63
232
1478
1039
1298
218
941
1284
1596
275
115
1526
1047
500
55
1492
128
179
181
1120
35
154
848
1184
127
1385
668
228
644
1460
1588
1060
1463
1563
1354
1159
42
134
454
494
849
1125
730
347
921
1395
934
1229
385
625
574
683
1031
535
1078
293
169
291
973
368
14
472
1241
1385
1235
115
224
217
1004
1368
1606
464
1103
746
766
133
602
256
810
1493
714
919
927
1258
465
1281
554
733
1144
1444
248
827
1487
374
635
940
712
1234
123
232
461
470
1310
681
412
434
570
1401
1444
385
766
1099
1446
291
396
686
799
389
223
483
586
677
989
36
883
1275
731
199
609
1177
1107
213
28
205
972
211
449
209
220
974
988
1515
1272
206
753
260
1189
1353
1572
466
1225
1332
438
889
1520
2
197
1488
1445
251
708
6
1533
42
420
512
992
1007
1509
1587
527
1294
598
1600
76
649
1412
889
1399
249
771
1337
1246
1506
140
961
1601
895
171
251
1085
572
1301
1472
659
1239
43
933
883
1062
1133
414
1526
1193
1011
745
773
31
159
445
1261
256
389
687
1110
209
435
799
1169
1378
1487
427
1319
1380
1373
713
1392
1098
1159
168
1411
1429
1203
1435
286
1207
933
106
156
1362
1603
364
28
519
719
1316
1425
569
555
1528
588
1433
571
1325
840
185
311
686
596
1232
1577
771
117
501
157
20
868
215
403
428
513
984
160
1011
1057
401
867
1078
530
748
1495
521
306
964
449
799
291
312
1269
266
850
1446
994
1509
1601
7
339
983
1052
111
844
485
1574
793
356
526
921
1233
15
131
1616
845
929
1011
105
309
884
246
1131
1430
422
550
886
336
910
333
1299
891
782
1085
541
1367
72
165
364
1202
862
1578
812
1464
1158
1207
433
953
1178
756
473
496
746
1576
1235
1070
1078
499
1453
115
527
218
135
618
712
1224
1466
1147
1246
998
375
443
1170
1253
784
681
1189
107
948
438
722
963
1072
1369
561
770
323
66
1385
139
573
3
1284
1280
177
409
1005
1245
72
714
278
534
264
529
1237
1498
1032
872
1595
494
352
1079
802
515
20
203
1158
255
733
197
1587
1492
913
770
1127
1579
69
388
740
1563
25
492
1345
1066
1258
1277
59
904
384
989
1130
1401
1418
693
668
774
1302
538
1528
628
1457
1150
1299
1558
1373
600
837
81
1272
1396
440
934
1112
1315
1073
818
526
210
1014
409
1160
1353
52
1009
1536
500
1519
307
1401
158
775
529
794
1018
1280
742
22
357
370
1513
1487
1171
1297
146
987
690
137
1236
219
792
1292
1589
530
1490
137
178
212
1426
1585
862
1024
1127
668
606
1204
212
966
1396
508
831
1069
1312
888
36
647
1217
492
1126
302
1147
773
74
979
169
1159
1162
179
841
691
902
1485
1009
529
1026
456
652
936
573
1611
622
1011
1182
170
1597
1229
330
1469
689
84
1152
751
961
1511
265
451
1565
1364
181
372
1261
1541
887
1447
1225
1570
107
968
1595
331
993
1612
33
354
758
63
821
296
651
1316
1478
1147
1189
404
72
738
973
367
1306
55
50
549
1328
1468
1438
918
1478
478
536
715
562
592
1203
1452
48
589
223
1524
499
1391
683
1417
1097
1492
652
773
1082
1578
235
545
990
7
412
798
149
776
568
761
782
886
1517
1612
1306
220
657
1226
1362
664
1007
1064
1407
1347
1565
963
1170
874
730
1529
1405
841
449
939
101
1308
600
163
1125
1290
261
349
307
813
84
24
1447
623
1042
261
1030
1226
38
956
353
812
520
1477
1161
792
669
1270
16
1110
1080
1164
990
1067
1175
1563
214
1295
1412
540
688
681
795
19
764
1048
1050
186
1226
1207
371
49
643
1304
1609
924
332
456
569
1070
41
325
782
1098
440
51
260
444
226
487
1063
1589
105
267
1357
951
264
1598
823
1021
1432
1401
536
1474
1012
162
1466
557
426
962
472
549
1585
718
1452
610
1466
294
1121
917
1443
1104
730
291
741
970
1125
1011
1534
79
1385
7
291
752
764
725
730
862
363
24
327
952
1268
1024
200
1171
326
1581
299
611
1365
571
294
611
1277
1427
186
1179
1101
93
915
128
486
1264
1267
118
976
1015
913
967
194
252
84
381
463
662
14
630
1078
1397
987
1455
849
1316
602
660
766
1386
1440
583
1499
476
379
1286
1462
401
202
379
1447
1380
1610
1506
103
354
262
907
117
1051
1336
1396
346
1039
400
98
1005
171
729
782
1159
1206
1543
160
246
686
189
547
604
595
688
1013
1348
344
1614
1578
287
1184
1473
203
1101
267
688
1352
1580
127
1128
923
1397
298
1020
1143
1048
642
596
1338
214
292
1152
598
755
490
552
1117
148
1413
1460
131
197
1247
1310
109
1533
303
1254
1179
186
1022
961
613
82
294
390
841
413
541
1406
1219
1301
1136
1374
1308
1478
823
1243
636
1000
474
841
1246
1285
1401
731
1400
1519
92
255
534
655
36
879
1102
312
426
897
41
231
1492
367
736
892
1058
368
47
201
102
1054
1028
343
395
206
792
968
1041
802
1321
1558
944
1492
497
1124
1492
1118
1303
848
334
1608
1601
321
502
1297
1470
1223
1545
1252
373
813
541
95
906
20
675
88
656
111
536
1010
1505
273
310
600
359
1291
1463
1574
420
1485
547
888
535
1388
247
259
301
1242
1458
567
998
164
492
798
1224
1245
1480
1557
322
1253
730
1525
1604
41
1308
37
292
543
1373
398
1239
1540
719
1228
1598
163
1392
1588
1103
1148
1224
408
1123
121
931
1320
168
604
808
1326
715
956
1608
636
190
1438
484
1506
889
627
1093
265
1420
649
521
1363
55
187
261
655
832
1183
570
1353
297
1069
