1089
1088
1
1
1
2
2
3
3
3
4
4
4
6
6
7
7
7
7
7
7
7
7
8
8
8
9
9
9
10
10
10
10
10
11
11
11
12
12
12
13
13
14
14
15
15
15
15
15
16
16
16
16
16
17
18
18
19
19
20
20
21
21
22
22
22
22
22
23
24
24
24
24
25
25
25
25
25
26
29
29
29
29
29
30
30
30
30
31
31
32
32
32
34
34
34
34
35
35
35
36
36
37
37
37
37
37
39
39
39
40
40
40
41
41
42
43
43
43
44
44
44
44
45
45
45
45
45
47
47
47
48
49
49
49
49
49
50
50
50
50
50
51
51
51
53
53
54
55
56
56
56
56
56
57
57
57
57
57
58
58
58
58
58
59
60
60
60
60
60
60
61
62
62
62
62
62
62
63
63
63
64
65
65
65
66
67
67
67
68
69
70
71
73
74
74
74
74
74
74
76
76
76
76
77
77
77
78
79
79
79
80
80
80
80
80
81
81
82
82
82
82
83
83
83
83
84
84
84
84
85
85
86
86
87
88
88
89
89
89
91
91
92
92
93
94
94
94
95
95
96
97
97
98
98
99
99
99
99
100
101
101
101
101
102
102
102
103
103
103
104
104
104
105
107
107
107
107
107
107
108
108
108
108
109
109
110
110
110
111
111
111
112
112
112
113
113
113
114
114
114
114
115
116
116
116
116
117
117
117
117
118
118
121
122
122
123
123
123
123
124
124
125
125
127
127
127
127
127
127
128
128
129
130
131
132
132
133
133
133
133
134
134
134
137
138
138
138
138
139
139
140
140
140
141
141
141
142
142
142
143
143
143
144
144
144
145
146
147
148
149
150
151
151
151
151
152
152
153
155
156
157
158
158
158
158
158
159
159
159
160
163
164
164
165
165
167
167
168
168
171
171
171
172
172
172
174
175
175
176
177
177
177
177
177
180
181
181
183
185
185
186
186
186
186
187
187
187
188
190
190
190
190
193
193
194
194
194
195
196
196
199
199
199
200
200
201
201
201
201
201
201
201
201
202
202
202
202
202
203
204
205
205
205
206
207
208
208
208
209
209
210
211
213
214
214
214
215
216
217
217
217
218
218
218
219
219
219
220
220
220
220
220
221
221
222
223
224
226
228
228
228
230
231
232
232
235
235
235
236
236
236
237
237
238
239
239
241
242
242
242
243
244
244
246
246
246
247
247
247
247
247
248
248
249
250
250
251
251
252
252
252
252
255
255
255
256
256
257
258
258
258
258
259
259
259
259
261
262
264
265
266
266
267
268
268
270
270
271
272
273
273
274
276
278
280
280
281
281
283
283
284
285
286
288
288
288
288
289
289
289
290
290
290
291
291
291
292
292
292
292
292
293
293
293
293
293
293
294
294
295
296
296
297
299
299
299
299
299
300
300
301
301
304
304
304
304
305
305
306
309
309
310
310
313
314
314
315
315
315
319
319
319
319
320
320
320
320
321
321
322
322
324
324
324
324
325
325
325
326
329
334
334
336
336
336
336
336
337
339
341
342
345
345
346
347
347
348
350
350
351
351
351
353
353
354
354
355
356
356
358
358
359
359
361
361
362
362
362
362
363
367
368
368
368
368
370
371
371
371
372
372
375
375
376
377
378
380
381
381
381
381
382
382
383
383
383
385
386
387
387
391
392
393
395
396
397
397
399
402
404
404
404
405
407
409
411
411
412
412
412
418
419
421
424
425
425
426
426
426
426
428
428
429
429
430
431
432
432
434
436
436
438
438
438
439
440
440
441
441
441
442
442
444
446
449
451
451
451
452
454
455
455
456
459
461
461
461
462
462
465
465
465
465
466
467
468
469
469
469
471
475
475
476
478
479
481
481
484
484
484
486
486
486
486
488
488
489
489
489
489
489
491
492
493
493
495
496
497
497
500
500
500
502
503
504
505
506
506
507
507
507
508
509
511
512
512
513
514
514
515
516
517
519
521
521
521
522
522
522
523
523
523
525
527
527
528
530
531
533
534
535
537
537
538
538
538
539
540
544
548
548
549
552
553
555
556
559
560
560
563
563
564
564
565
568
569
569
571
572
574
575
579
579
580
581
581
583
589
591
592
593
594
594
594
595
595
596
596
599
602
604
610
610
611
612
613
615
618
619
624
625
625
629
631
636
640
640
645
648
650
650
650
651
656
657
657
657
660
669
671
671
672
673
681
684
685
685
686
688
691
691
692
695
697
699
701
702
702
703
703
703
705
706
708
712
713
714
714
715
716
718
718
719
720
722
726
727
731
732
733
734
736
736
743
745
745
747
754
758
759
760
760
762
768
770
774
774
778
778
780
783
785
787
787
787
788
791
793
796
797
799
801
802
804
804
806
807
810
813
823
825
837
838
839
841
842
843
848
850
854
854
855
862
864
865
866
866
869
872
879
881
882
883
885
890
895
895
898
902
910
913
914
918
930
936
938
940
949
953
966
980
983
984
993
1014
1015
1017
1029
1050
1088
2
3
17
5
66
4
7
15
6
48
246
8
20
9
10
11
24
49
51
216
737
25
28
72
12
32
36
13
14
29
67
103
169
261
347
23
73
237
19
557
18
22
16
21
53
83
92
26
119
240
275
327
546
250
330
35
87
27
90
105
313
34
43
80
113
507
33
40
41
60
823
31
46
106
355
471
195
30
37
44
104
181
56
130
167
232
38
192
42
54
1083
115
131
155
670
101
120
188
55
118
39
57
59
137
187
126
203
939
78
88
1089
94
112
61
84
248
364
45
244
547
851
47
50
74
81
325
58
211
338
52
85
102
122
442
616
159
165
209
239
285
68
75
419
64
276
279
316
63
93
136
323
520
62
135
263
290
1029
79
99
100
108
193
116
70
76
117
144
153
501
69
89
185
215
262
579
818
65
77
96
134
98
140
154
182
210
769
815
129
71
123
269
562
82
97
127
321
671
843
86
149
234
483
91
595
829
308
162
353
795
125
376
531
591
1074
283
687
95
110
368
512
179
518
609
983
139
147
554
573
372
833
288
361
604
628
944
398
438
479
152
515
114
200
600
307
659
722
143
292
170
107
536
463
524
161
257
577
710
164
109
222
344
464
121
189
312
145
173
450
132
256
612
448
111
128
133
202
220
280
300
373
445
658
272
303
328
426
481
422
593
798
446
566
937
150
366
526
163
177
306
310
226
124
343
543
551
156
259
584
1086
317
475
349
230
693
142
160
1005
1024
158
266
331
406
178
183
184
559
644
725
214
236
1009
346
884
138
191
168
205
297
309
255
294
1012
146
141
359
374
400
235
472
207
218
977
148
794
923
332
341
699
282
661
826
151
176
286
716
221
805
315
277
171
157
201
238
242
166
302
830
558
1013
197
172
199
342
542
617
198
407
1076
241
357
175
204
219
439
174
533
653
869
229
351
848
196
284
784
702
268
749
352
180
186
190
217
251
278
213
510
901
243
597
194
227
807
921
208
409
750
772
245
298
530
666
354
381
225
247
523
929
301
970
206
270
690
228
692
224
363
404
425
469
506
522
537
265
571
673
676
821
717
379
252
337
456
936
766
254
429
895
295
669
453
212
267
223
602
1075
814
410
274
728
816
370
433
648
397
412
532
258
299
490
832
1000
231
741
639
350
938
233
326
360
877
253
388
495
525
735
758
904
421
665
681
340
413
645
291
742
756
271
273
289
504
427
473
435
467
574
394
452
618
621
686
249
434
287
384
605
548
1038
319
447
594
691
260
311
318
389
825
392
264
367
401
740
590
622
656
1011
339
281
377
511
549
614
724
380
738
356
761
482
477
369
906
414
582
358
293
975
362
466
634
892
508
1067
943
399
449
459
855
334
336
1014
411
476
592
305
333
497
296
428
499
581
697
314
393
636
933
980
1069
423
806
752
478
704
461
304
391
487
502
626
387
650
468
965
320
345
521
660
371
599
637
470
813
513
619
694
324
853
378
424
1036
322
578
808
867
329
383
440
465
538
837
382
588
335
348
418
998
443
491
786
541
663
385
720
386
417
451
462
1078
486
607
629
517
375
801
365
437
441
576
580
866
431
755
1060
416
500
480
891
701
488
966
534
778
528
819
403
785
561
624
675
796
415
959
420
556
1042
1048
680
405
408
585
545
652
430
898
620
1066
390
529
402
432
748
973
455
705
496
729
1010
395
787
436
610
503
1008
454
396
489
494
828
803
685
474
674
885
765
713
762
484
647
514
721
822
925
917
587
550
572
1002
575
646
730
990
535
874
444
519
458
797
715
781
633
539
615
668
950
1020
667
662
1062
560
712
916
460
613
457
696
744
601
625
763
1035
516
485
583
651
850
598
782
894
962
974
493
569
627
1043
711
654
849
623
746
844
682
527
739
492
862
820
565
997
719
1016
1018
509
672
759
827
505
743
498
564
589
632
804
553
791
603
655
1077
552
968
987
635
679
1082
736
688
757
563
657
726
753
773
812
664
909
840
723
978
596
608
886
928
958
789
751
714
777
920
684
689
745
878
880
963
995
540
706
1021
783
567
734
1030
764
709
754
555
824
948
979
544
864
570
986
1046
1071
698
643
989
568
638
961
774
1064
640
908
932
708
642
905
793
586
911
1006
611
900
1063
903
1079
992
888
817
683
934
606
907
913
994
1061
856
875
800
641
912
775
902
1081
1015
678
733
889
631
770
677
767
630
993
854
695
700
649
790
788
857
982
1049
1031
703
731
890
1041
896
893
915
951
707
964
861
834
1051
988
1033
732
771
839
718
747
1044
897
776
922
914
1028
1037
910
858
1080
1085
887
727
876
779
760
841
842
991
971
809
847
1003
768
872
1057
952
810
1039
846
780
924
792
835
919
946
879
996
845
1007
802
969
999
831
860
985
941
942
799
836
953
926
882
852
871
972
1032
859
1088
838
927
1072
811
865
947
1059
870
940
881
873
868
976
863
957
960
956
1025
931
930
1040
883
949
1019
1087
1023
1026
1001
899
1034
1065
1052
954
1070
1045
955
1068
918
1053
935
1004
945
967
1084
1027
1017
984
981
1073
1050
1055
1022
1056
1047
1058
1054
1055
3
7
9
10
11
11
15
18
19
19
20
22
25
26
27
27
27
28
28
29
30
31
32
34
34
35
36
37
40
40
40
41
44
45
48
51
51
53
58
58
59
60
60
61
62
63
63
65
66
66
67
68
68
68
70
73
73
74
74
76
76
77
78
78
80
81
84
85
86
90
93
93
95
95
98
101
103
104
105
106
111
112
113
115
116
116
116
117
119
121
121
124
126
126
128
128
129
134
135
137
137
137
137
138
139
139
140
143
143
144
144
145
145
146
148
148
149
151
153
154
154
156
156
158
159
161
163
164
166
167
169
169
169
170
173
173
173
173
173
176
178
178
179
180
180
181
185
188
188
188
190
190
191
191
192
192
192
194
195
197
198
199
201
202
203
203
205
208
208
209
210
212
213
214
215
216
217
218
218
219
220
221
221
222
224
224
224
225
227
228
229
233
235
235
235
236
236
238
238
238
239
239
240
240
241
244
244
244
245
246
246
247
248
249
253
255
255
255
259
259
260
261
262
264
265
266
268
268
268
274
274
274
275
277
277
278
279
279
279
281
281
281
282
283
283
284
284
284
285
285
287
287
289
289
290
290
290
291
291
291
292
293
294
295
296
297
298
299
299
299
299
301
301
302
306
306
308
311
313
314
314
317
318
319
323
327
327
330
333
334
335
335
336
338
339
339
339
340
340
343
344
345
345
345
346
347
348
348
348
348
349
349
349
350
352
352
354
356
357
360
360
362
363
364
365
365
365
365
366
369
371
372
373
374
374
375
376
376
380
380
382
382
383
383
384
384
384
386
389
389
390
390
393
393
394
396
397
397
398
400
401
404
406
408
409
410
410
410
412
418
418
419
420
420
420
422
423
427
429
430
430
431
432
432
435
435
436
436
438
440
440
442
442
444
445
446
446
447
447
447
448
449
450
451
452
453
453
455
458
459
459
459
461
461
462
462
463
464
464
466
466
469
469
469
471
471
471
472
473
473
476
478
478
478
478
480
480
480
480
484
486
487
487
488
489
490
491
492
494
496
496
498
499
500
501
502
504
504
505
509
509
509
511
514
514
515
519
520
522
522
522
523
523
523
523
524
525
525
526
527
527
528
530
531
531
532
533
533
533
533
533
533
533
535
537
538
538
538
539
539
540
541
542
542
546
546
546
548
548
550
552
553
556
558
558
558
558
559
559
559
559
559
560
561
562
563
565
565
566
566
568
570
573
578
582
584
584
585
587
587
587
588
589
592
594
594
595
596
596
596
597
597
598
600
600
600
600
601
602
603
603
603
603
605
605
609
610
611
612
613
614
614
614
615
615
616
616
617
617
618
618
619
620
621
621
623
623
624
625
626
627
628
630
632
634
634
635
635
636
636
636
637
637
638
640
640
641
641
643
643
643
643
644
645
646
646
646
647
648
650
651
653
654
654
654
655
656
657
659
659
662
663
665
665
675
675
675
677
677
677
678
679
683
683
685
687
689
691
691
692
693
695
698
699
702
703
703
704
705
705
707
707
708
708
708
709
710
711
716
716
717
718
722
724
724
724
724
726
728
729
729
730
730
731
731
734
734
734
735
736
737
737
737
739
739
739
740
742
742
743
743
744
745
746
746
748
749
750
751
752
753
754
754
755
758
759
759
759
760
762
762
763
763
764
765
766
766
768
768
770
771
772
772
772
773
777
777
778
779
779
780
782
783
787
791
791
793
795
796
796
797
798
800
800
802
803
806
808
808
809
809
810
810
810
811
812
815
816
817
818
818
820
821
822
823
823
823
824
825
825
827
828
829
829
830
830
830
830
831
839
839
840
840
841
841
842
845
846
846
846
847
847
848
848
849
849
851
853
854
855
855
856
856
856
857
857
859
860
860
861
862
862
863
865
865
869
869
869
870
870
871
874
875
878
880
881
881
881
882
882
882
884
885
886
886
887
887
888
890
890
892
896
898
898
898
899
900
901
902
904
905
906
907
908
909
911
913
913
914
914
915
915
918
919
919
920
923
924
926
926
927
927
928
930
932
933
935
936
937
937
937
938
939
940
940
941
941
942
943
944
945
945
946
947
950
951
956
956
956
957
959
961
961
962
965
966
967
970
971
973
974
975
976
979
981
981
983
984
984
985
986
986
987
991
992
994
996
999
1000
1001
1001
1002
1002
1002
1004
1005
1005
1006
1006
1006
1007
1011
1011
1011
1011
1011
1013
1013
1014
1014
1014
1016
1016
1019
1019
1020
1020
1022
1025
1025
1025
1026
1027
1028
1028
1028
1029
1032
1032
1032
1034
1035
1035
1035
1035
1038
1039
1039
1039
1041
1042
1044
1045
1045
1046
1048
1049
1050
1050
1050
1051
1051
1052
1052
1054
1054
1055
1056
1056
1056
1056
1057
1058
1059
1060
1061
1061
1062
1062
1063
1063
1063
1064
1065
1065
1066
1067
1067
1067
1068
1069
1070
1071
1071
1073
1074
1074
1074
1075
1076
1077
1079
1079
1080
1081
1083
1084
1084
1084
1085
1085
1085
1085
1086
1087
1055
413
595
798
202
54
66
755
772
703
741
524
729
518
386
279
374
657
273
1042
606
191
416
986
341
1041
476
1007
83
372
585
807
448
498
11
378
836
997
561
939
1081
747
158
193
72
784
296
419
852
816
1022
74
380
394
547
17
873
927
723
732
92
708
641
840
916
404
988
316
754
434
137
438
867
8
155
680
570
1040
774
398
572
1080
136
794
931
364
459
937
337
181
93
335
398
289
1079
186
916
625
425
23
6
354
564
927
239
53
275
1048
155
342
414
744
224
670
352
511
766
489
742
742
173
176
86
811
838
480
211
159
376
505
99
462
515
993
646
134
185
374
771
848
637
67
788
108
310
879
767
45
329
517
576
273
375
880
967
280
718
881
1084
37
221
144
352
56
458
687
900
298
956
979
425
196
993
333
813
95
413
900
213
918
148
352
86
602
528
113
187
901
145
389
824
23
95
340
526
808
690
924
337
471
786
216
845
551
767
91
22
649
1035
1045
462
779
582
281
749
898
126
741
776
625
986
772
160
505
1018
320
382
544
593
652
332
719
851
1002
391
627
686
178
262
307
57
497
875
832
132
887
105
873
879
103
763
854
1045
928
976
332
410
943
637
816
936
640
755
817
477
1049
333
1066
101
280
704
948
942
996
318
259
422
654
971
952
417
963
501
276
896
116
291
815
203
1008
214
30
1081
504
371
247
453
1014
253
833
44
562
698
734
808
795
592
364
386
396
638
442
673
950
205
203
680
486
599
781
51
520
474
182
416
19
290
348
384
294
229
925
823
978
718
931
968
230
1089
602
1066
37
935
675
756
174
264
458
719
485
611
531
1070
331
947
606
43
60
536
107
545
443
984
958
783
751
188
524
1026
1049
312
422
597
110
900
981
790
896
616
191
355
523
367
119
295
80
190
60
612
399
241
1002
290
910
7
997
266
592
233
285
1049
765
398
1004
943
145
705
880
338
45
370
454
828
830
1042
438
625
729
305
633
543
707
536
800
1037
410
796
1020
276
197
666
808
81
106
181
1088
160
462
651
845
482
482
537
793
1003
647
831
406
990
527
363
625
437
647
67
246
391
759
1054
944
133
161
522
174
325
939
937
580
380
99
505
1023
524
691
745
1061
60
228
739
456
11
737
747
589
125
247
1087
65
91
197
395
519
894
906
577
978
73
586
833
228
279
480
973
93
444
29
549
859
678
706
403
325
276
666
329
760
891
898
202
428
487
695
905
1061
1077
710
148
323
630
335
586
264
839
189
467
896
305
491
493
357
369
781
39
891
605
108
142
312
261
694
731
394
753
255
275
693
699
963
633
442
125
935
983
1075
177
755
975
266
573
768
666
5
250
817
305
924
291
523
188
514
887
995
174
603
590
753
598
741
860
849
901
159
768
965
507
9
706
31
856
399
535
820
961
1053
235
19
569
56
286
156
245
253
450
413
395
300
1025
1089
630
432
743
252
1018
679
754
948
1089
25
230
630
833
610
394
808
961
831
885
1020
91
186
618
937
219
20
787
442
895
501
246
485
551
303
155
199
742
221
659
929
472
144
602
242
478
453
555
622
261
404
1012
185
270
153
888
596
89
229
382
918
569
887
92
1079
543
874
746
938
494
860
957
845
1007
349
923
1003
233
433
719
804
304
549
190
675
574
49
5
341
789
82
292
878
428
638
313
478
851
233
19
626
1069
846
213
565
712
757
207
301
117
917
25
908
809
333
138
174
473
818
299
947
245
392
604
885
574
679
738
668
1040
541
105
516
936
48
776
253
807
468
248
905
32
971
578
682
120
831
1038
1073
1059
76
146
397
282
376
2
1026
504
86
805
886
389
192
359
374
589
175
1029
272
716
803
874
558
244
515
123
326
429
475
30
462
83
505
595
266
1062
448
734
442
845
53
614
1074
217
428
29
133
1064
288
957
773
713
891
256
205
550
1029
137
868
2
57
522
106
203
371
1020
422
810
669
433
572
1063
90
861
1012
772
163
684
901
180
536
207
131
842
479
478
255
538
683
487
43
382
999
766
473
820
887
109
760
320
130
702
433
592
1005
1065
472
34
347
224
763
142
590
672
184
607
731
257
864
685
217
1076
282
792
883
575
485
163
967
466
797
404
471
621
588
732
984
1086
626
517
347
655
822
174
93
37
696
265
383
791
21
312
1088
754
446
336
987
175
141
833
790
353
556
621
332
658
69
52
517
718
528
487
839
128
282
374
896
961
430
44
338
31
193
367
1035
317
698
748
760
1057
95
687
46
836
885
634
662
388
552
76
177
383
601
675
703
561
193
31
415
1001
17
51
225
537
886
93
402
505
918
561
123
197
629
1013
518
971
393
419
208
955
464
98
533
535
295
1079
542
758
345
1000
867
464
848
977
1050
894
819
163
514
637
946
114
373
172
965
1042
1069
30
69
1030
174
410
737
306
763
722
520
529
1009
249
774
1020
953
139
405
32
211
1024
246
452
37
392
459
209
225
833
939
906
1078
