7406
7405
1
1
1
1
1
2
2
2
2
3
3
3
3
4
4
5
5
5
6
6
6
6
6
7
7
7
7
7
7
7
7
7
7
8
9
9
10
10
10
11
11
11
11
12
12
12
12
12
13
13
13
13
13
14
14
14
14
14
14
15
15
15
15
15
17
17
17
17
17
17
18
18
19
19
19
19
19
20
21
21
21
21
21
21
22
22
22
22
23
23
23
23
23
23
25
25
25
25
26
27
27
27
27
28
28
28
28
28
28
29
29
29
29
30
30
31
31
31
32
32
32
32
33
33
33
33
33
33
33
34
34
34
34
35
36
36
38
38
39
39
39
39
40
40
40
40
40
40
40
41
41
41
42
42
42
42
42
43
44
44
44
44
45
45
46
46
46
46
48
48
49
49
49
50
50
51
51
51
51
51
52
52
52
52
52
52
52
53
53
53
54
54
54
54
54
54
54
55
55
55
55
56
56
56
56
57
57
57
57
57
57
58
58
58
58
58
59
59
59
60
60
60
61
61
61
61
61
62
62
62
62
62
63
63
64
64
64
64
64
64
65
65
65
66
66
67
67
67
67
68
68
69
69
70
70
71
71
71
72
72
73
73
73
73
73
73
73
74
74
74
74
74
75
75
75
76
76
76
77
77
77
78
78
78
78
79
79
79
79
80
81
81
81
82
82
82
82
83
83
84
84
84
84
85
85
85
85
86
86
86
86
86
87
87
88
88
88
89
89
89
91
91
92
92
92
92
92
92
92
93
93
94
94
94
94
95
95
95
96
96
96
97
97
97
98
98
98
98
99
99
99
100
101
101
101
102
102
102
103
103
103
103
103
103
104
104
104
104
104
104
105
105
105
106
107
107
107
107
107
107
107
107
108
108
109
109
109
109
110
110
111
111
111
111
111
112
112
112
113
113
114
114
114
114
114
114
114
115
115
115
115
115
115
116
117
118
118
118
119
120
120
120
120
121
122
122
122
123
123
123
124
124
124
124
124
125
125
126
127
127
127
128
128
128
128
129
129
130
130
130
131
131
132
132
132
132
132
132
132
133
133
133
133
134
134
134
134
134
135
135
137
137
138
138
138
138
139
139
139
139
139
139
140
140
141
141
141
141
142
142
142
143
143
143
143
144
144
145
145
145
146
146
147
147
147
148
149
149
150
150
150
151
151
151
152
152
153
154
154
154
154
154
154
154
154
154
155
156
157
158
158
158
158
160
160
160
161
161
162
162
162
163
163
163
164
164
164
164
164
164
164
164
165
165
165
166
166
166
166
166
166
167
167
167
168
168
168
169
170
170
170
170
170
170
170
170
170
170
170
171
171
171
172
172
173
174
174
174
174
175
175
175
176
176
176
176
177
177
177
177
177
179
179
179
179
181
181
181
181
181
181
182
182
182
182
182
182
182
183
183
183
183
183
183
183
183
185
185
186
186
186
186
187
188
189
189
189
189
189
190
190
191
191
191
193
193
193
194
194
194
197
197
197
198
198
199
199
199
199
200
200
201
201
202
202
202
202
202
202
202
202
203
203
204
204
204
204
205
205
205
205
205
205
206
206
207
207
208
208
208
208
209
210
211
212
212
212
213
213
214
214
215
215
216
216
218
218
218
219
219
220
220
221
221
221
221
221
222
222
222
222
223
223
223
223
224
224
224
224
224
225
225
225
226
226
226
228
228
229
229
229
229
230
231
231
231
231
231
232
233
233
233
233
233
234
234
234
234
234
234
234
235
235
236
237
237
237
238
238
238
239
239
239
240
240
241
241
241
241
242
242
242
243
243
244
244
245
245
245
246
246
246
246
246
246
247
247
247
247
248
249
249
249
249
249
249
249
250
250
251
251
252
253
253
254
255
256
256
256
256
257
257
257
257
257
257
257
257
258
258
258
258
258
259
259
259
259
259
260
261
261
262
262
262
263
263
263
263
264
265
266
266
266
266
266
266
266
266
266
266
268
268
269
269
269
271
271
271
271
271
271
271
271
271
272
272
272
272
273
273
274
274
274
275
275
276
276
276
276
277
277
277
277
278
279
280
280
280
281
281
281
281
281
281
283
283
284
284
284
285
285
285
285
286
287
287
288
288
288
288
289
289
289
290
290
290
291
291
292
292
292
292
292
292
292
293
293
293
293
293
293
294
294
294
294
294
295
295
296
296
296
296
296
297
297
297
298
298
298
298
298
299
299
299
300
300
300
301
301
302
302
302
303
303
305
306
306
306
306
307
308
309
309
309
309
310
310
310
311
311
311
311
312
312
312
312
314
314
315
315
315
315
316
316
316
317
317
317
317
318
319
319
319
319
319
319
320
321
321
321
321
322
322
322
322
323
324
325
325
325
326
327
327
327
327
327
328
329
330
330
330
331
331
332
332
332
333
333
333
334
334
335
336
336
336
336
337
338
339
339
341
341
341
342
342
344
344
345
345
345
346
346
347
347
347
347
349
349
349
349
350
351
351
352
352
352
352
353
353
353
353
354
354
355
356
356
356
356
356
358
358
358
359
359
359
359
360
360
361
361
361
361
362
362
362
362
363
363
363
363
363
363
364
364
366
366
366
366
366
367
367
368
369
370
371
371
371
371
372
373
373
373
373
374
374
374
374
375
376
376
376
376
376
376
377
377
379
379
379
380
380
380
380
380
380
381
381
381
382
382
383
383
385
385
386
387
387
388
388
388
388
389
389
389
390
390
390
390
390
390
390
391
391
391
391
392
393
393
394
394
395
395
395
395
396
397
397
398
398
398
399
399
400
400
400
400
400
401
402
404
404
405
406
406
406
406
406
406
406
407
407
407
407
407
408
409
409
409
410
410
411
411
411
411
412
412
412
413
413
414
414
414
414
414
414
415
415
416
416
417
417
418
421
422
422
422
423
423
424
424
424
424
424
425
425
425
425
425
426
426
427
427
428
428
428
428
428
429
430
430
430
430
430
431
432
433
433
433
433
434
434
434
435
435
435
435
436
436
437
438
438
438
438
439
439
440
440
440
440
440
441
441
442
443
443
443
443
443
444
445
446
446
446
446
447
447
448
448
449
449
449
449
450
451
452
452
453
453
453
454
455
455
456
456
456
457
457
457
458
459
459
459
459
461
461
461
461
461
461
461
461
462
462
463
463
463
463
463
463
463
464
465
465
465
466
467
467
467
467
467
467
468
468
469
469
469
471
471
471
472
472
472
472
473
473
473
473
473
473
473
474
475
476
477
477
478
478
478
480
480
480
480
480
480
480
480
481
482
482
482
482
482
483
483
483
484
484
484
484
484
484
484
486
486
486
486
487
487
488
488
489
489
490
490
490
490
491
491
492
493
493
493
494
494
495
495
495
496
496
496
496
497
497
498
498
499
499
499
500
501
503
503
503
503
504
504
505
505
506
506
506
507
508
511
511
512
513
513
514
514
514
514
515
515
515
517
517
518
519
519
520
520
521
521
523
523
524
525
526
526
526
526
527
528
529
529
529
529
529
529
531
535
535
535
535
535
535
535
535
535
536
536
537
537
538
538
538
539
540
540
540
541
541
541
541
542
542
542
542
542
543
543
543
543
544
544
544
544
544
545
545
545
545
547
547
547
547
547
547
547
548
548
549
549
550
550
550
550
550
550
551
552
552
552
553
553
553
553
554
555
555
555
556
556
557
557
557
557
558
558
558
559
559
559
559
559
560
561
561
562
562
562
562
563
563
563
563
563
564
564
564
564
564
565
565
566
567
567
567
568
568
568
569
569
570
570
570
571
571
572
572
572
574
574
575
576
576
577
578
578
579
580
580
580
580
580
580
581
581
581
581
581
581
582
582
582
582
582
583
583
584
584
584
584
585
585
585
586
586
587
587
587
588
588
588
589
591
592
592
592
592
592
592
592
592
592
592
593
594
594
594
595
595
596
597
597
598
599
599
600
600
600
600
601
601
602
602
603
603
603
604
604
604
605
605
605
605
606
607
608
610
611
611
611
611
612
612
612
613
614
615
615
615
615
615
615
615
616
616
616
617
617
617
618
618
618
619
619
619
620
620
620
621
621
622
622
623
623
624
624
624
624
624
625
625
626
626
627
627
628
628
629
629
630
630
630
630
631
632
634
634
635
635
635
636
636
636
639
639
639
640
640
640
641
642
643
644
644
646
647
648
655
655
656
658
659
660
660
660
661
661
661
661
662
663
663
663
663
664
664
665
665
666
667
667
667
667
667
668
669
669
669
670
670
670
670
671
671
671
671
672
672
673
673
673
673
673
673
675
676
676
677
677
677
677
678
679
679
681
682
682
682
683
684
684
684
684
685
686
687
689
689
690
692
692
692
692
692
693
694
694
694
695
695
695
696
698
699
700
700
702
703
703
704
704
704
704
705
705
705
705
705
706
707
707
708
708
708
708
710
710
711
712
712
713
713
713
714
714
714
715
715
717
717
717
717
718
718
718
718
718
719
719
719
720
720
720
722
722
722
722
722
722
723
723
723
723
724
725
725
726
726
726
726
726
727
729
730
731
731
731
732
732
732
734
734
735
735
735
735
735
736
736
736
736
736
737
737
737
738
738
738
740
740
740
740
740
741
741
741
741
742
742
742
742
742
744
744
744
745
746
746
746
747
747
748
749
752
753
753
753
754
754
754
754
754
755
757
759
759
759
759
759
760
760
760
763
763
763
764
764
764
764
765
765
765
767
767
767
769
769
769
769
769
769
769
771
772
772
772
773
774
774
775
775
775
776
776
776
777
778
778
780
780
781
781
781
782
782
783
783
783
783
784
784
784
784
784
784
784
784
785
785
785
786
786
786
787
787
788
788
788
788
789
790
791
791
791
791
792
792
793
793
793
793
794
794
794
794
794
795
796
796
796
798
799
799
800
800
800
800
801
801
801
801
801
802
802
802
802
802
803
803
803
804
806
807
808
808
810
811
811
811
812
812
812
812
813
813
816
816
817
817
817
817
819
820
821
821
821
821
822
823
823
823
823
823
825
825
825
825
826
826
826
827
827
828
828
828
829
830
832
832
832
832
833
833
834
835
835
836
836
836
836
837
837
838
839
839
839
840
841
841
841
842
842
843
843
844
845
845
846
846
848
848
849
849
850
850
851
851
851
852
852
853
853
853
853
854
854
854
855
855
855
856
856
857
857
857
858
858
858
858
858
858
859
859
860
860
860
861
862
863
863
863
864
866
866
866
867
868
869
869
870
872
872
873
875
875
876
877
877
878
879
879
880
880
881
881
881
881
881
882
882
882
882
882
883
884
884
885
885
886
886
887
887
887
888
888
889
889
890
890
890
890
890
891
891
891
893
893
893
894
895
896
898
898
899
900
900
900
901
901
902
903
903
903
903
904
904
904
904
904
905
906
907
908
909
909
909
910
910
910
910
911
912
912
913
913
913
914
914
914
914
914
914
914
914
914
915
915
916
916
916
916
917
917
917
919
919
919
919
919
920
920
920
920
920
921
921
922
923
923
923
923
925
926
926
927
928
928
928
930
930
930
931
931
932
933
933
933
933
934
934
935
935
935
935
935
935
936
936
937
938
938
938
938
939
940
940
940
941
941
941
941
942
942
942
944
945
946
947
947
948
949
949
949
950
950
950
951
951
952
953
953
953
954
955
956
956
956
957
957
957
959
959
959
959
959
960
961
961
961
962
963
963
963
964
964
964
965
965
965
966
966
966
967
967
967
969
969
969
970
970
970
970
971
971
971
972
973
973
973
974
977
978
978
980
981
981
981
982
982
983
984
984
984
986
987
987
988
989
989
990
992
992
992
992
992
993
995
995
995
995
995
996
997
999
999
1002
1002
1002
1002
1002
1004
1004
1004
1004
1004
1004
1004
1005
1006
1006
1006
1006
1007
1007
1007
1009
1010
1010
1011
1011
1012
1012
1013
1013
1013
1013
1014
1014
1016
1016
1017
1018
1018
1018
1020
1020
1021
1021
1022
1022
1022
1023
1023
1023
1026
1027
1027
1028
1028
1030
1031
1032
1032
1033
1033
1033
1033
1033
1034
1035
1035
1036
1036
1036
1037
1037
1038
1038
1038
1038
1038
1039
1039
1039
1039
1040
1040
1041
1041
1041
1041
1041
1042
1043
1044
1044
1044
1045
1046
1048
1048
1050
1051
1051
1051
1052
1053
1054
1054
1054
1055
1055
1055
1055
1055
1056
1056
1057
1057
1057
1057
1058
1059
1059
1060
1060
1060
1061
1061
1061
1061
1062
1062
1063
1064
1064
1064
1065
1065
1066
1066
1066
1066
1066
1067
1067
1068
1068
1068
1070
1071
1071
1071
1072
1072
1072
1074
1074
1075
1076
1077
1077
1077
1077
1077
1079
1079
1079
1079
1081
1081
1081
1082
1082
1083
1083
1084
1084
1085
1085
1086
1086
1086
1087
1088
1088
1090
1090
1090
1091
1091
1091
1092
1092
1093
1093
1094
1094
1095
1095
1098
1098
1098
1098
1098
1099
1101
1102
1104
1106
1106
1106
1106
1106
1106
1106
1106
1107
1107
1108
1109
1111
1112
1112
1112
1112
1113
1116
1116
1116
1116
1118
1118
1119
1119
1119
1119
1120
1120
1120
1123
1124
1124
1125
1125
1125
1126
1126
1128
1128
1129
1129
1129
1129
1129
1130
1131
1131
1131
1133
1133
1133
1133
1133
1135
1135
1135
1135
1135
1136
1136
1136
1137
1137
1138
1138
1138
1139
1141
1141
1142
1143
1143
1143
1144
1144
1144
1144
1144
1144
1145
1145
1145
1146
1147
1147
1147
1147
1148
1149
1149
1151
1151
1154
1154
1156
1156
1157
1157
1157
1159
1159
1160
1160
1161
1162
1164
1164
1164
1164
1165
1166
1166
1167
1167
1167
1167
1167
1168
1168
1168
1168
1170
1170
1170
1170
1170
1171
1172
1172
1173
1173
1174
1175
1175
1175
1175
1175
1175
1177
1177
1177
1178
1180
1180
1180
1180
1182
1183
1183
1184
1184
1186
1186
1186
1187
1189
1189
1191
1191
1192
1192
1192
1192
1193
1193
1193
1193
1194
1194
1194
1195
1196
1197
1197
1199
1200
1200
1200
1202
1202
1202
1203
1203
1204
1204
1204
1205
1205
1206
1207
1208
1208
1209
1209
1209
1209
1210
1210
1210
1211
1211
1213
1214
1214
1214
1214
1214
1215
1216
1217
1218
1218
1218
1219
1219
1219
1219
1219
1219
1220
1220
1221
1221
1221
1222
1222
1223
1224
1225
1226
1226
1227
1227
1227
1228
1229
1229
1229
1230
1230
1231
1232
1232
1233
1234
1236
1236
1237
1237
1237
1238
1238
1239
1239
1239
1239
1240
1240
1242
1242
1242
1242
1244
1244
1244
1245
1246
1246
1247
1247
1248
1249
1249
1249
1250
1250
1250
1251
1251
1251
1251
1251
1253
1255
1256
1256
1257
1257
1258
1258
1258
1259
1259
1260
1261
1261
1261
1262
1262
1262
1263
1263
1263
1264
1264
1265
1265
1267
1267
1269
1272
1272
1272
1273
1273
1274
1274
1275
1276
1276
1276
1278
1279
1279
1279
1280
1280
1280
1280
1282
1282
1283
1283
1284
1284
1285
1285
1286
1286
1287
1288
1290
1290
1291
1291
1291
1291
1292
1293
1294
1294
1294
1295
1295
1296
1296
1296
1296
1297
1297
1299
1299
1299
1299
1299
1300
1300
1300
1300
1302
1302
1303
1304
1305
1305
1305
1305
1306
1306
1306
1306
1307
1307
1309
1311
1312
1313
1313
1313
1313
1313
1313
1313
1314
1314
1314
1315
1315
1316
1317
1317
1317
1317
1318
1319
1320
1320
1321
1323
1324
1324
1325
1325
1327
1327
1327
1327
1327
1328
1328
1330
1330
1331
1331
1331
1332
1332
1332
1333
1333
1333
1334
1334
1336
1336
1337
1337
1338
1339
1340
1341
1341
1341
1341
1343
1344
1345
1346
1346
1348
1349
1349
1349
1349
1349
1349
1349
1351
1353
1354
1354
1356
1356
1357
1357
1357
1357
1358
1358
1358
1359
1359
1360
1360
1360
1360
1361
1363
1363
1363
1363
1364
1365
1365
1366
1367
1367
1368
1368
1370
1370
1370
1370
1371
1371
1371
1372
1372
1372
1372
1374
1374
1375
1375
1376
1377
1378
1379
1379
1380
1380
1380
1383
1383
1384
1385
1385
1386
1386
1387
1387
1388
1388
1388
1389
1390
1391
1391
1392
1393
1394
1394
1396
1398
1398
1398
1398
1398
1399
1399
1399
1401
1401
1402
1403
1403
1403
1407
1408
1408
1412
1412
1413
1414
1414
1414
1415
1416
1417
1417
1417
1417
1418
1418
1419
1420
1420
1421
1421
1421
1422
1423
1424
1426
1427
1427
1428
1429
1429
1429
1430
1430
1430
1430
1431
1431
1431
1431
1433
1434
1434
1434
1435
1437
1437
1437
1437
1438
1438
1438
1439
1440
1440
1441
1441
1441
1442
1442
1443
1443
1444
1445
1446
1447
1447
1448
1448
1448
1448
1449
1449
1450
1450
1450
1450
1451
1451
1452
1453
1453
1455
1455
1456
1456
1458
1458
1458
1458
1459
1460
1460
1461
1461
1461
1463
1463
1464
1465
1465
1465
1465
1465
1466
1466
1466
1468
1468
1469
1469
1469
1470
1470
1471
1471
1472
1472
1472
1475
1475
1476
1476
1477
1478
1478
1479
1479
1480
1482
1482
1482
1482
1483
1484
1485
1485
1486
1487
1487
1489
1489
1490
1490
1491
1491
1492
1494
1495
1495
1495
1496
1496
1497
1497
1498
1499
1501
1501
1502
1504
1504
1505
1505
1506
1506
1506
1507
1509
1511
1511
1512
1512
1513
1513
1514
1514
1515
1516
1517
1517
1518
1519
1519
1521
1521
1522
1522
1522
1523
1524
1524
1524
1525
1525
1525
1529
1530
1530
1531
1531
1531
1531
1531
1531
1531
1533
1534
1535
1536
1536
1538
1539
1539
1540
1540
1541
1541
1542
1542
1542
1543
1543
1546
1546
1546
1548
1548
1549
1549
1549
1550
1551
1551
1552
1554
1554
1554
1555
1555
1555
1556
1556
1557
1557
1557
1558
1558
1558
1558
1559
1559
1560
1561
1562
1562
1562
1562
1563
1563
1564
1564
1564
1564
1564
1566
1567
1567
1568
1568
1572
1574
1575
1575
1575
1575
1575
1575
1575
1576
1576
1576
1576
1576
1576
1578
1578
1579
1581
1581
1581
1581
1582
1582
1582
1582
1582
1583
1585
1585
1585
1585
1585
1585
1587
1588
1588
1588
1589
1589
1589
1589
1590
1593
1595
1596
1596
1598
1598
1599
1599
1600
1600
1600
1601
1601
1601
1601
1602
1602
1602
1602
1603
1603
1604
1605
1605
1605
1605
1606
1606
1606
1607
1608
1608
1608
1608
1610
1610
1611
1612
1613
1614
1614
1615
1615
1615
1616
1616
1616
1617
1617
1617
1617
1617
1618
1618
1619
1619
1619
1620
1621
1621
1622
1622
1624
1624
1624
1625
1625
1625
1626
1627
1628
1630
1630
1631
1632
1632
1632
1634
1634
1636
1636
1638
1639
1640
1640
1641
1641
1641
1641
1642
1642
1643
1644
1645
1645
1646
1646
1647
1649
1649
1650
1650
1650
1651
1652
1653
1653
1654
1654
1654
1655
1655
1655
1657
1657
1658
1658
1659
1661
1662
1662
1665
1667
1668
1668
1668
1668
1668
1668
1669
1669
1669
1670
1670
1671
1672
1672
1672
1673
1673
1673
1674
1675
1675
1675
1676
1677
1677
1678
1679
1680
1680
1681
1681
1682
1683
1684
1684
1684
1687
1687
1687
1688
1688
1688
1689
1689
1689
1689
1689
1690
1692
1692
1692
1694
1696
1697
1697
1698
1698
1699
1700
1701
1702
1702
1702
1703
1704
1704
1706
1706
1707
1707
1707
1708
1709
1710
1710
1710
1711
1711
1711
1712
1712
1712
1713
1714
1714
1715
1716
1716
1717
1717
1718
1719
1719
1720
1720
1720
1721
1721
1722
1722
1723
1723
1724
1725
1726
1728
1728
1728
1730
1731
1732
1733
1734
1734
1735
1738
1738
1739
1739
1740
1741
1741
1741
1741
1742
1742
1742
1743
1743
1744
1746
1747
1747
1748
1749
1750
1751
1752
1752
1753
1753
1754
1756
1757
1757
1758
1758
1759
1760
1762
1762
1762
1762
1763
1764
1765
1767
1767
1767
1767
1768
1768
1769
1769
1769
1769
1770
1771
1771
1772
1773
1773
1774
1774
1775
1775
1775
1776
1777
1777
1777
1780
1783
1783
1783
1783
1786
1787
1788
1788
1788
1789
1789
1789
1791
1792
1792
1793
1793
1794
1794
1794
1795
1795
1796
1796
1799
1799
1801
1801
1801
1802
1802
1804
1805
1805
1807
1807
1807
1807
1807
1808
1808
1809
1809
1809
1810
1812
1812
1812
1812
1812
1812
1813
1816
1817
1817
1819
1819
1821
1821
1822
1822
1822
1824
1824
1826
1826
1827
1829
1829
1829
1830
1830
1830
1830
1830
1830
1831
1831
1831
1831
1832
1833
1833
1833
1834
1834
1834
1834
1835
1837
1838
1838
1840
1840
1840
1840
1841
1841
1846
1846
1846
1847
1847
1848
1849
1850
1850
1850
1852
1852
1852
1852
1853
1856
1856
1857
1857
1858
1858
1858
1858
1859
1860
1860
1861
1861
1861
1863
1863
1865
1865
1866
1868
1868
1868
1868
1868
1869
1870
1870
1871
1873
1876
1876
1877
1877
1878
1878
1878
1878
1879
1880
1881
1881
1881
1881
1884
1884
1884
1884
1885
1885
1887
1887
1887
1888
1888
1888
1888
1890
1891
1892
1892
1894
1895
1895
1895
1898
1898
1899
1901
1902
1902
1903
1904
1904
1905
1905
1906
1907
1907
1907
1909
1909
1910
1910
1912
1912
1912
1912
1912
1913
1913
1914
1915
1916
1917
1918
1920
1920
1921
1922
1922
1924
1925
1925
1925
1925
1926
1927
1927
1927
1927
1928
1928
1928
1929
1930
1930
1932
1934
1934
1935
1936
1937
1937
1937
1938
1939
1940
1940
1941
1944
1944
1944
1945
1945
1945
1946
1947
1947
1948
1948
1949
1949
1949
1950
1950
1951
1951
1952
1952
1952
1953
1953
1954
1955
1955
1956
1956
1957
1957
1958
1958
1960
1961
1961
1962
1963
1963
1963
1964
1965
1965
1966
1967
1968
1968
1970
1971
1971
1972
1973
1973
1973
1974
1975
1976
1977
1977
1978
1979
1979
1980
1980
1981
1983
1983
1984
1984
1984
1984
1987
1987
1987
1988
1988
1988
1988
1989
1990
1991
1992
1993
1996
1996
1997
1997
1997
1998
1998
1999
1999
2000
2000
2001
2002
2002
2005
2005
2006
2006
2006
2008
2008
2009
2010
2011
2013
2013
2014
2014
2015
2015
2015
2015
2016
2016
2016
2016
2016
2016
2018
2020
2020
2021
2023
2023
2024
2026
2028
2028
2030
2031
2032
2032
2032
2033
2033
2034
2034
2035
2035
2035
2035
2035
2035
2035
2037
2037
2037
2038
2038
2039
2039
2039
2039
2040
2040
2040
2040
2041
2041
2042
2042
2042
2042
2043
2043
2043
2044
2045
2045
2047
2048
2049
2050
2050
2050
2051
2051
2052
2052
2056
2057
2058
2059
2059
2059
2059
2061
2061
2062
2063
2063
2064
2064
2065
2069
2070
2070
2071
2071
2075
2076
2076
2076
2077
2077
2077
2077
2077
2079
2080
2081
2084
2084
2086
2086
2086
2086
2087
2088
2088
2089
2090
2090
2091
2091
2091
2091
2091
2092
2093
2093
2093
2096
2097
2098
2099
2100
2100
2100
2102
2102
2102
2104
2104
2105
2105
2106
2107
2108
2108
2108
2108
2109
2110
2112
2112
2114
2116
2116
2116
2118
2119
2119
2119
2120
2121
2122
2123
2124
2124
2125
2125
2126
2126
2126
2127
2129
2132
2132
2133
2134
2134
2134
2135
2136
2138
2138
2138
2140
2140
2140
2140
2142
2144
2144
2145
2146
2146
2147
2148
2148
2148
2149
2149
2149
2151
2153
2154
2154
2154
2154
2154
2155
2157
2157
2157
2157
2158
2159
2159
2160
2161
2161
2162
2164
2165
2166
2166
2167
2170
2170
2171
2172
2175
2175
2175
2175
2176
2176
2177
2177
2177
2178
2178
2184
2184
2185
2185
2185
2185
2187
2187
2188
2188
2189
2190
2190
2191
2191
2191
2192
2193
2194
2196
2197
2198
2199
2201
2201
2201
2202
2203
2203
2204
2204
2204
2204
2205
2206
2206
2207
2207
2207
2208
2209
2211
2211
2213
2215
2216
2217
2217
2219
2219
2220
2220
2220
2220
2221
2223
2223
2225
2225
2228
2228
2228
2229
2229
2231
2231
2231
2232
2232
2233
2233
2234
2235
2235
2236
2237
2237
2238
2239
2240
2240
2240
2241
2241
2241
2242
2243
2245
2245
2246
2246
2248
2248
2249
2249
2253
2254
2256
2257
2257
2258
2260
2260
2261
2262
2263
2264
2265
2268
2270
2270
2270
2272
2273
2273
2273
2274
2276
2276
2277
2278
2279
2281
2282
2282
2283
2283
2285
2285
2285
2286
2287
2287
2287
2288
2289
2290
2292
2293
2296
2299
2299
2302
2302
2302
2303
2304
2304
2305
2305
2305
2306
2307
2308
2308
2308
2312
2312
2312
2316
2317
2317
2318
2319
2319
2319
2320
2322
2323
2325
2326
2327
2328
2329
2329
2329
2329
2330
2330
2331
2331
2333
2334
2335
2337
2338
2341
2341
2342
2342
2342
2342
2343
2343
2344
2345
2345
2348
2352
2354
2356
2358
2358
2360
2360
2360
2360
2360
2360
2361
2363
2363
2363
2363
2364
2365
2365
2367
2368
2369
2369
2370
2371
2371
2371
2373
2373
2374
2375
2375
2378
2378
2379
2382
2382
2382
2383
2383
2383
2383
2384
2384
2384
2384
2384
2385
2385
2386
2386
2388
2388
2389
2389
2390
2391
2392
2393
2396
2397
2397
2404
2404
2405
2405
2409
2409
2409
2409
2409
2410
2411
2412
2412
2413
2416
2417
2418
2418
2419
2420
2420
2421
2422
2422
2425
2425
2426
2429
2431
2434
2435
2435
2436
2436
2436
2438
2440
2441
2442
2443
2443
2444
2445
2446
2447
2447
2448
2449
2449
2450
2450
2451
2451
2454
2455
2455
2458
2458
2459
2459
2459
2459
2460
2463
2463
2463
2464
2464
2465
2466
2466
2467
2468
2470
2471
2472
2474
2476
2477
2480
2481
2481
2483
2483
2484
2484
2486
2486
2486
2487
2488
2489
2490
2491
2492
2493
2495
2495
2496
2496
2497
2498
2498
2499
2499
2500
2502
2502
2502
2503
2503
2504
2504
2504
2506
2506
2510
2511
2511
2512
2513
2513
2515
2516
2517
2520
2521
2522
2522
2524
2524
2525
2526
2526
2527
2527
2527
2528
2528
2529
2529
2529
2530
2531
2534
2538
2538
2538
2539
2539
2540
2541
2542
2542
2543
2543
2543
2544
2544
2544
2546
2549
2550
2551
2551
2552
2554
2555
2555
2555
2557
2557
2557
2557
2561
2561
2562
2563
2564
2565
2565
2566
2568
2570
2570
2570
2570
2571
2571
2572
2573
2574
2577
2578
2579
2580
2580
2580
2582
2586
2589
2590
2590
2590
2591
2592
2592
2593
2594
2595
2595
2596
2599
2600
2600
2600
2602
2603
2605
2606
2606
2606
2608
2610
2611
2611
2612
2615
2616
2616
2617
2619
2619
2620
2621
2622
2623
2623
2625
2627
2629
2629
2629
2629
2630
2637
2637
2637
2638
2638
2639
2639
2640
2642
2642
2642
2643
2644
2644
2645
2647
2648
2648
2649
2650
2650
2650
2652
2652
2653
2654
2654
2654
2654
2655
2657
2660
2661
2661
2662
2663
2664
2666
2666
2667
2668
2668
2668
2668
2669
2670
2671
2671
2672
2674
2674
2674
2675
2676
2676
2677
2677
2679
2679
2679
2679
2681
2681
2682
2682
2684
2687
2688
2688
2689
2691
2692
2692
2695
2695
2696
2696
2699
2699
2700
2703
2706
2706
2706
2707
2707
2707
2707
2709
2711
2712
2712
2712
2714
2716
2717
2717
2719
2721
2721
2722
2722
2722
2723
2725
2725
2726
2729
2731
2731
2732
2732
2732
2732
2732
2733
2735
2735
2739
2739
2741
2742
2746
2746
2749
2750
2752
2754
2755
2756
2757
2758
2760
2760
2761
2761
2762
2762
2762
2763
2763
2764
2765
2768
2770
2771
2771
2771
2772
2773
2773
2778
2780
2780
2780
2780
2782
2782
2783
2783
2783
2784
2786
2787
2787
2787
2788
2791
2791
2791
2792
2792
2793
2793
2795
2795
2797
2798
2798
2801
2802
2802
2802
2802
2803
2805
2805
2805
2806
2806
2808
2809
2809
2811
2812
2812
2812
2812
2812
2813
2814
2814
2814
2814
2814
2815
2815
2815
2816
2816
2817
2819
2820
2820
2823
2824
2825
2825
2825
2829
2830
2830
2831
2834
2835
2835
2838
2842
2842
2843
2843
2844
2844
2845
2847
2847
2848
2849
2850
2852
2853
2854
2854
2856
2856
2857
2857
2857
2858
2858
2860
2862
2863
2863
2863
2864
2865
2865
2865
2866
2866
2867
2867
2870
2872
2872
2875
2875
2876
2877
2878
2880
2881
2881
2882
2883
2884
2885
2885
2886
2888
2889
2889
2889
2892
2895
2895
2897
2899
2900
2901
2901
2904
2905
2905
2909
2910
2911
2912
2913
2913
2915
2915
2916
2919
2919
2920
2920
2921
2922
2924
2926
2926
2927
2927
2927
2927
2929
2930
2932
2932
2933
2934
2935
2940
2940
2940
2941
2941
2942
2943
2944
2945
2945
2946
2946
2948
2950
2950
2952
2954
2954
2954
2955
2957
2957
2958
2958
2959
2960
2960
2962
2962
2964
2965
2966
2966
2966
2968
2970
2971
2972
2973
2974
2975
2978
2979
2983
2985
2985
2985
2985
2986
2988
2990
2990
2992
2993
2993
2995
2995
2997
2997
3003
3003
3003
3004
3005
3006
3006
3007
3007
3009
3010
3011
3012
3012
3013
3017
3017
3018
3018
3018
3019
3020
3020
3022
3023
3024
3025
3026
3026
3028
3029
3029
3030
3030
3032
3032
3033
3033
3033
3035
3036
3037
3037
3037
3038
3038
3038
3039
3039
3039
3039
3041
3042
3044
3045
3046
3048
3048
3048
3049
3052
3054
3055
3057
3057
3057
3059
3061
3062
3063
3063
3066
3066
3067
3067
3067
3068
3068
3069
3070
3072
3072
3073
3074
3074
3074
3074
3076
3076
3078
3080
3081
3081
3081
3087
3087
3087
3088
3088
3089
3090
3092
3092
3092
3093
3093
3093
3094
3094
3094
3094
3095
3095
3095
3096
3096
3096
3098
3099
3100
3101
3101
3103
3104
3106
3107
3108
3109
3110
3112
3113
3116
3116
3117
3117
3118
3119
3122
3124
3124
3124
3126
3126
3126
3133
3135
3135
3136
3137
3138
3140
3140
3141
3141
3143
3144
3145
3146
3146
3147
3150
3153
3156
3156
3160
3161
3162
3163
3164
3164
3165
3166
3167
3167
3167
3167
3168
3169
3169
3169
3170
3171
3172
3173
3175
3177
3178
3180
3181
3181
3182
3182
3183
3183
3186
3186
3186
3186
3186
3188
3189
3189
3189
3190
3193
3193
3193
3194
3194
3196
3198
3199
3200
3200
3201
3201
3201
3201
3203
3203
3204
3204
3204
3204
3205
3205
3207
3208
3210
3211
3211
3212
3215
3216
3218
3219
3220
3220
3221
3221
3222
3224
3225
3226
3227
3227
3228
3228
3229
3230
3230
3231
3231
3231
3232
3233
3234
3235
3235
3239
3239
3240
3243
3243
3243
3244
3246
3247
3247
3247
3247
3248
3248
3249
3251
3253
3254
3255
3257
3258
3258
3259
3261
3264
3264
3266
3267
3267
3268
3268
3269
3270
3273
3275
3275
3275
3277
3280
3283
3283
3283
3285
3285
3285
3285
3288
3291
3292
3293
3293
3294
3294
3297
3298
3298
3300
3302
3303
3308
3309
3311
3312
3315
3316
3318
3321
3321
3321
3321
3322
3323
3324
3326
3330
3332
3332
3333
3335
3335
3335
3336
3337
3338
3338
3338
3339
3341
3341
3341
3343
3343
3343
3343
3346
3348
3350
3350
3350
3351
3352
3353
3354
3354
3355
3356
3356
3357
3359
3360
3360
3361
3361
3367
3369
3369
3370
3371
3371
3372
3375
3375
3375
3375
3377
3380
3382
3383
3384
3385
3386
3386
3387
3387
3389
3391
3391
3392
3393
3395
3396
3396
3397
3398
3400
3400
3401
3402
3403
3403
3404
3405
3405
3406
3407
3408
3408
3410
3411
3413
3413
3414
3415
3417
3420
3420
3420
3420
3421
3421
3422
3423
3423
3428
3430
3431
3433
3434
3434
3434
3435
3435
3435
3435
3436
3437
3438
3438
3442
3444
3445
3447
3448
3449
3449
3449
3453
3453
3454
3457
3460
3461
3461
3461
3461
3466
3469
3469
3470
3470
3471
3471
3472
3472
3473
3474
3477
3478
3478
3479
3480
3480
3480
3481
3482
3483
3487
3488
3489
3493
3493
3497
3498
3501
3502
3502
3504
3504
3504
3505
3505
3505
3507
3508
3508
3510
3510
3511
3513
3515
3515
3516
3516
3518
3520
3522
3522
3524
3525
3529
3529
3529
3530
3532
3534
3534
3536
3538
3539
3543
3543
3544
3544
3546
3548
3551
3551
3551
3551
3551
3552
3552
3554
3554
3555
3555
3560
3562
3562
3564
3567
3567
3568
3570
3571
3571
3572
3572
3572
3572
3574
3574
3579
3580
3583
3584
3585
3587
3588
3590
3590
3590
3590
3590
3590
3591
3591
3591
3593
3595
3596
3598
3605
3605
3611
3612
3612
3613
3614
3618
3623
3625
3627
3628
3628
3628
3629
3629
3631
3632
3632
3638
3638
3639
3641
3641
3641
3642
3646
3647
3649
3649
3649
3651
3652
3653
3654
3657
3657
3658
3658
3658
3659
3659
3659
3660
3660
3660
3660
3660
3662
3662
3664
3665
3666
3671
3671
3672
3672
3680
3685
3687
3689
3690
3692
3692
3693
3693
3694
3694
3697
3698
3698
3698
3698
3699
3699
3700
3701
3701
3702
3702
3703
3705
3706
3708
3708
3708
3709
3711
3718
3718
3719
3719
3721
3722
3723
3723
3723
3724
3725
3726
3727
3728
3729
3730
3731
3731
3732
3733
3735
3736
3736
3736
3740
3743
3747
3747
3748
3749
3749
3750
3751
3752
3757
3758
3758
3758
3758
3759
3762
3763
3763
3764
3764
3765
3766
3767
3769
3769
3770
3772
3774
3776
3777
3778
3781
3781
3782
3785
3785
3786
3787
3790
3791
3796
3796
3799
3799
3800
3800
3801
3805
3805
3805
3807
3807
3810
3811
3811
3814
3814
3814
3815
3815
3816
3818
3818
3819
3820
3821
3822
3822
3825
3825
3827
3828
3829
3829
3831
3832
3832
3832
3832
3832
3837
3838
3841
3842
3844
3845
3845
3848
3851
3853
3854
3855
3855
3861
3863
3867
3867
3868
3869
3871
3872
3872
3877
3879
3879
3879
3881
3883
3884
3884
3891
3892
3894
3896
3897
3898
3899
3899
3899
3900
3901
3901
3903
3906
3909
3911
3913
3914
3917
3918
3919
3919
3921
3925
3925
3926
3928
3928
3931
3932
3933
3934
3936
3937
3937
3938
3938
3940
3940
3942
3942
3944
3947
3947
3947
3948
3950
3952
3952
3953
3954
3954
3956
3956
3957
3957
3958
3960
3963
3964
3964
3965
3968
3969
3970
3973
3975
3975
3975
3978
3979
3982
3983
3985
3987
3988
3989
3990
3993
3994
3996
3998
3999
3999
3999
4000
4000
4000
4001
4002
4002
4004
4004
4004
4004
4005
4011
4011
4013
4013
4013
4014
4017
4021
4027
4027
4028
4030
4033
4033
4033
4033
4034
4034
4036
4036
4037
4037
4037
4038
4040
4043
4044
4046
4048
4049
4051
4052
4055
4059
4061
4066
4066
4067
4068
4070
4070
4074
4075
4077
4079
4080
4081
4081
4082
4087
4088
4089
4094
4095
4096
4096
4098
4099
4103
4104
4107
4107
4108
4109
4112
4113
4115
4115
4116
4117
4117
4119
4119
4121
4122
4122
4126
4127
4127
4128
4128
4129
4131
4132
4134
4135
4138
4142
4143
4144
4146
4150
4150
4150
4152
4152
4152
4152
4153
4154
4155
4156
4156
4157
4157
4158
4159
4161
4164
4165
4166
4168
4168
4173
4174
4175
4175
4176
4176
4178
4178
4180
4180
4183
4184
4186
4186
4187
4188
4193
4193
4195
4195
4195
4199
4199
4199
4199
4200
4201
4202
4203
4207
4208
4209
4210
4210
4211
4213
4216
4219
4219
4222
4222
4222
4223
4223
4224
4228
4230
4232
4232
4233
4234
4234
4237
4237
4238
4238
4252
4252
4253
4254
4255
4256
4259
4259
4260
4262
4262
4264
4267
4272
4272
4273
4274
4276
4276
4278
4278
4279
4279
4280
4280
4283
4283
4285
4285
4286
4287
4287
4287
4287
4288
4288
4292
4295
4297
4298
4299
4303
4305
4307
4311
4317
4318
4318
4319
4320
4322
4324
4325
4325
4327
4332
4332
4332
4334
4339
4342
4345
4348
4349
4350
4352
4354
4354
4354
4355
4355
4356
4356
4357
4360
4367
4368
4369
4369
4369
4373
4374
4374
4375
4376
4376
4378
4380
4380
4380
4381
4383
4384
4384
4385
4386
4386
4386
4388
4388
4391
4392
4394
4394
4398
4399
4401
4404
4407
4409
4414
4415
4423
4426
4430
4431
4432
4433
4435
4437
4438
4439
4440
4440
4442
4444
4444
4444
4445
4449
4449
4450
4452
4454
4459
4459
4459
4460
4463
4464
4466
4473
4473
4478
4478
4479
4480
4480
4482
4482
4483
4483
4486
4486
4487
4491
4491
4491
4492
4493
4493
4496
4498
4498
4500
4500
4500
4504
4505
4505
4507
4508
4517
4517
4517
4519
4519
4520
4522
4530
4531
4532
4534
4535
4540
4540
4542
4550
4551
4552
4555
4556
4556
4559
4563
4565
4566
4568
4569
4569
4572
4573
4575
4576
4581
4583
4586
4586
4587
4587
4587
4588
4591
4594
4596
4597
4597
4598
4600
4604
4606
4606
4609
4611
4613
4615
4616
4617
4618
4618
4620
4622
4623
4623
4624
4626
4626
4628
4629
4634
4635
4636
4637
4637
4646
4646
4648
4649
4649
4651
4651
4652
4655
4656
4658
4660
4661
4662
4665
4666
4673
4673
4676
4678
4682
4683
4691
4693
4693
4697
4698
4701
4701
4702
4703
4704
4707
4708
4712
4713
4720
4720
4723
4724
4724
4725
4727
4729
4732
4737
4741
4741
4747
4749
4750
4750
4754
4755
4756
4758
4761
4763
4767
4769
4769
4773
4774
4775
4776
4777
4780
4782
4784
4787
4790
4790
4793
4793
4796
4796
4800
4803
4804
4805
4805
4805
4806
4806
4808
4811
4813
4816
4818
4818
4820
4824
4825
4831
4834
4835
4836
4836
4839
4839
4840
4845
4847
4847
4848
4850
4850
4852
4854
4854
4855
4855
4856
4858
4858
4862
4865
4866
4867
4870
4874
4874
4883
4883
4885
4886
4889
4893
4894
4894
4894
4909
4909
4911
4912
4917
4919
4923
4924
4928
4928
4931
4934
4935
4936
4938
4940
4943
4949
4952
4952
4953
4953
4954
4959
4960
4961
4962
4965
4968
4968
4976
4977
4978
4979
4979
4979
4980
4983
4984
4984
4986
4987
4990
4992
4995
5005
5005
5006
5008
5011
5013
5014
5016
5017
5020
5026
5026
5031
5032
5032
5034
5043
5043
5044
5047
5051
5052
5055
5057
5057
5059
5061
5066
5067
5072
5073
5076
5080
5084
5094
5095
5096
5098
5098
5102
5103
5104
5106
5107
5109
5111
5116
5117
5117
5118
5119
5125
5127
5132
5136
5138
5138
5140
5142
5147
5147
5149
5149
5151
5153
5154
5159
5160
5161
5164
5168
5178
5180
5183
5185
5185
5186
5190
5191
5193
5194
5194
5195
5197
5198
5199
5200
5202
5215
5216
5217
5217
5224
5225
5226
5227
5228
5230
5233
5233
5234
5241
5242
5245
5245
5251
5252
5258
5261
5263
5265
5266
5267
5268
5269
5278
5285
5290
5297
5297
5301
5302
5308
5309
5314
5329
5329
5330
5331
5335
5339
5345
5350
5352
5352
5353
5355
5355
5357
5360
5362
5367
5367
5369
5371
5374
5379
5382
5384
5386
5393
5394
5396
5396
5398
5400
5406
5408
5409
5409
5410
5421
5423
5428
5428
5428
5431
5433
5436
5439
5440
5441
5442
5446
5449
5450
5450
5452
5453
5454
5454
5455
5459
5467
5468
5471
5473
5476
5477
5477
5479
5487
5488
5488
5491
5495
5496
5496
5498
5498
5503
5506
5509
5521
5528
5531
5532
5533
5534
5535
5537
5540
5540
5540
5541
5543
5555
5556
5558
5560
5561
5563
5566
5571
5573
5577
5582
5584
5586
5587
5588
5589
5590
5590
5591
5591
5596
5598
5607
5607
5607
5609
5613
5613
5613
5615
5617
5621
5622
5623
5638
5642
5646
5658
5665
5674
5681
5685
5688
5689
5697
5704
5705
5707
5711
5728
5734
5744
5756
5758
5759
5763
5764
5765
5766
5766
5768
5769
5780
5781
5786
5798
5800
5814
5815
5816
5818
5818
5830
5833
5839
5843
5845
5854
5859
5862
5865
5868
5868
5873
5873
5873
5873
5880
5882
5899
5903
5905
5909
5910
5911
5913
5914
5919
5925
5929
5929
5935
5936
5937
5944
5954
5962
5976
5976
5977
5986
5987
5989
6000
6010
6010
6011
6014
6019
6020
6023
6023
6038
6039
6041
6048
6050
6065
6067
6073
6074
6078
6078
6080
6089
6090
6092
6092
6095
6098
6104
6104
6106
6108
6126
6128
6131
6138
6145
6150
6157
6165
6166
6175
6179
6180
6183
6191
6192
6201
6201
6207
6208
6212
6216
6219
6220
6226
6229
6233
6243
6246
6246
6252
6259
6272
6272
6289
6296
6297
6300
6304
6320
6329
6336
6344
6346
6349
6359
6366
6367
6372
6373
6373
6383
6391
6391
6392
6401
6401
6405
6408
6409
6412
6415
6417
6423
6425
6426
6430
6433
6439
6441
6446
6451
6468
6478
6482
6484
6490
6490
6491
6497
6508
6508
6517
6520
6524
6536
6559
6563
6568
6572
6574
6579
6582
6594
6595
6599
6609
6622
6627
6632
6636
6650
6652
6672
6681
6694
6698
6709
6716
6720
6728
6729
6735
6736
6753
6771
6772
6782
6786
6794
6808
6814
6832
6835
6837
6838
6844
6869
6875
6875
6878
6883
6893
6896
6898
6899
6901
6913
6930
6930
6941
6949
6954
6968
6986
7027
7045
7056
7068
7073
7115
7137
7148
7156
7178
7208
7237
7240
7278
7373
7405
2
3
7
42
6342
4
6
9
2424
5
17
31
3500
8
22
16
45
184
21
43
50
242
316
11
12
15
32
101
208
224
490
1601
1983
35
10
81
20
248
252
159
688
721
1112
13
34
40
124
261
14
96
109
158
1410
28
130
152
165
757
1570
33
89
1767
2317
4085
18
23
69
1161
2275
4139
19
5671
29
44
117
438
1607
1034
26
38
53
140
313
4891
24
25
155
253
36
72
108
1377
2764
3300
27
116
297
2156
691
37
61
82
132
30
46
51
146
215
2232
47
68
156
243
378
520
56
58
123
354
521
932
2660
39
41
154
250
290
1442
2072
57
59
427
787
192
120
197
267
365
78
421
1786
3971
48
80
100
249
409
559
1339
167
223
1000
49
67
73
75
170
55
71
85
115
2047
645
1019
161
173
1270
3287
52
227
913
5982
7075
88
1100
104
169
214
514
2839
54
95
402
617
809
817
2021
63
66
203
60
64
174
1047
1143
1198
2478
70
77
118
609
90
94
340
377
79
83
86
181
684
4652
62
122
259
1049
6486
343
610
679
338
359
860
168
294
758
1432
3656
65
87
91
382
492
745
1916
93
180
388
471
582
6520
74
4631
5081
6316
7317
99
344
480
5691
178
432
98
144
419
1475
106
747
1724
1008
3773
84
128
423
454
548
558
667
76
179
619
6026
6504
92
1800
4062
129
2766
5188
1560
1609
5757
153
237
900
3789
198
233
416
986
1381
112
136
346
149
201
479
7046
573
6945
105
1996
2309
2522
145
232
1583
4106
240
383
415
440
3836
195
320
111
595
639
230
1307
2182
97
142
292
341
437
583
972
1354
6271
102
103
107
114
1073
2489
183
948
1416
151
578
5068
225
469
1787
2521
3859
3868
4515
674
871
1484
4059
127
245
379
143
1994
3826
110
133
139
166
356
6755
187
299
317
603
2504
3788
162
303
618
429
113
119
135
148
246
417
1052
1621
121
2227
160
185
1056
3533
150
870
207
217
254
425
435
188
190
683
193
194
147
164
216
234
456
1507
1514
278
288
549
734
1298
5390
335
616
172
263
422
770
125
126
641
1029
3190
279
612
2978
650
1851
6156
157
333
352
654
4165
275
2401
265
141
545
653
176
424
790
1951
131
1593
283
566
840
518
656
134
137
138
362
1078
1331
1555
226
327
1351
4002
210
211
323
562
2749
229
371
324
585
412
1716
2700
4030
163
221
257
355
1245
1557
1235
1266
199
268
2560
4863
602
1135
1324
171
175
186
2079
532
3110
485
589
1986
1886
7242
308
408
3328
182
325
2738
1421
1493
2574
331
426
1862
212
1635
597
177
189
247
309
1257
1933
2792
4622
6385
6521
5741
1105
255
464
556
1260
387
837
2366
196
2936
251
1645
1712
515
1076
1151
213
222
452
823
1753
2167
4836
6086
206
716
1061
219
271
284
467
808
1167
743
3078
6409
657
1063
4721
455
209
306
543
594
620
772
1277
3614
3658
4695
5255
560
2220
3986
631
865
1978
241
314
1883
2497
389
2238
6442
312
410
1023
6358
451
1123
3024
3333
3422
1452
2457
5697
6545
285
476
625
816
1329
6306
191
570
686
810
1250
5226
5240
200
205
270
272
287
475
1149
6336
4862
6761
231
262
879
1183
448
5025
202
204
488
1756
7121
274
2535
495
501
6392
348
768
4035
666
1109
5632
357
3176
6982
1335
4541
228
238
300
2653
958
1588
822
2127
384
468
720
1794
2947
3314
3915
6858
897
4208
236
258
273
858
345
1211
1294
3010
6735
7207
220
315
1409
5042
330
820
1777
2807
336
1552
307
218
1326
1897
295
539
727
1814
791
2067
381
505
542
1443
6147
239
319
397
2609
266
434
443
460
1989
256
614
1102
5424
361
411
626
4453
1064
1429
1858
2074
2321
685
909
3529
235
1001
1359
296
491
277
998
2013
5000
1117
373
576
1154
1386
3745
1215
502
649
797
807
4855
269
551
775
800
1125
3896
7284
450
1428
375
301
999
3392
349
4450
6936
281
4221
5046
280
364
244
433
449
1086
420
3839
6880
1181
2215
311
509
289
1021
1962
445
732
1113
2386
2547
3771
405
1463
5565
5650
260
339
347
673
959
3054
3321
6009
703
2689
1031
2516
264
574
2618
530
298
310
523
599
6460
529
1804
1969
2061
3308
3735
4283
5515
604
643
798
960
3433
370
392
778
1196
5375
629
516
2626
796
2131
5248
286
293
676
3715
577
6254
291
358
363
366
398
406
414
1608
3551
3746
1253
6470
396
1174
2068
430
444
461
527
1327
1451
1935
5200
6264
276
1714
2411
6901
393
404
282
304
1152
470
489
342
1395
2437
4628
302
3878
3911
4158
493
1863
1018
2407
4372
353
390
466
774
2330
3506
318
1703
395
592
788
921
1037
1217
4306
1926
1894
3883
374
1426
3122
5310
329
1790
3778
699
717
1343
322
4670
321
350
591
1332
2223
3761
4141
305
695
1575
1910
3290
6420
334
368
1640
1728
2428
635
2724
680
803
1447
2409
2950
538
746
1067
660
706
1009
2272
7286
337
1035
6496
400
453
567
367
5855
351
507
2454
3212
5548
2202
1256
1617
1911
2192
586
3951
735
1587
2966
5105
1400
2819
6960
736
1727
1844
4481
376
611
946
7119
372
1704
500
533
5544
6582
413
458
833
326
332
682
3997
872
385
462
694
869
1085
1304
925
328
394
482
1369
446
689
893
968
3345
1597
2115
3071
4114
519
360
2105
2248
2878
3269
804
1069
463
506
2039
2545
4130
805
974
1166
436
737
3234
739
1700
403
369
561
3317
5988
3524
1488
677
2108
498
687
1510
1040
1083
465
3908
522
1653
6594
623
2056
875
881
2859
6868
481
892
3431
3723
1542
531
1103
957
2132
2710
3237
407
2062
4853
5835
431
1577
1461
439
472
484
497
541
862
935
6976
930
939
3843
7331
1591
5427
607
651
1033
2331
799
2318
3041
6513
563
624
864
3852
4662
6477
511
1957
380
671
1175
1309
4049
596
996
401
918
504
554
701
1224
2334
681
441
442
606
1178
399
831
2556
6162
1295
751
773
784
1668
3165
4916
740
785
1616
5033
7049
794
801
2923
3067
4355
4592
3568
4363
5968
386
1095
628
767
447
547
2754
1548
4915
391
571
1623
6999
534
1611
3561
730
945
1041
1385
1924
2230
6660
459
1821
2224
4173
1824
483
4960
975
6169
1098
1457
4757
6690
528
418
947
971
1192
2893
2602
6093
640
759
848
3009
3830
755
1016
836
1812
6652
428
580
995
1111
1236
5019
6154
537
1960
2586
3402
7235
1931
690
967
3320
474
922
856
955
1302
1743
587
908
2886
1283
3714
535
781
901
1010
1193
5090
2258
2895
1087
2804
3666
4752
665
6997
1308
1553
2496
675
6889
726
953
2956
3159
3409
553
698
2495
3214
4019
1985
3834
1529
1976
564
661
899
1038
5509
2925
478
708
776
1909
4383
756
696
579
627
1013
2550
1039
2541
3982
510
2022
3105
4818
1269
1765
1032
517
1030
3523
6427
4302
6041
536
544
876
933
1274
487
4269
2582
572
2032
2082
3572
3942
1218
1060
477
508
754
3364
1885
6006
1547
5423
525
526
557
1914
1042
994
457
1273
973
1654
2544
600
1240
1533
906
1252
1407
486
1843
2603
2001
608
633
672
6326
473
981
1949
2106
2308
2880
7135
7177
513
874
663
704
744
821
3469
4741
4963
1025
496
575
951
6064
782
1938
2365
4560
4749
6892
1084
2904
3491
5318
5670
555
636
1543
499
1318
2300
3577
605
622
989
1004
1055
1673
2119
702
904
6418
546
4432
857
1845
7105
524
1158
1230
1367
1581
2014
3022
5201
824
738
1210
2347
2512
6450
630
2185
5060
710
712
940
969
1325
2523
4209
512
1536
2110
2677
4308
6182
1368
2324
494
4327
503
664
2951
4764
552
5228
5834
598
1020
3254
924
1665
1212
1675
4921
842
1730
2332
6466
1065
3591
1293
1887
2052
3547
4894
2769
2490
642
3994
5496
6651
814
1836
540
3587
1051
1415
3910
4319
6305
885
1221
3983
584
1306
724
979
1011
3251
1483
1859
7285
3284
5511
987
1062
3289
648
3755
709
2169
762
2981
2294
6911
670
700
882
4893
565
1150
829
1116
1515
2413
3488
3998
2118
550
581
923
938
1358
3629
4488
4901
6363
1342
3255
733
3128
825
5676
6293
917
601
693
1228
1352
1558
2073
4613
647
896
1231
2051
4137
638
644
1259
1567
812
827
891
1200
1940
2491
2882
4460
4719
659
1128
1173
1471
1546
2785
7069
593
4877
621
2694
1088
1953
2206
2341
2444
6968
2044
707
1573
3876
714
5319
5542
6099
655
1054
1163
5996
568
1344
1598
2187
2517
3544
697
780
1774
590
634
2307
2410
3304
3374
966
1801
764
1723
2760
4131
615
719
1285
1618
1895
1141
1418
2274
4959
7371
889
2081
4161
1297
2023
5203
569
2790
5898
662
761
613
1340
1928
929
1486
1518
1867
3978
927
2395
652
1538
2656
1046
1311
5640
6428
1165
2138
2297
2761
3108
3156
769
835
1170
2526
6232
6463
588
1472
3812
4188
5242
2979
6184
692
1512
2503
5641
834
880
1481
1005
2908
793
811
1610
895
2465
6001
2458
728
715
723
742
760
855
1300
2075
2191
2218
3211
838
669
753
1868
1972
4359
3032
1690
3816
632
795
6360
907
1999
2043
3680
819
5001
658
806
1261
2378
2800
1592
1796
3070
815
828
2323
3018
3226
5476
1194
2952
786
2872
3685
4480
1713
1815
6712
4900
1950
961
1322
3039
4770
4771
4962
6426
750
777
2488
731
2808
6107
741
2097
2436
877
942
7146
941
2375
2642
1278
3149
1739
1857
1347
2874
637
1251
2010
2199
5040
1990
2260
1366
4510
1348
5722
2837
3112
668
5647
866
898
1405
1683
1528
646
678
763
1525
1811
3556
985
1761
6371
988
1101
2283
1680
1810
2856
2174
3135
2357
1345
5323
6535
888
2009
792
1537
2265
1411
1068
2336
4494
5570
1012
1898
2160
2681
713
910
965
2846
7283
766
1417
905
6337
4057
1058
1091
1906
3473
4364
830
851
1321
2025
1248
1877
2977
3394
722
1139
1435
7009
1301
2337
711
802
878
2312
3350
4361
4810
2372
2662
749
886
2757
3937
2198
1699
4076
1015
846
1559
1697
2834
1090
1568
1755
2675
1124
2069
854
826
1841
7206
928
1246
1333
1531
1769
3570
868
1353
1371
839
1254
1889
2690
752
1082
718
2832
5883
977
5117
705
982
2153
5204
1045
1207
1456
1572
3891
2430
725
3760
771
1290
1913
3474
1425
6524
7151
2320
3897
2502
2857
5837
1127
1854
2262
3417
3728
1203
1365
2896
3968
847
867
993
2319
5198
729
1380
2448
1153
1556
4025
1314
1710
3421
5762
6042
7130
1469
4243
4316
4583
5494
832
2228
1014
1905
2824
4042
4608
7031
2703
6260
852
1816
2648
1670
2101
3015
1839
5179
748
765
1393
4029
7224
1565
2558
2739
3276
6879
1006
1057
7122
1093
1233
7354
779
1121
2092
2249
3501
1202
1319
2888
2922
1027
1737
3804
7078
7383
1427
3770
4653
1637
1017
1160
3646
912
2891
5683
6055
5382
1299
2280
3404
1168
1350
4353
4813
5793
4642
789
1282
4785
5351
5869
6440
936
1793
5588
920
2543
2984
1402
1736
1923
6772
1142
2929
4886
919
1337
1454
783
916
1106
1242
1267
1872
7230
4282
1146
1527
4607
3904
1770
2793
1179
1195
6166
1545
1818
6157
1671
1148
1424
4521
6948
963
4036
6050
843
1126
1459
2126
3359
5920
949
964
1028
1066
1271
1694
1961
2107
1182
1782
5703
818
4598
4650
1288
2285
813
1375
6414
6560
1991
2849
944
1026
4465
5845
943
6114
954
4446
4523
7246
1036
1180
1612
3625
4124
850
3016
3483
4759
841
1043
4589
926
1717
2774
3224
1303
1606
1696
3759
7257
894
1379
3800
4293
4382
1959
2719
5258
3717
1286
7314
853
1888
6509
1003
2617
7045
991
1394
1789
1873
2241
2246
1115
7240
1138
1232
1412
5611
3363
2279
3458
3831
4748
6925
1382
863
883
890
1007
3116
1389
1530
1532
3673
911
2941
3017
1118
4260
1523
2514
2679
1708
2829
844
859
4101
6962
1659
2298
3266
2165
3478
1449
1975
3649
4928
1516
6236
873
1072
1140
2628
2080
845
1263
3645
2162
4903
1197
2592
1397
1133
1225
2429
6797
849
3035
3609
4685
3296
5426
931
2136
4590
3563
3640
2134
3120
3337
5331
1334
5696
6359
1219
1244
1687
962
4242
884
1491
2461
861
950
1466
1492
2038
4112
1044
1189
902
990
2278
4692
6164
2339
2500
3758
903
1080
2717
3302
1122
3447
887
1420
7277
2109
7386
1292
4552
5073
2396
1864
2736
1075
3082
4969
1408
1503
1370
1455
1496
1707
3730
1226
2599
2773
3858
4050
5708
976
3879
1330
2937
1134
1474
1473
1850
2747
2869
4471
980
1762
1002
1404
1521
2019
2510
1494
5902
6852
952
1199
4437
1220
1169
2624
1544
5623
1866
1392
1835
5368
914
1291
934
2577
4159
4449
5750
956
984
992
3144
7223
2775
915
6124
4455
997
1501
4163
1092
1453
2686
3726
3383
2368
3511
1024
1296
5344
1272
1742
1773
1775
1997
2762
3938
4055
4913
1079
1664
1129
2305
2360
3408
1050
1059
2076
937
1070
1423
2343
4223
1419
1720
2715
4027
4362
1114
1444
5959
1136
1615
1826
2036
1766
1485
1988
2205
1799
4015
5459
2606
2708
5418
2214
6620
978
1413
1656
1853
5447
1096
1362
1177
1579
1684
1890
2803
4821
1576
2226
1738
1131
1398
4356
5348
1759
1110
1498
6682
1336
2063
2595
2894
1433
2054
3451
3639
1383
1289
2244
3278
2168
2166
4358
6507
1089
1749
3038
1053
6244
1346
1535
2423
4177
4467
1361
1155
1534
5119
1022
2147
5993
1243
1434
2048
2102
3136
1317
1378
1500
2177
7150
2273
2348
6038
983
1719
2890
970
1241
1874
1227
1932
7129
1255
3786
3941
1048
1689
2466
2613
2939
3258
6487
1715
2247
4273
2799
1279
1666
3603
1156
1580
1748
4986
1489
1758
6078
7059
1436
6228
3355
1186
1479
2501
1726
1390
1594
1446
4618
4927
2930
1539
2018
2567
4509
6903
4841
1119
3101
3470
5785
5826
2734
1604
1802
2193
1631
1669
2242
4214
7397
1441
2034
2329
3764
4312
5784
6479
1162
2053
2263
4014
4067
1077
1655
2885
1214
1205
2809
1184
1783
2493
4933
2151
2418
2468
4569
1108
2811
3962
6585
5044
1823
6008
6662
1206
2340
1074
1477
1132
1315
5108
1751
1891
2862
5693
2828
3617
2197
3863
5910
1754
1097
1130
1094
1191
1919
2901
5219
3960
3537
4235
2594
5410
6765
1284
2382
1071
1341
2237
5876
7023
2471
2976
5372
6684
1238
6726
1081
1438
2385
2641
3048
2346
3272
1440
1540
2919
1258
3912
5357
6952
4205
1120
1422
2727
6780
4658
1941
2469
7118
1357
1554
2597
2900
5798
1401
4157
1216
1731
3548
6988
1276
1185
1201
1107
1157
1490
1387
2916
3594
4895
3262
6830
1462
1159
1803
4694
1172
1768
1237
1249
1450
3003
4058
6335
6552
1099
2417
2555
3743
1104
2219
4640
1695
4687
4870
1145
3312
3040
1356
1190
1721
3495
3841
5723
1625
1732
4596
6855
2575
4462
5450
2064
3386
1204
3565
1467
4227
1208
1967
1838
2141
4884
1626
1741
3087
1188
1310
1517
1144
1563
2580
2172
5280
2071
5296
1414
1431
3123
7318
2883
3803
3892
5563
6308
3801
1403
7352
5135
1147
1312
1869
2374
4477
4526
4626
6688
4699
4991
1338
3688
2474
1376
1750
1852
7055
1349
1482
1955
2911
5267
2464
3477
1137
1176
2576
7205
1624
2113
3057
6819
3792
5139
1239
1476
5087
4206
5979
1280
4136
1809
3182
3253
5527
7401
2210
1313
1688
3236
1171
1399
1589
2438
3206
1355
3401
3931
3965
5679
1164
1602
2707
1992
3659
2017
5760
5803
2712
3233
4492
1223
2103
2864
3571
1187
1222
1622
2301
3672
4397
1268
1519
6028
2059
1487
1829
2415
3347
2355
2732
3881
1209
5519
2024
2371
2180
4207
2281
3088
4395
1569
3456
1373
2645
5002
5631
3373
4406
4984
5034
1264
2016
7312
2142
3631
5337
6792
6832
1679
2267
2584
6053
1907
2170
2782
3154
7019
2144
2304
3092
1846
1987
2573
1229
1564
1662
2243
4556
5013
2376
2691
3140
2798
2090
2585
2716
3065
7090
2921
4846
1372
5961
1234
3288
4511
2737
2222
4121
1437
3249
1439
1550
1974
3554
1305
1495
1752
3973
3699
3980
5415
2433
2338
1265
4290
1262
2622
4750
6877
2744
3636
3706
1213
4065
1287
2414
2659
1562
3901
1855
2078
2384
5870
1281
4162
5010
5285
1275
1464
3905
1878
2239
1760
1614
1746
1798
5844
6607
4703
4713
1819
1702
2394
2899
1574
3356
3399
3531
4909
6386
1551
3864
1781
3542
4669
1448
3130
4422
3358
3014
1502
4231
1513
1711
3630
5733
2398
3259
7364
3661
5499
1406
1384
5907
2020
3139
2302
2702
1247
2870
4499
1526
1900
1861
2709
2771
3776
1745
5514
1652
2728
3740
6808
2084
2125
3522
5402
2201
3807
2256
2649
2094
1328
2006
4938
1374
2077
2840
1430
1480
2099
3539
3674
2525
5603
1701
1973
3585
4660
1320
1650
2463
1520
1634
2506
1896
2030
5078
1364
1970
2635
3315
4255
6108
2380
4279
3183
4096
1925
6767
4562
1881
2426
3247
1505
3313
2011
2040
1692
1915
5079
5576
2456
1849
2781
3959
1465
4230
4500
6603
3004
3273
1918
3166
2399
4561
5124
6287
1316
2416
5985
2286
1524
1549
2173
2483
3117
3243
7125
2008
2111
4047
6764
2778
6630
1772
3644
4304
5411
2033
6054
1363
1599
1785
3465
4417
2026
2431
2540
5227
2225
5927
1504
1578
1667
4605
6133
6887
1605
2270
3493
5759
1875
3929
1585
1705
2045
1600
1627
1952
2697
3201
4037
6349
2673
3724
6027
5169
5934
1323
1582
1686
1776
4210
1643
1649
1478
2647
4751
4184
2104
2475
1658
6071
1360
1458
2519
3647
4287
1722
4111
1396
1954
2229
5142
6325
1460
3509
5948
1981
3203
6525
1660
3783
2481
4527
2322
5794
2612
6314
1586
1963
1977
3564
6615
3158
2980
1706
1391
2404
3616
1642
2049
2282
3641
4880
6596
7008
2623
5658
1639
2086
1647
2614
1709
2706
3494
4250
2910
3837
4736
2271
5889
1497
1930
3217
4865
3064
1566
2123
3061
3950
4183
1968
2698
4078
3223
3419
2835
6542
1445
1822
2122
2439
1388
3485
4525
1657
1698
2991
5908
1633
1672
2208
7372
6322
2477
1674
2335
4998
1499
1966
2326
1947
2058
4520
1590
5490
1468
1511
4823
6129
1508
2327
4796
2152
3713
1470
6407
3191
1628
3011
3098
3637
2149
2472
2568
2655
4168
2087
3872
5057
2536
2720
3935
1644
3578
6602
3857
3213
4170
2188
3077
2233
1929
3871
4896
5386
1506
1903
2176
4145
4866
1813
5223
2705
4872
5399
1509
1879
5083
6512
6979
1620
3700
3885
5680
2315
1630
6082
6421
2116
2289
5012
6484
2531
3538
3541
4609
5530
3195
3256
3519
5092
1945
4761
5753
7097
1596
2029
5536
6539
3497
5246
1636
4186
5339
1619
2050
4148
6580
2402
2833
1663
5498
5518
2817
2971
4794
4875
1561
2671
1860
2207
4366
6595
2381
5416
1899
2652
4249
1747
3052
3298
3756
1865
2639
2906
6490
4673
5373
6708
2391
2867
3867
2164
4755
1733
1882
2261
2299
3434
7095
2752
3007
4458
4814
6330
2003
3199
3428
3349
3607
2175
5431
2533
2907
6103
2179
6606
1522
1661
1734
3150
6820
2590
6214
5571
3060
5064
5797
6904
2183
1603
3956
5053
7392
2802
3200
1571
5181
3670
4442
1641
4272
2027
6355
1740
5702
6701
1797
5755
3722
5389
7193
3684
1685
4340
2629
2546
3142
1908
2588
2607
6139
7044
5084
1922
1792
2868
1901
2190
2121
2184
1757
5171
2539
4531
1934
3669
5686
1584
1682
2569
5230
3303
5224
5786
4082
1892
2565
5945
2200
4738
4851
4328
2139
3083
1541
2000
2666
3177
3280
3455
3668
2158
5288
1678
3090
4648
2333
2619
2933
1681
2155
2838
4008
1795
3085
5971
1676
2508
2610
3263
3270
1735
2364
2221
2683
7039
4724
1958
4828
2553
1912
3461
4498
1837
1842
5004
3331
5359
3180
3969
6626
1998
2604
2845
5279
3877
5225
6885
2970
3427
3635
3719
4950
1788
6312
1595
1613
1763
2254
3361
3449
3689
4550
2962
3992
3602
1995
2462
2693
3069
3282
4220
4579
5654
1629
1791
3926
6589
7007
7138
1632
1784
4899
2031
2137
3339
4624
2661
3228
3811
5342
6315
2342
1648
2344
3486
3819
5308
6389
4489
2405
4016
5007
2520
4483
4655
6379
6921
3691
7079
1827
2314
4198
5028
2551
2631
1646
3818
6784
2203
2216
2515
6912
2669
3721
4052
6556
4993
6332
3241
1677
5591
6369
6464
3808
3833
6395
5097
1693
1830
6121
6406
3802
7158
4261
1984
3988
2746
4151
2815
3991
7096
1780
2288
6317
1691
3507
3849
6019
7006
2847
3581
2640
3129
5469
2130
1725
1927
1847
3034
2665
3326
5291
1946
4858
5047
5954
3076
3966
1638
6685
3301
2814
3281
4758
1834
3964
4468
6029
3252
1651
2949
5510
1808
5278
7036
7108
2993
5218
6153
2583
2443
5975
2440
6451
2035
2390
3623
1831
2434
4643
3271
5069
1744
3765
2133
2725
4497
2057
2630
3055
2181
4999
5020
5752
2509
6083
1917
6625
3220
5165
2007
2723
2820
4175
4709
4725
2638
3930
6718
3439
3543
2098
1825
2352
2985
2830
4425
6492
2266
2726
5897
6910
1820
2485
2954
3056
2002
2161
4926
2559
5253
4868
4416
3341
3703
5115
1807
1870
2015
2370
3095
3398
1840
2085
3813
4285
4733
1718
2770
5472
5815
2377
2625
2473
5070
1904
7081
4970
2325
2780
1828
2806
4730
1806
2796
6628
2012
4433
2361
6678
6793
1764
2542
3407
3575
4493
2621
2643
2932
1771
4968
5048
3487
1893
2903
4833
2293
3979
2268
3628
1729
2813
7310
2356
3376
5610
2758
6277
1956
4645
5506
5820
3238
6396
2548
2213
3013
3535
2252
3377
6198
2711
3102
3448
6667
2581
5433
2154
4744
1779
2934
3521
3795
4097
1832
2511
5540
1817
3168
6020
6547
1848
3291
2566
2917
2963
6614
2089
6304
2928
5479
5725
2303
3553
5301
3947
4063
2848
2189
1871
3343
3694
7066
3100
4760
2255
1778
1876
1942
4775
3797
4079
2277
2353
2362
4952
3574
3045
3197
2482
3588
4475
3955
4275
3012
3708
5717
2627
2359
3739
4393
5621
3479
4001
5977
6993
2996
1805
2534
3517
6728
2644
4684
6782
2042
1939
6356
2100
6522
2449
2783
3148
4518
6758
2946
6746
1982
4388
3498
5589
7387
2005
5356
6148
2591
6502
1937
2157
2557
4791
4811
4276
4375
2527
2926
4619
2892
1964
2066
2163
2741
4630
5818
2905
7106
3174
6256
1920
3365
2114
5969
4765
6905
7256
1943
5584
1833
4122
4506
2943
3851
6327
1884
2091
2124
2633
3134
6150
2587
2695
5857
6485
3725
2722
3037
4797
2927
2986
3089
3530
2445
5613
3939
5454
2028
3464
3590
4060
4370
4668
2070
3513
4241
1936
2664
2150
2853
5667
6694
6757
1856
1971
2095
2915
3747
2004
5716
2827
3118
3919
4026
4434
5964
2328
4128
5245
2844
6269
6623
2861
3047
2128
3021
5690
1965
2129
2235
3327
4925
3957
2561
2816
2292
3667
5003
5128
1880
1993
2146
3121
4707
6721
2460
6339
1980
2236
3425
3996
2486
3141
3275
3504
2290
4656
3050
4677
5153
2427
3560
3903
3920
5133
3178
3058
3411
6309
1902
5072
7359
2825
5462
4268
3416
3125
3210
6432
2467
6537
2251
3423
2570
1944
3246
6918
2704
6123
2083
6673
2088
2552
4178
5480
7107
1948
2287
1921
6080
6364
5701
5628
2735
5769
2186
2532
7195
4769
4095
5088
5403
5914
3310
2055
2065
5039
5148
1979
4469
5159
7389
3518
4691
4218
2120
4216
3145
2393
2421
4367
4881
5552
2159
2037
4070
5551
2791
2948
6274
4842
5851
6610
2046
2311
2765
3086
3297
2093
2257
2363
4339
5598
4443
6017
4800
5216
6289
2367
5061
6279
5214
7034
3406
3526
2259
7127
3480
7365
6553
2060
2940
4914
2148
2484
2718
2310
3172
3701
3525
5827
4934
6394
3810
2823
4053
2351
2231
3318
3925
3167
4532
3749
5543
5714
2714
3917
6224
3954
5379
2863
2651
7156
2096
2112
5782
5789
2818
4229
4873
2866
3597
4964
6208
2400
3733
6612
3173
2826
3780
5601
3230
4149
5030
2388
6199
2822
3151
2615
6584
5312
4961
6161
2432
4086
2729
3324
4126
2685
5925
2632
2877
6902
5915
6258
2854
3791
2767
2842
3124
3396
2195
2470
3632
3923
5355
6816
5970
3354
4228
2994
3340
5077
3393
2453
2171
4908
2211
4572
2295
2578
5275
2505
4629
2234
2499
2041
2276
2369
2455
2682
4191
5146
2196
3023
3763
5104
6963
2253
4299
4746
5071
2419
2875
3175
7033
3027
3842
3452
4000
6656
7155
2579
3450
4944
2789
2204
4094
4428
3697
3534
2145
3285
5027
2524
5829
3043
7355
3307
6548
6276
4441
4688
5205
5644
2240
2620
2406
2957
5257
3380
3825
5247
3342
2178
7233
5664
6085
5434
2269
2403
3552
2135
2420
2784
2794
3370
5575
5531
2564
2667
4644
2209
3887
4398
5292
7345
2492
6882
3821
2605
5773
2795
2858
5173
6695
7218
3634
2345
4612
5562
5882
5853
3662
4146
2654
4073
6246
3817
5517
6559
3389
6248
2117
5396
6579
6016
2797
3160
5500
6649
5358
2143
3814
7000
5268
3072
4585
5906
5682
2865
3671
7272
4580
2684
3643
2264
2422
6446
2530
3187
2812
2871
3020
2965
3970
2924
3162
2713
2140
3405
5261
7001
4570
2389
3687
6461
2563
4430
4528
6861
4830
2668
3029
4790
2487
3205
3198
3169
3505
3681
2245
3782
5532
3599
2451
2479
2634
2730
3861
4472
3375
2446
3196
3420
6828
5062
2498
5843
2529
2194
6751
2507
2748
5118
2217
4625
3181
2608
5806
3332
3295
2852
3468
3580
5688
3138
5468
2750
3155
5243
5141
6402
2358
2616
2212
2810
4547
5466
3432
6257
4674
5987
6657
4349
5187
2855
3362
3805
2250
2944
2476
3261
2379
2450
2600
2373
3049
3545
3218
5749
5850
2676
2988
4646
5170
5651
2755
3019
4194
5303
6475
3429
2772
2296
6338
3002
3170
4681
2596
5912
2538
2674
2442
3460
4315
5164
4698
3889
4266
2313
3329
3663
3993
4564
2350
4203
2354
6106
6300
2316
2687
3601
3727
2850
5383
6345
2998
6480
6992
7128
5553
2721
6437
6642
2995
3127
4697
2692
3952
2598
6261
3515
6483
2897
3781
2291
3612
7169
3283
3648
2435
2611
4105
2572
4368
3899
2836
2958
5241
6818
2306
2753
2960
6870
6555
3053
4233
4976
7360
2942
7110
2441
4394
5101
5266
2284
3454
4342
6686
2658
2938
5481
4003
3163
3665
4307
4300
4505
5738
3442
3512
5718
2636
3949
2383
2387
3873
2973
3605
3686
3094
4542
6503
6933
4135
2745
3823
5126
3279
4723
6604
2408
4819
5929
4147
4127
4491
5220
5260
3367
5989
6188
5847
5102
2349
3652
4201
6572
7137
4068
7027
2742
6581
6571
4711
6647
4935
2851
2480
4150
3382
4303
6703
7183
3115
6341
3366
3683
6280
5302
5886
3415
3953
2701
7368
2397
2412
3216
3400
4576
5957
3799
2518
3769
3855
7262
2452
2425
5113
3031
4781
2494
4902
6551
2447
2528
4332
3026
4346
3651
3492
6159
2982
3171
3126
2740
3096
5486
2696
2992
5134
5862
3104
3353
3430
4295
4659
2961
4892
5430
6687
3028
5327
3974
6723
5269
2392
6737
4545
3555
4200
7082
2459
6433
2873
3103
3036
3550
3690
4176
5036
2786
2680
2920
3403
3184
3260
6702
3099
6175
7347
2657
4802
4517
2699
3866
4254
4706
2776
3798
2969
4957
3046
6130
3898
4549
4949
2841
3586
5872
3147
3751
6459
6619
3412
5238
2593
4378
3305
4985
6550
4090
6549
2554
2779
5955
3546
6096
2913
6722
3059
3186
5016
5346
3008
2909
4335
4610
2756
3540
2549
5860
5938
5487
5538
3709
2860
6738
3063
7336
3924
5634
2731
4343
4478
6680
4389
5849
3235
5421
7319
3388
6192
2513
2537
2670
7076
5295
3084
3677
3079
5106
7325
3762
5721
3068
3081
5249
2562
5114
5180
2805
3292
3583
3945
4237
3774
4461
4806
3074
5349
4882
3030
3299
3705
2902
5604
7353
6526
4217
5364
4314
4574
4530
3277
6634
2646
3093
6891
2589
3784
5152
5972
6003
4061
5413
6631
3164
4535
4604
2959
6324
3457
3194
6362
6707
3322
3466
3502
5144
5341
7302
7030
5065
3179
4083
5689
7385
5997
3368
3397
6204
2601
3391
4334
5271
4134
4401
2884
5642
2678
2672
4837
6930
5276
2571
3044
5191
6801
2637
5333
2788
3334
5264
2887
5324
3267
3753
6674
7166
2997
3369
5731
2821
3918
6172
3073
3325
5868
4557
7188
3229
5541
4743
3336
3824
4747
4776
4245
3075
7220
2743
2768
5408
6984
2967
2974
6748
3157
6497
2983
5609
3622
2759
2990
3832
5361
3185
3865
4529
3348
4102
2663
3189
3286
7184
3642
3695
4414
5637
3413
6965
3106
4538
3787
2650
3619
4391
6776
2688
3264
2935
3499
3766
5787
3653
2876
3188
6491
3729
3835
3615
2953
3592
5309
6937
7058
4452
3143
2751
4153
3870
5525
4672
3001
5136
3395
3676
5026
5412
6727
4033
3995
5497
6969
3335
3062
3231
3381
6229
3489
4365
3091
4551
4213
4540
4850
6357
4180
5094
3557
4879
2918
6664
4031
7217
2987
3066
5031
5561
3549
4247
2733
7141
3153
6568
2787
6374
3589
5579
6528
3820
3928
3975
5432
4816
4281
3137
5391
6474
3856
4617
3909
7174
6142
4156
5131
2763
3829
5475
6185
2931
7388
4447
3711
3293
6348
3193
3785
4777
5894
7192
3981
2777
4032
3692
6079
3033
6135
3440
3712
5281
4728
6252
2972
4990
4504
4843
3664
5297
6943
3000
4007
5011
5085
6768
2843
5939
4092
5776
4661
7273
2889
3884
4012
2955
2801
4636
3202
3874
4413
5521
6961
2898
4577
3907
4983
6068
3051
3161
2831
3227
4350
4426
3265
3963
6425
2945
6696
4125
4614
3316
4138
3319
5577
6844
4546
3109
3131
4712
5921
5923
4270
5166
5788
3437
5182
5206
3718
3948
7139
2881
2964
2999
5448
7061
7088
3311
4554
4753
5960
7316
3244
3346
4988
3698
4676
5967
4305
4155
5606
6913
6998
4954
6301
7050
4330
3232
5593
5465
5684
4717
5045
4588
3113
4171
4371
5435
2912
5160
4113
4004
4133
2879
5817
3985
6851
5229
2975
5213
2968
4799
3323
4485
7159
5096
5145
5729
6321
3351
5735
6051
3582
4932
4994
5507
2914
3309
4289
6711
6597
3257
4602
3080
3946
5446
3838
3934
3330
4192
7361
6770
3042
4439
3595
6744
5221
5377
4686
5009
7216
3559
4654
6869
6810
3132
3371
5367
5917
4633
4411
5149
3025
4553
5419
3476
3378
3443
3208
6996
7086
5493
5956
3693
3853
3566
3005
5489
3886
4325
3650
4385
4501
6023
3613
3209
3471
5168
6827
3445
2989
3294
3768
3936
3111
3716
5174
6002
4621
3225
3638
4120
7114
6375
5195
5231
3114
3219
5352
7221
5583
5343
6766
3845
5250
7321
3384
6226
3192
4424
3815
4423
3424
4181
6344
3932
7269
7381
6514
5768
3006
4803
3097
6494
3152
3107
3268
4169
4294
4264
6554
3496
6031
3567
3444
5286
4737
6089
5672
5739
3895
4575
4965
4263
5836
3221
3702
6278
6401
3207
6152
4286
4238
5737
3357
6329
6900
3245
4098
4696
6430
3204
4936
6447
4020
4705
3250
6412
7022
5926
3606
5678
4679
5698
3418
6077
3426
5936
6295
3146
4331
3463
4831
6814
4782
5947
6573
3119
4779
4917
5657
5369
3875
4436
6281
6144
4100
4606
6570
4829
6878
7101
4202
3472
4298
4409
6400
5874
3360
6710
7266
4682
4930
5294
5526
5819
4989
6842
5154
3215
4093
5720
5311
3222
3999
6149
7332
4099
5185
3888
3352
4464
5597
6174
3410
4248
5161
3441
4431
7209
5254
3704
5259
5790
3593
4311
4374
3584
4516
5590
6775
4219
4534
7149
4040
4324
6140
3682
6206
6478
3806
4167
4373
6097
3754
5804
4212
4345
4265
5807
4005
3248
4056
3438
4773
4616
3741
5315
6263
6564
6693
3133
4473
7067
7334
4309
6951
3744
7265
5516
5816
7267
3490
5440
6959
4310
3274
5121
7406
4860
4182
4649
3579
4979
6527
3573
4735
5438
3848
3906
5911
4277
4482
4600
5091
5192
5385
3503
4995
6783
4110
5212
3654
4507
4731
3306
4827
4977
3621
3902
4815
7148
5417
6648
4081
4429
6189
7002
7094
4839
4351
5944
6803
6087
3239
3387
3750
4700
4844
4559
5289
6546
4847
6671
3240
4024
4144
6493
6176
6669
4077
4444
4924
5805
3850
7026
5636
3453
4088
4357
6471
3379
4820
4337
3390
4387
4923
5502
3242
3481
3916
5194
5244
4792
3436
4160
4320
5376
6069
4104
6836
3528
3620
3736
4971
4108
4338
3779
6529
6067
6284
3742
4951
6197
6837
5054
3467
4502
4722
5700
7260
3372
3696
5251
3514
4690
6270
3828
3527
4109
6177
3435
3459
3520
4558
3913
3462
3961
5175
5653
3793
4116
3344
4009
4992
5627
5055
3748
3611
4438
5208
3720
3796
3854
4038
7164
5896
4555
3385
3576
4410
6025
6618
3882
6786
6115
4544
6488
7047
5330
4043
5547
5429
3972
3840
3475
3516
4360
5157
3772
5334
5336
3610
6511
3880
6203
4284
3338
4484
5984
4199
4981
4045
6220
6924
3921
4107
4857
6592
3569
3734
5852
7181
3558
3790
3987
4418
5076
3626
7394
4115
4089
5594
6756
5099
5441
6127
4495
4080
4224
3536
6005
3737
4011
7219
5635
4166
5293
4407
3604
4291
4638
4718
7377
3446
6007
6733
5744
4734
3608
5811
3484
3977
4739
3414
5763
3738
3532
3510
3562
6510
3482
5751
4225
5471
4476
5024
5428
5616
3940
3508
5095
5422
7060
4352
5234
6221
4565
6387
6717
3657
6417
3989
4955
5190
6617
6865
4075
4154
4244
4808
5458
4117
5111
4010
5677
4671
5066
5347
3757
4584
5262
7378
5839
5451
3731
5705
6856
4948
5838
3633
6318
4226
5645
6419
3767
4832
5495
3893
3984
4267
4620
4912
6310
7296
4838
5812
3927
4240
3943
6978
3860
6070
5557
3600
4763
5614
7280
4197
4972
6848
7062
6134
6110
4022
7322
4568
6752
4129
6958
4278
5539
5122
5643
5681
4586
5863
6769
4448
5524
5814
3655
5110
6047
4028
5098
4766
6255
3618
4440
5058
7212
6658
5473
4152
4258
3675
6424
3777
5625
6145
6981
3624
3827
6785
4463
3598
5425
5321
6811
5484
6235
4539
4524
4087
4187
5183
5661
6705
4635
6267
5017
5668
4013
5414
5086
4726
6243
5973
6942
7063
5482
4071
4593
6898
3596
4172
4982
6622
4701
5306
4710
3678
5665
5685
5305
4046
4185
4578
4594
4929
5014
5371
5937
4119
6303
6405
7288
4704
3710
6883
3794
5520
3627
5513
7324
4296
5659
4889
5974
4064
6636
4729
6259
6562
3660
4812
4787
4072
6352
3944
4018
5075
4313
4454
6917
3679
4487
4513
6092
6098
6283
5400
4256
5877
6639
4543
5059
5743
5848
6864
3732
3976
4039
3775
4400
5560
5780
6238
3933
4632
5177
4835
4179
3900
7294
4048
4451
6249
4190
3752
6452
6173
3707
6822
4326
7013
4074
4457
6223
3822
4767
6120
7068
4599
6806
5298
4317
5063
5215
6676
4174
5586
6980
4427
5350
6201
6328
4772
4193
4479
5706
6730
7384
4021
4084
5558
5662
5608
4852
6666
3809
6230
5918
4257
5823
7162
7032
6802
3967
4793
5890
7276
4399
4878
3869
4051
4420
3844
6453
4196
4890
4236
4641
4683
5100
5946
6294
4211
5483
4408
6476
4041
5388
5747
5695
4680
4271
4392
5299
3846
7172
4591
6032
5758
4333
7074
5210
3914
5980
3922
6608
4634
6109
4164
5392
3847
5457
5774
6593
4801
4280
4292
6698
4665
4689
4824
4664
6923
4996
5199
5265
4512
5304
4595
4788
6380
5043
4091
4017
5252
6791
3958
4140
6137
7255
5052
7115
5193
3862
4582
5325
5384
5455
4348
4474
4402
4861
5884
6128
6734
6117
4023
4354
3890
4519
5488
4854
4888
4239
7315
6732
4720
4069
5924
6105
7012
3894
5456
6538
4204
4252
4118
5237
4189
7297
6160
6126
5648
6627
4054
5808
6586
4876
5125
6807
5140
3990
6906
7373
4215
4006
5572
5858
4798
5732
5467
4508
6931
6014
4259
5875
4537
6141
5112
4503
4123
4581
6971
4496
5962
4466
7287
4911
5612
4321
4301
5162
6063
5687
4910
6273
6445
4412
5546
5983
5130
5393
4522
5867
6125
6966
6262
5018
5529
6073
5158
4103
4864
5492
4376
4380
4778
4044
5023
4883
5965
4143
5366
4825
4514
5051
6675
4142
5564
4732
4195
4869
7180
4066
6196
6823
4563
5038
6489
4774
5127
5407
5900
5460
5933
7165
5277
6122
6501
5639
5197
4034
4974
6143
6227
7298
4780
5147
7197
7282
4587
7091
4947
6724
4381
4727
6932
6632
5316
4840
4795
4859
6219
5093
4403
6091
4262
4253
4920
4318
5646
6040
5398
4943
5799
5919
5624
4615
5290
4251
4639
4997
7307
5282
5724
7261
5370
7236
5189
5966
7011
7189
5442
5865
4548
6059
6021
5397
4232
5660
4341
4435
4322
4980
5822
4566
4783
5796
5404
6043
5239
6468
7291
4132
6518
6540
7109
5991
4274
6399
6465
4536
5856
4369
5021
4222
7003
7338
4288
5235
6805
7025
4323
7229
5581
4897
5401
4377
4702
6039
5652
5523
5881
5137
5332
5155
5841
5150
6061
4849
7248
6523
7194
4459
6949
6058
6212
6024
4975
4826
7021
4678
5120
5537
7178
4415
5300
5596
5775
5830
6044
7301
4234
4667
4663
5726
4246
6333
5186
5363
7238
5854
5995
7136
5533
7290
4329
4386
6498
4745
5778
4754
4956
5035
4390
5692
4931
4490
6849
5501
5992
4344
5888
4784
6370
4347
6600
6473
5022
4486
6207
6367
4297
5151
6974
5163
4715
6895
6441
5015
4716
5256
4421
6218
5952
6659
5607
6391
4456
4647
5353
6499
7144
4396
4419
4597
6415
4336
5821
7232
5329
6934
4470
4905
4966
4603
5360
6938
6388
4845
5745
4817
5840
5567
5828
6788
7170
4379
4623
6241
6668
5176
4887
4939
5622
4874
4533
4768
7382
5317
5800
5824
6066
7292
4666
6565
4611
5006
6217
6088
4445
5032
5233
4809
4384
6416
5132
4405
6899
6076
5103
6268
6557
6074
6265
6245
6875
4805
5067
5444
6672
4953
5387
6866
5116
4404
4573
6846
5779
6457
4941
6011
5585
5089
4567
6754
7252
5694
5580
5143
6291
6116
5809
7393
6635
5008
5380
6699
5909
6090
6778
7083
4571
5314
4978
4601
5156
4871
6588
7204
7239
4945
7126
5600
5512
7085
4637
5029
7264
5123
5263
5461
5555
5283
5633
4756
6829
6015
5362
6111
6158
6195
4822
6867
5574
4708
6854
4973
6771
6950
4742
4867
6750
6638
5443
5395
6439
6624
5727
6616
4898
7270
6946
6095
6890
4907
6013
5184
6454
5767
4789
5981
4714
6897
4937
5792
6186
6187
6759
5041
6871
5138
5699
6587
4942
6654
7152
5582
5994
4627
5880
4906
5503
6094
5673
5345
6251
4693
6102
6967
7366
4675
6704
5704
6373
4657
7163
5109
6796
6194
6601
4922
6558
5958
5866
4885
6972
6119
4856
5949
4967
5605
6681
5951
6165
4834
6798
5522
6472
4651
5107
6840
4804
4807
4786
7250
5445
7117
4762
7199
6566
6779
6987
6821
7104
6881
6302
5878
5554
5172
4904
5050
4740
5556
5313
6365
6075
6171
6665
5504
6383
5833
5550
6213
6253
5903
6035
6873
6939
6505
6444
5222
5209
5715
6874
6313
6745
5074
5905
6340
4848
5217
6876
4919
6743
4918
4940
5270
5764
6288
5080
5464
6422
5005
6482
6621
6398
5328
5439
5056
5895
5284
5663
4987
5618
7168
5272
5274
5326
5899
6234
6168
5742
5986
6022
5207
5901
5037
6886
5709
5935
5381
5307
5273
6907
5452
6941
6266
5891
4946
5287
5340
5746
7191
5545
6413
6760
6691
7048
5941
5236
6155
4958
6423
6847
6955
5617
6747
6940
5335
6839
5922
5420
6817
5478
5232
6443
6645
5477
6210
5534
5766
5801
6431
5675
6481
6429
6534
5535
5178
7263
5505
5916
5810
7299
5549
5615
5813
5129
6179
5674
6541
5953
7154
6543
5320
5879
6500
5453
7093
5167
6037
6742
6799
5587
5211
5374
6561
6034
5409
6247
5770
7369
5990
6404
5831
6346
6434
5474
5655
6813
7198
5049
5470
5528
5437
5082
6010
6275
6211
6583
6292
6777
5761
5322
7399
6957
7186
6084
5859
5196
7102
6716
6729
6062
5405
6018
5619
5566
6101
6530
6725
6290
5892
7014
7098
6378
5436
6311
7391
5765
5893
6131
7167
6030
5783
6170
5707
6372
6462
6644
7171
5736
6351
6323
6467
7375
5771
5599
7179
5338
6469
5781
6012
5630
6057
6731
5365
6004
5825
6575
7231
6611
5202
5943
6049
6183
5963
5756
5712
5748
6319
6036
5871
6052
5861
6231
7254
7202
6354
7064
5802
6970
5449
7275
7308
6456
7289
6700
5394
7396
6112
5740
5485
5629
5950
6641
5842
5638
6872
6544
5491
5885
5406
6800
6056
6048
6519
5378
6408
7134
6598
6926
5354
7015
5710
6146
7374
6643
6307
6591
5508
6334
5669
6225
6991
7226
5976
6679
5559
5568
6845
6240
7040
6193
5832
7244
5463
5942
6045
7028
6773
6973
5626
5666
5978
6104
6286
6944
6353
5864
6995
5754
6242
7258
7268
6202
6368
5569
5602
5931
5795
5573
5656
6908
6633
6136
7245
7142
5595
5719
5930
6376
6046
5913
6215
7196
6697
6749
6860
6888
5730
6824
5578
6576
6863
7112
7005
5791
5932
7344
5713
6320
7147
6739
7100
7271
5592
6216
6065
6285
7038
5846
6191
6377
7249
5734
6719
6495
6919
6709
7306
7208
7173
5904
5998
7311
5711
7402
6366
5649
5873
5999
6915
6282
5620
5777
6574
6081
7103
6393
6382
7328
6167
7160
6838
7024
6781
6180
6909
5728
6517
7053
7052
6361
6455
7313
6663
6381
6947
7227
5928
7201
6435
6661
5772
7342
6815
6977
6060
6927
7305
6200
6132
7070
6859
5887
6894
6250
6343
6458
6222
7241
6532
6033
6181
7243
7145
6741
7222
6113
6233
6072
6100
7099
7357
6138
7330
6646
6272
6989
7259
7215
6390
6403
7113
6790
7153
6000
6720
6954
6985
5940
6916
6884
6935
7077
7213
6118
7370
6410
6239
6515
6297
7041
6831
6774
7390
7123
6448
6825
6640
7214
6296
6753
6151
6190
6411
7348
6812
6298
6384
7037
6397
6237
6163
7092
6577
7337
6438
6506
6178
7157
6563
6533
6692
6331
6929
7042
7131
6205
6299
6983
7175
7182
6653
6209
6605
6637
6787
7190
6569
6740
7363
6629
6715
6956
6347
7339
6536
6508
7133
7225
7185
6613
6953
7056
6599
7211
7395
7176
7362
7341
6350
7124
6833
7087
7020
6762
6862
6714
6736
7400
6789
6436
7356
6683
6689
6713
6990
6449
6655
7116
6975
7329
7065
7017
7004
6804
6516
6853
6578
6609
7120
7303
7295
6567
7300
7080
7203
6531
6795
6794
7010
6590
7111
6896
6650
7016
6834
7376
6841
7326
7072
7035
7278
7351
6706
6670
6893
6835
6809
6986
6677
7234
7084
7071
6928
7327
6763
6850
7073
7029
7333
7228
6857
7403
6994
7200
7343
7210
7187
6826
6843
7320
7281
7143
6920
7398
7051
6914
7253
6922
7349
7054
7140
7057
7043
7161
7251
6964
7335
7089
7346
7380
7018
7304
7279
7309
7379
7293
7340
7132
7247
7237
7274
7404
7358
7367
7323
7350
7405
4
6
9
