888
887
1
1
1
1
1
2
3
3
3
4
4
4
5
6
6
7
7
7
7
8
8
8
8
8
8
9
9
9
10
10
10
10
10
11
11
12
12
12
12
12
13
13
13
14
15
16
16
17
17
17
17
18
18
18
19
19
19
20
20
21
21
21
21
22
22
22
22
22
22
22
24
24
24
24
26
26
26
26
27
27
27
28
28
28
30
30
30
30
30
31
31
32
33
33
33
33
33
33
33
33
34
34
36
36
37
37
37
37
37
38
38
39
39
40
41
41
42
42
42
42
43
43
43
43
44
44
45
45
45
47
47
47
48
48
48
48
48
48
49
49
49
50
50
51
51
51
51
52
52
52
52
53
54
54
55
56
56
57
57
58
58
59
59
60
60
60
60
61
62
62
62
63
63
63
63
63
63
65
66
66
66
66
67
67
67
68
68
68
68
69
69
69
70
71
71
72
74
74
74
74
75
75
76
78
78
78
78
78
79
80
80
80
80
80
81
81
81
82
82
83
84
84
86
86
86
87
88
88
89
89
90
90
90
91
91
91
93
94
95
95
95
95
95
96
96
97
98
99
99
99
99
100
100
101
102
102
102
103
103
104
104
104
104
105
105
106
106
106
106
107
107
107
108
109
109
110
111
111
111
111
112
113
113
113
114
115
116
116
116
118
118
118
119
120
121
122
122
123
123
123
124
124
124
124
124
125
125
126
126
126
127
127
128
128
128
129
129
129
130
130
130
131
132
132
132
132
132
133
133
134
134
134
135
135
136
136
136
136
138
140
141
141
143
143
143
144
144
144
145
145
145
146
146
146
146
147
147
150
151
152
153
153
154
154
154
156
156
157
157
157
158
158
159
159
159
159
159
160
160
162
162
162
163
163
163
164
165
166
168
169
169
169
170
173
173
173
174
174
174
175
175
175
176
177
177
178
178
179
179
179
180
180
181
181
182
182
183
184
184
184
185
185
186
186
187
187
187
187
188
188
190
190
191
191
193
193
194
195
195
196
196
197
197
198
199
200
201
202
203
203
203
203
204
204
204
204
204
205
205
206
206
207
207
208
208
209
209
210
211
212
213
216
217
217
218
218
218
219
219
220
222
222
223
223
224
224
224
225
225
226
226
227
228
229
229
232
232
232
233
233
234
234
235
235
238
238
240
240
240
243
243
245
245
248
250
252
252
254
254
256
257
257
257
258
259
259
260
260
261
261
261
262
265
265
265
265
266
267
268
270
270
270
271
271
274
274
275
275
275
275
277
277
278
278
280
281
282
282
283
284
285
286
288
288
288
289
290
292
292
295
295
297
297
298
298
298
299
301
301
302
303
303
303
304
306
307
307
308
309
309
310
311
312
313
313
314
315
315
315
317
317
317
318
320
320
322
324
324
325
325
326
326
327
328
331
333
334
334
335
335
336
336
337
337
337
337
338
338
339
342
342
343
344
344
346
347
348
349
349
350
352
352
353
354
354
358
359
361
362
366
367
368
369
370
373
373
374
374
376
377
379
379
379
379
380
382
385
387
389
389
389
390
390
391
392
394
394
394
394
395
396
397
398
400
401
402
404
406
407
409
409
410
410
414
414
415
415
415
418
419
421
421
422
423
424
426
427
429
430
431
431
431
431
433
433
434
437
438
441
442
442
444
445
445
446
447
449
449
452
455
457
458
459
459
460
460
462
464
466
467
467
469
473
475
475
475
476
479
482
482
483
484
485
486
486
486
486
487
488
488
490
490
490
491
495
498
499
499
500
502
502
506
507
512
512
512
514
517
519
522
523
524
524
528
529
530
530
531
538
539
540
540
540
540
541
543
544
544
546
548
549
550
553
555
557
560
560
563
566
567
568
572
573
578
579
579
580
587
588
588
590
593
595
598
599
608
611
612
617
621
622
623
624
624
626
627
629
636
636
636
636
637
638
644
644
646
646
647
647
648
648
650
657
659
660
661
667
669
676
689
693
695
699
705
706
709
710
711
713
720
724
726
736
740
742
744
749
760
769
776
785
786
794
796
799
826
886
887
2
3
9
42
54
23
4
5
8
6
41
51
7
20
55
10
27
50
81
12
38
49
258
283
418
11
176
403
15
17
19
74
406
13
16
18
26
43
125
265
14
30
33
32
25
21
618
22
24
40
84
28
29
73
78
112
203
37
619
91
150
187
745
136
169
204
244
264
400
522
35
48
79
739
34
184
234
393
52
58
143
221
326
357
31
47
95
102
286
45
126
536
36
76
82
135
147
741
824
840
66
178
83
93
46
57
92
164
251
39
213
171
674
63
64
68
44
56
98
165
62
218
515
886
137
597
61
103
225
109
422
869
65
67
104
386
532
779
53
138
179
219
543
59
85
152
576
80
173
191
347
111
71
154
215
70
255
116
241
60
168
97
216
90
113
156
501
77
72
128
278
69
96
107
157
174
413
743
118
185
497
784
259
304
671
170
315
461
623
105
186
199
89
114
769
75
117
151
284
670
122
132
217
86
87
200
312
672
175
88
94
100
110
159
372
396
821
123
545
101
142
240
172
228
261
332
321
388
124
197
119
207
820
196
270
857
99
115
108
162
227
384
465
231
364
210
276
106
133
205
222
780
788
633
224
405
829
127
194
295
425
562
868
237
467
161
252
512
716
458
555
754
544
340
481
246
141
250
391
712
167
209
455
601
301
202
139
177
813
120
121
145
375
581
134
206
729
129
417
758
131
183
334
518
565
262
635
148
208
755
320
573
271
392
610
130
559
699
144
153
622
888
146
254
263
302
613
272
872
230
238
362
140
761
166
266
351
398
201
344
155
163
223
322
563
297
435
462
149
160
180
229
500
506
776
158
445
505
226
443
181
774
214
249
256
307
630
310
793
818
235
433
195
365
390
539
753
290
765
293
376
487
189
192
289
431
607
323
628
188
211
253
582
182
399
632
328
541
785
282
288
426
305
527
586
242
267
280
281
608
316
318
193
198
554
722
190
540
624
851
397
521
680
795
257
335
516
866
494
533
268
355
502
723
232
298
479
243
778
311
714
220
361
478
490
394
742
212
314
537
661
791
313
353
356
387
591
245
414
498
508
279
377
236
496
450
463
239
556
701
550
620
247
493
248
423
845
336
352
368
436
499
475
569
287
651
855
269
359
292
410
482
338
277
485
233
337
731
303
367
446
781
324
456
327
529
294
696
880
453
514
260
319
609
579
296
750
370
504
451
273
339
510
531
325
345
343
590
274
419
466
643
275
309
519
792
773
385
402
308
560
673
511
636
299
434
371
411
420
427
428
470
407
567
380
751
285
538
350
342
457
341
429
442
449
291
710
300
604
477
548
373
444
306
389
638
383
662
825
317
360
468
856
331
767
358
382
381
369
401
599
566
349
438
492
348
329
330
333
354
409
861
694
346
464
702
703
826
379
807
547
850
848
469
416
658
495
523
437
884
669
677
489
561
771
789
439
580
570
404
757
440
378
526
408
637
366
363
747
842
617
841
783
804
881
395
551
472
509
667
534
596
612
606
374
639
432
704
488
647
421
441
724
794
585
476
412
675
486
805
812
424
524
558
525
655
682
746
878
584
879
483
882
734
725
447
808
676
631
484
828
542
777
415
459
452
578
764
649
592
552
571
471
642
430
708
786
659
454
491
530
594
602
473
503
727
865
640
448
460
583
718
657
740
614
513
517
816
679
735
721
507
634
654
572
595
684
707
474
627
698
480
626
588
814
854
686
616
564
681
732
772
553
535
621
629
700
600
668
775
603
648
687
873
770
864
653
688
665
838
839
587
756
520
797
847
685
695
528
546
663
549
706
575
690
598
762
858
646
875
568
652
666
870
692
790
557
719
615
577
822
574
656
589
726
717
728
644
823
871
605
860
748
737
611
846
796
833
593
738
625
832
844
664
749
766
837
720
683
733
867
645
827
849
759
862
815
641
705
736
752
711
877
660
830
691
800
763
802
650
689
806
810
713
693
678
709
836
697
803
874
730
799
811
768
798
715
782
809
744
859
801
843
760
834
787
887
835
863
819
876
883
852
817
831
853
885
120
26
178
