1213
1212
1
1
1
1
1
2
2
2
3
3
3
3
4
4
4
4
5
5
5
5
6
6
6
6
6
7
8
8
8
9
9
10
10
10
10
11
11
11
11
11
11
11
11
12
12
12
13
13
13
15
15
15
16
16
16
16
17
18
18
18
18
19
19
19
20
20
21
21
21
22
22
22
22
22
22
22
22
22
22
23
23
23
23
24
24
24
24
25
26
26
26
26
27
27
27
28
28
28
28
28
28
28
29
29
29
29
29
30
30
31
31
31
32
32
32
32
33
33
33
33
34
34
35
35
35
35
35
36
37
37
37
37
37
37
38
38
38
38
38
39
39
41
41
41
41
41
41
41
41
41
42
42
43
43
43
43
43
43
44
44
44
44
44
44
44
45
46
46
46
47
47
47
47
47
48
48
48
49
50
50
50
50
51
51
51
51
51
52
52
52
52
53
53
53
53
53
54
55
56
56
56
57
58
58
58
58
58
59
59
59
60
60
60
60
61
61
62
62
62
62
64
65
65
66
66
66
66
66
66
66
66
66
67
67
67
67
68
68
69
69
70
70
71
71
72
72
74
74
74
75
75
75
75
76
76
77
77
78
79
79
80
80
80
81
81
81
82
83
84
84
85
85
86
86
86
88
89
89
90
90
90
90
91
91
92
92
93
93
93
93
94
94
94
94
95
96
97
97
98
98
98
99
100
100
100
100
101
102
102
102
102
103
103
104
104
104
105
105
106
107
107
107
107
108
109
109
109
110
110
110
110
110
111
111
111
111
111
112
113
113
113
113
113
114
114
114
114
115
115
115
115
117
117
118
118
119
119
119
121
122
122
123
123
123
123
124
125
125
125
126
126
126
128
128
128
129
129
130
131
131
131
132
132
132
132
133
133
134
134
135
135
137
137
137
137
138
138
139
139
139
139
139
139
140
140
140
140
141
141
142
142
143
143
143
144
144
144
144
145
145
145
145
146
146
146
147
147
147
148
148
149
150
151
151
152
152
152
153
153
154
154
154
155
157
157
158
158
159
159
159
159
160
161
161
161
162
162
162
164
165
165
165
165
165
165
166
166
166
166
167
167
167
167
167
168
168
170
171
171
172
172
172
172
172
172
173
175
177
180
180
182
183
183
183
185
186
186
186
187
190
190
190
191
192
194
194
194
196
196
196
197
197
198
198
198
199
199
199
199
200
201
201
201
202
202
202
203
203
204
204
205
205
206
208
209
209
209
210
212
212
213
213
213
213
214
218
218
218
219
219
219
220
221
221
221
221
222
223
224
224
224
225
226
226
227
227
228
228
230
230
231
232
234
234
236
236
236
237
237
238
238
239
240
240
241
241
243
245
245
245
245
245
246
248
248
250
250
250
251
251
252
252
252
253
256
256
257
257
257
257
257
258
259
260
260
261
261
263
263
264
264
264
266
267
268
268
268
269
270
270
272
272
273
273
274
276
279
279
279
279
281
283
284
284
285
286
286
286
286
287
288
292
292
295
295
295
296
296
297
297
297
297
298
298
299
299
299
300
300
300
301
301
302
302
302
302
302
303
304
304
304
305
308
308
310
310
311
312
312
314
314
314
315
315
316
317
317
318
318
318
319
319
320
320
321
322
323
323
327
327
328
328
329
330
330
332
333
333
335
336
337
338
338
338
340
340
341
344
346
346
347
348
348
348
349
350
351
353
353
353
354
356
356
356
356
357
358
359
359
360
360
362
363
364
364
364
364
364
365
366
367
367
367
368
369
370
370
373
373
374
374
375
375
375
377
379
382
384
384
385
385
385
385
385
387
389
390
390
391
392
392
394
395
397
397
397
398
399
400
401
401
401
403
404
405
406
407
407
407
407
408
408
410
410
412
412
412
413
414
414
415
415
416
417
417
418
419
419
420
420
421
423
423
425
425
425
426
426
427
427
427
427
428
429
430
431
433
436
436
439
439
439
440
441
442
442
443
443
443
443
445
445
445
446
447
448
448
448
448
449
449
450
450
450
452
453
453
454
455
456
457
457
458
458
459
461
461
463
463
463
463
465
467
468
469
470
470
471
472
472
472
473
473
473
476
476
476
477
478
479
480
483
483
483
484
485
485
486
488
488
488
489
489
494
494
495
496
497
499
499
499
500
501
503
505
506
508
511
513
513
514
515
516
518
518
519
521
521
521
522
522
522
522
524
525
525
526
527
530
530
531
531
534
535
535
536
538
539
540
541
541
542
542
543
543
543
544
544
544
544
547
548
549
549
550
550
551
553
554
554
559
562
564
565
571
572
573
574
574
577
578
580
587
587
589
591
593
594
594
595
595
596
596
598
599
600
602
603
605
605
608
608
609
609
609
610
612
612
614
615
616
616
617
618
620
620
622
622
622
623
626
628
630
633
633
633
637
637
638
638
640
641
642
645
646
646
649
650
654
656
657
660
661
663
667
668
669
670
672
672
674
677
678
680
681
684
689
690
690
695
696
697
698
700
700
711
712
713
715
715
715
718
720
723
731
734
738
740
740
742
742
742
742
743
745
746
746
746
748
749
750
757
757
758
760
768
770
772
775
776
777
778
782
784
787
790
796
798
799
800
806
808
809
811
815
815
817
818
819
823
825
826
826
829
830
831
833
837
837
838
843
848
850
853
855
855
857
865
868
874
885
888
889
891
896
901
905
908
908
909
911
911
919
923
926
932
932
934
935
936
941
942
956
961
961
973
981
987
990
992
992
997
998
1001
1029
1035
1044
1046
1047
1051
1052
1073
1079
1091
1102
1104
1110
1127
1133
1152
1155
1160
1212
2
3
5
10
16
7
20
126
4
89
99
102
6
68
247
474
9
21
33
1109
8
12
57
396
486
112
14
64
293
15
155
11
24
36
603
13
18
28
58
76
171
269
944
17
63
448
23
27
465
26
35
217
19
22
29
183
83
30
94
120
136
31
32
74
49
581
39
248
261
25
54
73
124
225
279
408
455
469
536
424
451
751
912
46
48
876
898
484
34
142
572
1174
71
91
372
44
138
149
186
199
202
204
37
40
56
436
1004
118
262
159
394
988
38
41
678
1020
72
77
108
254
45
177
82
127
148
340
409
42
50
116
198
244
264
374
60
65
176
393
428
160
301
43
47
52
81
121
144
165
238
849
195
342
51
61
67
212
385
608
59
147
222
480
595
822
853
824
85
119
272
101
104
125
391
1150
266
326
514
181
53
69
123
143
55
95
133
274
662
105
366
431
557
62
66
114
151
810
378
139
100
291
1108
75
137
369
421
592
943
79
184
251
78
154
161
680
93
417
88
129
194
537
156
157
722
70
97
228
249
328
335
635
641
772
84
346
887
949
418
725
349
1156
182
644
80
141
92
903
98
145
172
447
719
818
930
117
180
273
842
747
152
224
215
683
859
292
343
371
324
185
135
336
86
468
87
90
103
454
308
814
122
289
505
738
400
703
166
214
106
113
364
426
96
107
110
472
109
173
442
555
163
679
690
131
134
220
416
427
240
169
223
467
584
207
657
111
146
653
257
706
219
242
295
384
885
255
115
197
290
130
270
284
375
913
128
332
361
606
724
832
211
311
498
697
1203
230
303
433
543
201
256
395
1048
357
665
178
570
132
383
723
379
235
362
140
167
250
1034
430
213
337
705
253
345
569
231
1067
1136
288
955
191
188
193
1120
233
415
478
1125
551
846
392
828
150
162
276
573
654
1066
298
726
153
209
285
347
406
684
271
607
656
954
164
851
265
681
239
260
534
241
463
757
779
203
236
327
348
158
168
611
322
377
643
229
405
259
286
190
1032
179
267
604
174
636
196
388
1061
413
210
350
246
296
237
914
990
1164
187
206
376
622
175
559
728
423
205
313
411
443
754
900
170
341
504
936
243
263
601
729
890
650
848
520
226
1110
200
323
386
594
774
1073
216
649
404
245
304
1021
189
218
530
192
227
344
1062
753
208
252
515
334
232
305
338
648
234
310
1212
280
600
397
522
538
300
306
655
817
795
307
612
850
221
475
1190
282
419
330
813
627
888
1195
460
368
696
1121
800
297
977
319
363
539
541
275
609
837
931
422
670
778
640
354
488
532
556
281
809
287
763
969
1132
329
985
318
432
278
928
387
852
1009
444
283
398
501
527
756
500
808
525
760
492
563
801
302
519
511
258
268
333
548
549
360
664
675
355
960
962
633
921
586
821
1194
619
299
462
370
449
827
965
1155
889
561
1022
1204
380
1145
445
1196
466
720
755
1043
294
389
831
1042
321
477
687
277
317
533
798
414
491
309
420
571
732
1115
630
453
502
1191
314
339
590
668
576
410
316
437
553
752
1185
659
1029
470
941
964
992
315
446
312
365
412
598
845
1208
487
1063
471
510
579
645
1006
382
320
945
1014
524
582
870
358
1069
331
356
450
325
352
1078
701
1131
546
401
596
638
660
952
637
1047
351
909
565
373
458
829
953
1085
359
367
464
509
1002
911
353
499
740
482
473
489
503
991
628
939
820
699
567
777
803
707
797
1114
425
490
1105
390
459
554
508
591
761
940
970
786
1012
806
987
1149
1198
435
575
381
625
731
748
1070
1023
1201
816
1018
1147
673
615
529
1117
441
1010
497
1099
440
617
855
512
1168
589
399
566
495
531
593
793
799
479
507
407
506
461
597
802
745
938
493
677
1024
972
403
402
452
457
1081
618
545
580
1038
574
796
904
1080
568
692
429
682
610
708
782
875
686
768
602
1165
884
476
485
558
841
1107
438
742
929
439
1157
434
1076
1153
516
1057
456
642
996
1013
552
794
981
1112
702
671
1007
583
709
863
1016
496
676
1040
700
896
976
1141
544
764
902
528
1179
737
759
785
1128
616
620
932
1082
1211
626
599
718
905
1127
661
980
1087
481
1213
918
494
1210
483
513
542
1079
663
1071
1011
1161
523
647
958
587
805
920
652
667
685
577
781
1206
614
1130
776
540
562
623
1035
1025
550
585
714
517
787
880
535
1008
578
1017
672
734
651
624
886
1172
1177
1055
767
791
823
1045
518
861
907
715
613
984
621
741
521
526
698
1084
733
882
1148
1160
1005
669
749
815
770
926
974
547
564
730
766
862
1044
688
860
560
695
1122
1129
1143
826
973
1064
864
873
881
942
713
691
588
780
634
1188
689
736
788
906
847
879
947
605
674
632
789
746
867
1104
856
804
727
1119
956
899
865
901
1100
735
819
631
1050
1092
1126
1102
694
784
739
840
639
894
629
750
790
792
971
1094
1142
979
693
968
923
1037
1036
1183
771
891
1003
1209
916
1019
658
666
834
1097
646
1059
721
1098
704
1197
762
1051
857
937
711
825
1030
1000
989
716
858
769
839
744
1170
1028
712
811
758
998
917
1086
877
1089
775
717
1033
773
925
986
710
975
1116
961
743
1186
765
957
1137
1075
1166
895
854
982
1182
1096
1154
836
924
1026
1052
1118
807
872
874
897
893
883
1046
830
1056
1077
1074
966
934
1180
922
866
868
910
783
892
983
812
935
1001
878
919
915
1184
1041
1169
844
946
838
1058
843
1135
835
871
908
1091
833
1095
951
950
1124
1106
1053
869
1054
1207
999
1171
995
933
1193
1175
959
1060
1123
1068
997
1111
927
978
1187
1027
1049
1093
963
1163
1083
1202
1205
1158
967
1065
994
948
1181
993
1039
1103
1031
1176
1015
1144
1200
1140
1113
1138
1167
1101
1072
1134
1159
1090
1088
1162
1146
1173
1133
1151
1152
1139
1178
1189
1192
1199
110
440
617
