93
92
1
2
2
2
2
3
3
3
3
3
4
4
5
5
6
6
6
6
7
8
8
9
9
9
10
10
11
11
13
14
14
14
14
14
14
16
16
16
17
17
17
18
18
18
20
20
21
23
24
24
25
25
26
26
28
28
29
29
29
30
30
31
32
33
35
37
37
37
38
39
39
40
40
41
41
45
45
46
47
49
50
50
51
51
57
62
62
64
64
68
77
81
92
2
3
6
9
45
4
7
10
26
32
5
13
15
34
8
18
42
75
21
12
61
14
50
52
11
19
22
56
43
16
20
28
30
40
74
17
23
70
38
80
88
27
31
48
24
46
25
44
29
41
35
49
33
37
39
72
36
59
91
60
81
85
69
64
73
47
57
65
86
77
89
58
62
51
54
76
90
83
82
53
55
92
78
87
67
63
68
66
79
71
93
84
1
6
9
