2019
2018
1
1
1
1
2
2
2
3
4
4
4
4
5
6
6
6
7
8
9
9
9
9
9
10
10
10
11
11
12
12
12
12
13
13
14
14
14
14
16
16
16
16
17
17
17
18
18
18
18
18
19
20
20
20
20
21
21
21
21
21
21
21
23
23
24
24
25
25
25
25
26
26
26
26
26
26
27
27
27
27
27
27
27
28
28
29
29
29
29
30
30
30
30
30
30
31
31
31
31
32
32
32
32
33
33
34
34
34
34
35
35
35
35
36
36
36
36
36
36
37
38
38
39
39
39
39
39
39
40
40
40
40
41
41
41
42
42
42
43
45
45
45
46
46
47
47
48
49
49
49
50
50
50
52
52
52
52
52
53
53
54
54
54
54
54
54
55
57
57
57
57
57
57
57
58
58
58
59
59
60
60
60
61
61
61
62
62
62
63
64
65
65
65
65
66
66
66
67
67
67
67
67
67
67
68
69
69
69
70
70
70
70
71
71
71
71
71
72
73
73
74
76
77
77
77
78
78
79
79
79
79
79
79
79
79
80
80
80
80
80
81
81
81
82
82
82
82
82
83
83
83
84
84
84
85
85
85
86
86
86
86
87
87
87
88
88
88
88
88
88
89
90
90
90
90
90
91
91
92
93
94
95
95
95
95
96
96
96
96
96
97
98
99
99
100
101
101
102
102
102
102
103
103
104
105
105
106
106
106
106
106
106
106
107
108
109
109
109
109
109
110
110
110
110
111
112
112
112
113
114
114
114
115
115
115
115
115
115
115
117
117
117
117
117
118
118
118
119
119
119
119
121
121
122
122
123
124
124
124
125
125
125
127
127
127
128
128
129
129
129
129
130
130
130
131
131
132
132
133
133
133
133
134
135
135
135
136
136
136
137
137
137
138
138
138
138
139
139
139
140
140
141
141
141
141
142
142
143
143
144
145
146
146
147
147
147
147
147
147
147
148
148
148
148
148
149
149
149
149
150
150
151
151
151
151
151
152
152
152
152
153
153
153
155
155
155
156
156
157
158
158
159
160
161
161
161
162
162
162
162
162
163
164
164
164
165
165
166
166
166
166
167
167
167
168
168
169
169
169
169
169
170
170
170
171
171
172
172
173
173
174
174
174
174
175
175
176
176
176
176
176
178
178
178
178
179
179
179
179
180
180
180
181
182
182
182
182
182
183
183
183
183
184
185
185
185
185
186
187
188
189
189
190
191
193
194
195
196
196
196
196
197
197
197
197
198
199
199
200
200
200
200
201
201
201
202
202
203
203
203
204
204
206
206
206
207
207
209
209
210
210
210
210
210
210
210
211
212
213
214
215
215
215
215
215
216
216
216
217
219
219
219
219
221
222
222
222
223
224
224
224
224
225
226
226
226
227
227
228
229
229
230
230
231
231
232
232
233
233
233
233
234
234
234
234
235
236
236
236
236
237
237
237
237
238
238
238
239
240
240
240
241
241
241
241
242
242
242
242
243
243
243
245
245
246
246
247
248
248
248
249
249
250
250
251
252
252
253
254
254
255
255
255
255
256
256
256
256
256
257
257
257
258
258
258
258
259
259
259
261
261
261
261
261
262
263
263
264
264
264
265
265
265
265
267
267
267
267
267
267
268
269
269
270
270
271
272
272
272
272
273
273
274
274
275
276
276
277
277
279
279
280
281
281
281
282
282
283
283
284
284
284
285
286
286
287
287
288
288
288
288
288
288
288
289
289
290
291
292
292
292
293
293
295
295
296
297
298
298
299
300
300
300
300
301
302
303
303
304
304
305
305
305
306
308
309
309
309
310
310
311
311
311
311
312
312
312
313
313
314
314
314
314
317
318
319
319
320
321
321
321
321
321
322
322
322
323
323
325
325
326
326
326
326
326
328
329
329
329
329
330
330
330
330
331
331
331
332
333
333
333
334
334
335
335
336
336
336
338
338
339
339
340
341
342
342
343
344
345
345
345
345
346
347
348
348
349
350
350
351
351
352
353
353
354
354
354
355
355
357
357
358
359
359
361
361
362
362
363
364
364
364
366
368
369
369
369
369
369
369
371
371
371
373
374
375
375
375
376
378
378
378
379
379
381
381
381
382
382
383
383
383
383
383
384
384
384
385
385
386
388
388
388
389
389
389
389
389
390
391
391
392
392
393
394
395
396
396
397
397
397
398
398
398
398
398
399
399
400
401
401
404
404
405
405
405
405
407
408
408
410
410
412
413
415
415
417
417
418
418
419
420
420
421
422
423
423
423
423
426
428
429
431
431
431
432
433
434
435
436
436
436
436
436
437
437
438
439
439
439
440
441
442
442
442
443
443
443
443
443
444
444
444
445
445
446
446
448
450
450
450
451
452
452
452
453
453
453
453
454
454
454
455
455
455
455
455
457
457
458
458
459
459
460
460
460
462
466
466
470
470
474
474
474
474
474
475
476
477
477
477
477
478
478
479
480
480
481
481
482
483
484
485
485
486
486
487
488
489
489
490
490
492
494
496
497
497
497
498
498
499
499
499
499
500
501
501
501
501
501
502
502
502
503
503
503
503
504
504
504
504
505
506
506
506
506
507
507
508
509
509
509
511
512
512
512
514
514
516
516
517
517
518
518
518
519
519
520
520
520
521
521
521
522
522
522
522
523
524
524
525
526
526
527
527
527
528
529
529
529
531
531
532
533
533
534
535
535
536
538
538
539
539
539
540
541
542
542
544
544
545
547
547
547
548
549
550
552
554
554
555
556
557
557
558
560
560
560
561
562
562
563
563
564
564
564
567
567
567
568
570
570
570
571
571
571
572
573
573
573
575
575
576
576
580
580
581
582
582
583
583
583
583
584
584
584
584
585
585
585
586
586
586
586
587
587
587
589
592
593
594
595
595
597
598
599
601
602
602
604
605
606
606
606
607
609
609
610
612
612
612
613
615
616
616
618
618
620
623
624
625
627
627
629
629
630
631
631
631
632
632
633
634
634
634
635
635
636
636
636
641
641
642
643
644
644
645
645
648
648
650
650
650
650
651
651
651
653
653
655
657
657
657
658
658
658
659
659
659
660
661
661
661
662
662
662
663
663
663
663
664
664
664
665
665
665
666
666
669
670
671
671
671
676
677
678
678
680
680
681
685
685
685
686
687
687
689
690
692
692
694
696
696
697
698
698
698
698
699
700
700
701
702
702
703
704
704
706
706
707
708
711
713
713
714
718
718
718
719
720
721
723
724
724
724
725
725
726
726
726
728
730
730
733
733
734
734
736
736
738
739
739
741
742
744
746
748
748
749
749
750
750
750
753
753
754
754
754
755
756
757
759
759
759
759
760
760
760
761
762
762
762
763
763
764
765
768
768
771
771
771
773
773
773
775
776
777
778
779
779
779
780
780
783
784
784
785
786
786
790
791
791
791
792
792
793
794
794
795
795
796
797
798
799
800
800
801
802
803
804
805
807
809
813
813
818
819
819
821
821
821
822
823
823
823
824
825
828
830
830
830
832
834
834
835
836
839
840
841
841
843
846
846
847
849
850
851
851
851
853
855
855
856
859
859
860
860
862
862
862
864
866
866
868
868
869
870
870
871
873
874
874
875
877
879
879
879
879
880
881
882
883
884
884
886
886
886
887
888
892
893
894
894
894
897
897
898
902
904
905
907
908
910
910
911
911
914
915
919
920
922
924
925
926
927
930
931
932
933
933
933
935
936
937
938
939
940
940
941
942
943
944
947
950
950
951
952
952
954
956
958
959
959
960
961
962
963
963
965
966
971
973
976
976
981
983
984
986
986
987
988
989
990
991
991
996
998
1001
1001
1001
1002
1003
1003
1007
1009
1010
1010
1011
1011
1011
1012
1013
1014
1016
1016
1016
1017
1020
1022
1025
1026
1029
1031
1032
1032
1033
1035
1035
1035
1037
1042
1042
1042
1045
1046
1049
1050
1052
1052
1052
1053
1053
1054
1055
1057
1057
1058
1065
1067
1067
1068
1069
1070
1070
1073
1073
1075
1077
1080
1080
1080
1081
1084
1085
1087
1088
1089
1089
1090
1091
1091
1091
1093
1094
1095
1095
1096
1098
1100
1103
1104
1110
1110
1110
1111
1111
1112
1114
1114
1114
1115
1115
1118
1119
1120
1120
1123
1124
1125
1125
1128
1131
1132
1135
1135
1138
1139
1140
1142
1143
1143
1145
1147
1147
1147
1150
1150
1151
1153
1153
1154
1154
1156
1161
1162
1166
1167
1167
1176
1176
1176
1179
1179
1180
1182
1183
1184
1187
1187
1194
1197
1197
1198
1201
1201
1203
1205
1205
1205
1209
1217
1218
1218
1220
1220
1221
1221
1224
1225
1227
1228
1234
1236
1236
1239
1242
1243
1249
1250
1254
1255
1255
1258
1259
1260
1260
1261
1262
1262
1262
1269
1269
1270
1271
1272
1274
1275
1276
1279
1281
1281
1282
1287
1290
1290
1290
1291
1295
1302
1304
1307
1308
1313
1313
1316
1319
1323
1324
1326
1339
1340
1342
1344
1345
1348
1348
1351
1351
1351
1353
1354
1354
1354
1356
1358
1360
1363
1365
1369
1370
1374
1378
1381
1381
1382
1383
1384
1394
1398
1398
1400
1400
1403
1405
1411
1414
1416
1416
1416
1417
1417
1420
1422
1424
1434
1437
1438
1444
1444
1449
1456
1461
1463
1468
1471
1480
1482
1484
1484
1492
1492
1494
1496
1504
1515
1519
1524
1524
1525
1525
1530
1532
1540
1542
1542
1547
1549
1553
1565
1580
1584
1585
1587
1593
1593
1596
1599
1603
1604
1605
1606
1608
1609
1609
1614
1618
1620
1628
1636
1639
1640
1641
1645
1650
1650
1657
1660
1663
1666
1678
1681
1687
1693
1694
1707
1708
1708
1717
1723
1731
1758
1763
1764
1770
1780
1796
1806
1824
1825
1843
1864
1886
1900
1902
1923
1949
1952
1976
2018
2
6
9
16
3
4
5
15
7
28
93
695
10
8
20
192
24
50
11
12
14
49
1390
19
35
64
51
546
13
18
41
163
69
218
21
25
30
59
17
31
187
306
27
36
46
53
73
128
153
378
904
23
29
32
204
22
26
45
58
102
185
648
74
723
63
105
89
161
295
296
33
47
52
79
138
139
42
75
108
162
299
717
1518
37
43
76
80
97
1778
39
40
67
86
123
281
34
174
235
275
116
327
373
1478
54
223
165
248
346
476
38
72
136
453
55
94
98
132
392
524
491
556
1788
60
61
66
109
130
1047
62
65
171
176
150
154
365
44
244
683
48
57
70
110
186
577
82
784
831
118
127
141
56
181
232
95
197
401
1349
1441
68
81
124
169
179
821
1363
1558
120
71
140
336
818
1011
1046
1513
160
283
1350
111
700
422
885
1286
188
219
870
100
158
620
213
251
83
88
151
579
125
249
1640
85
115
126
506
964
1744
1930
988
113
144
610
104
146
234
1151
77
222
394
807
1852
270
277
652
78
107
99
101
273
194
403
134
227
252
404
443
662
724
1212
84
114
294
839
861
91
638
1137
92
167
178
367
1362
129
155
1258
131
317
1174
156
210
1890
87
96
133
147
90
407
570
172
183
289
322
372
509
103
221
259
272
330
449
191
989
112
510
1879
264
343
544
1285
173
198
560
795
1664
137
145
810
1433
226
106
529
241
447
488
555
716
1507
799
195
285
168
206
207
242
314
542
572
1547
250
121
196
230
645
1469
148
333
549
808
594
164
199
837
409
122
428
519
117
149
279
303
1111
1147
1577
119
399
1192
1775
1847
286
482
762
142
159
746
1787
979
1266
225
1407
231
143
421
1126
337
1243
1376
135
463
896
338
1862
177
507
902
1002
212
224
604
341
1155
851
1720
217
254
293
321
189
319
435
1998
530
882
1821
291
448
487
359
412
531
1548
499
705
1177
552
1158
298
444
527
1422
236
701
425
1185
278
414
243
457
166
258
261
302
584
809
1025
240
922
929
981
1802
364
763
1096
1956
239
304
152
200
201
331
522
193
655
811
1288
214
220
464
473
528
1027
157
301
450
377
830
427
175
170
608
691
184
430
590
1048
1944
1125
352
390
1056
419
553
247
282
288
402
284
919
974
268
374
180
182
280
423
514
490
536
626
209
1140
203
797
215
445
332
738
1367
1512
208
253
238
353
363
601
1030
256
478
1678
1725
326
494
690
1233
190
360
533
842
205
228
324
466
1159
721
771
802
983
376
358
671
1246
1356
684
1465
440
262
1762
576
202
658
656
623
500
959
971
1123
233
237
918
1556
292
216
1839
211
452
1361
1750
520
578
1139
260
433
229
540
1450
680
1903
348
418
722
624
736
782
1106
315
361
460
666
836
1477
1923
1124
1173
1170
508
271
311
354
625
663
357
970
1077
714
493
541
1081
1650
612
266
328
681
416
274
371
727
1179
1689
396
942
1032
1107
1242
329
617
873
334
1605
384
395
1619
1763
335
833
920
1020
267
405
1055
1076
1668
287
595
1117
1948
432
592
686
1264
349
758
1049
876
915
948
1468
245
406
1284
1357
246
551
1829
1952
650
940
1105
312
1334
480
1705
263
257
300
1336
1112
1127
673
814
316
255
368
313
498
596
339
458
1487
1544
455
477
669
893
2013
543
752
1617
265
847
1498
1510
362
1135
1220
565
747
815
950
1392
1421
1657
1929
276
355
687
415
1087
1166
1345
269
511
972
1082
1205
1394
856
603
657
307
605
1589
309
323
513
816
290
1312
366
591
1711
977
987
297
710
417
910
1753
308
413
1136
525
1207
325
548
375
644
689
574
420
1596
310
1171
318
388
391
454
806
1035
1886
351
780
437
350
305
389
1476
345
512
382
1656
342
767
670
775
484
467
1572
1777
1861
858
1758
398
1398
472
805
410
516
1440
320
397
436
1439
1453
1153
1551
462
502
521
651
446
611
798
1157
1857
439
688
792
1154
1142
1532
356
385
387
431
442
859
1143
1676
347
1178
1193
1184
1673
1004
1257
344
616
930
1360
1389
1241
504
1085
1248
1267
497
582
860
1279
429
990
1645
1064
340
438
1114
563
1472
381
1447
369
630
944
461
1634
539
711
1235
731
961
1141
1811
1168
383
664
888
1756
841
471
380
505
633
426
1538
1144
1298
766
562
1009
441
534
1681
434
1079
370
787
424
1565
1631
568
629
532
1501
895
408
1644
2001
1801
486
517
694
853
878
1255
1761
627
667
1489
1615
1488
379
600
812
786
993
1100
2003
734
742
496
703
1642
558
923
386
748
863
1042
1684
411
547
1436
481
523
1810
501
586
1218
451
886
1260
1466
1987
479
639
759
393
1491
953
1413
1309
474
960
468
485
609
400
699
754
1359
1535
459
823
1263
901
1259
566
804
685
991
1167
1434
475
834
949
760
1194
1872
1104
587
777
642
1459
1820
1945
1133
597
1610
829
1073
495
602
1391
1633
1680
469
749
456
1406
1841
935
470
1567
956
483
774
887
963
1317
564
1012
1637
884
926
1662
1654
518
693
1496
1628
535
561
1062
1670
1979
545
628
912
647
1210
1086
1940
1838
938
1069
1074
1639
465
677
1522
621
635
776
2000
526
892
1261
492
607
801
1070
1517
550
1794
779
1320
875
1541
713
828
1995
1265
613
770
515
1739
538
619
857
1405
1955
712
637
489
567
813
1917
676
1247
614
631
728
598
924
649
503
569
740
1029
897
1611
1301
939
789
1837
622
1480
1419
696
1319
844
1063
1482
900
985
744
965
1803
1854
573
554
865
1327
1347
1381
571
659
984
557
589
772
1881
580
785
1988
2012
996
559
1321
1602
1736
1000
1190
1051
928
1271
1397
646
704
1415
1457
735
1176
1340
1918
732
1330
790
855
1646
537
715
581
632
1796
618
947
1206
952
1022
1371
1571
1113
1594
1600
588
583
1907
1008
1713
1972
868
750
1315
1887
1580
1826
674
636
838
1068
995
1237
1456
702
909
575
709
1690
1590
1188
653
1379
1006
1727
1916
846
854
1651
1951
739
848
997
933
1182
1543
1448
934
1564
1552
791
1297
1430
1598
593
1041
585
634
1539
1655
1840
599
1209
1239
872
668
1183
1399
615
1181
1584
1169
871
891
1994
698
1058
969
1475
1018
1426
1375
852
1813
751
1045
1245
1765
1276
1281
1388
1958
660
737
1519
661
913
968
1325
606
1010
1989
1467
927
1752
894
1428
1764
1555
778
1348
1295
641
1333
1461
640
675
905
1527
741
1038
1418
1364
793
1091
1607
1575
679
745
1323
1052
1704
707
1581
643
914
726
819
1101
1892
757
654
665
1089
1380
1608
720
1017
1152
1280
672
976
1238
1299
1784
907
1393
1424
881
743
1905
925
1282
879
1377
692
730
1368
1672
678
1272
1682
706
1452
1019
719
1116
1290
1305
1481
1624
781
1308
1714
1224
874
975
1570
718
1625
1671
908
943
1351
1485
755
761
1462
773
1108
1202
697
1214
1023
1343
768
826
1132
840
682
966
1302
765
1088
1401
756
800
1213
1219
764
1067
729
1688
1520
1614
1621
788
1497
835
725
827
1601
1901
1383
708
1061
1066
1251
1495
1812
753
1084
1021
1897
796
1332
1950
733
1891
1703
986
1799
1800
1231
783
1540
931
820
1836
1941
945
998
849
1848
1978
967
1165
1849
1277
1737
903
1031
803
1943
866
1186
1227
1092
1075
1130
1216
769
1909
1037
1578
817
936
1963
1080
1563
980
1026
1463
843
1043
911
1007
1015
1122
1804
864
906
916
2002
825
1191
1442
1014
1708
1197
1094
1121
1328
1059
1914
1969
992
1733
1932
999
1652
1986
1226
832
1016
1313
794
1287
1050
1036
1283
890
1145
1524
1921
898
1306
1579
869
1889
1223
1083
1749
1244
1449
921
946
957
1102
1755
1855
850
1324
1129
1344
822
1252
862
1240
1702
1748
889
1460
845
1060
1200
958
824
867
1003
1604
1339
1666
954
1677
1738
2019
1175
1663
1289
880
1816
1294
955
1149
1270
978
1968
932
1304
1071
917
1172
1443
1869
1013
1962
1500
1028
1115
1256
1316
877
982
1034
1225
883
1884
1156
1834
973
1039
1187
1314
1493
937
1516
1559
1040
1093
1372
1569
1965
1296
1352
1307
1947
1033
1098
1001
1234
1484
951
899
1835
1641
1118
1203
1649
1120
1164
1358
1791
994
1823
1437
1875
941
2006
1300
1698
1095
962
1458
1970
1734
1470
1505
1983
1603
1024
1746
1195
1228
1612
1882
1090
1534
1196
1792
1005
1335
1798
1622
1531
1660
1329
1494
1053
1766
1661
1338
1402
1961
1217
1939
1134
1687
1278
1858
1429
1275
1291
1528
1044
1636
1920
1078
1292
1506
1991
1346
1342
1546
1503
1769
1553
1490
1378
1515
1396
1189
1250
1438
1902
1464
1054
1211
1867
1574
1057
1873
1065
1635
1831
1859
1229
1072
1119
1128
1471
1148
1131
1161
1369
1199
1215
1230
1331
1977
1899
1454
1667
2005
1269
1162
1262
1966
1908
1683
1373
1404
1099
1198
1719
1451
1717
1542
1928
1878
1911
1432
1942
1150
1374
1236
1222
1536
1885
1138
1868
1341
1740
1395
1767
1863
1479
1597
1576
1817
1163
1696
1975
1814
1109
1387
1623
1310
1586
1097
1365
1675
1253
1103
1110
1303
1523
1782
1853
1629
1984
1435
1606
1707
1990
1557
1566
1414
1844
1221
1254
1403
1146
1658
1919
1483
1599
1693
1731
1735
1976
1674
1160
1933
1411
1444
1997
1232
1354
1846
1274
1385
1679
1268
1417
1201
1545
1630
1386
1729
1721
1180
1537
1208
1743
2009
1204
1985
1701
1616
1960
1832
1273
1833
1710
1337
1502
1620
1659
1974
1718
1400
1609
1954
1249
1322
1866
1993
1638
1773
1627
1957
1562
1412
1618
1355
1686
1772
1880
1409
1431
1583
1420
1807
1697
1427
1699
1695
1293
1326
1828
1353
1311
1593
1877
1526
1585
2014
1653
1759
1592
1825
1416
1770
1408
1648
1318
1700
1815
1913
1936
1504
1366
1722
1410
1588
1370
1473
1694
1874
1870
1595
1382
1949
1843
1937
1822
1926
1499
1509
1785
1423
1474
1780
1716
1384
1486
1793
1492
1706
1514
1819
1425
1981
1613
2010
1776
1525
2018
1712
1550
1445
2017
1747
1924
1587
1851
1533
1549
1591
1529
1511
1745
1864
1446
1455
1554
1883
1632
1797
1521
1530
1771
1845
1856
1850
1561
1900
1895
1999
1669
1560
1741
1912
1938
1982
1779
1508
1647
2004
1691
1827
1973
1715
1967
1790
1768
1573
1893
1980
1582
1781
1568
1795
1906
1934
1774
1643
1709
1931
2015
1626
1806
1959
1786
1724
1757
1808
1860
1692
1896
1665
1898
1754
1805
1783
1842
1830
1732
1789
1742
1992
1728
1730
1871
1685
1723
1946
1760
1726
1751
1809
1894
1876
1904
1996
1922
2008
1888
1824
2007
1818
1935
1865
1953
1915
1927
1910
1964
1925
1971
2016
2011
1170
623
574
