559
99
197
295
393
491
589
687
785
883
981
1079
1177
1275
1373
1471
1569
1667
1765
1863
1961
2059
2157
2255
2353
2451
2549
2647
2745
2843
2941
3039
3137
3235
3333
3431
3529
3627
3725
3823
3921
4019
4117
4215
4313
4411
4509
4607
4705
4803
4901
4999
5097
5195
5293
5391
5489
5587
5685
5783
5881
5979
6077
6175
6273
6371
6469
6567
6665
6763
6861
6959
7057
7155
7253
7351
7449
7547
7645
7743
7841
7939
8037
8135
8233
8331
8429
8527
8625
8723
8821
8919
9017
9115
9213
9311
9409
9507
9605
9703
9801
9899
9997
10095
10193
10291
10389
10487
10585
10683
10781
10879
10977
11075
11173
11271
11369
11467
11565
11663
11761
11859
11957
12055
12153
12251
12349
12447
12545
12643
12741
12839
12937
13035
13133
13231
13329
13427
13525
13623
13721
13819
13917
14015
14113
14211
14309
14407
14505
14603
14701
14799
14897
14995
15093
15191
15289
15387
15485
15583
15681
15779
15877
15975
16073
16171
16269
16367
16465
16563
16661
16759
16857
16955
17053
17151
17249
17347
17445
17543
17641
17739
17837
17935
18033
18131
18229
18327
18425
18523
18621
18719
18817
18915
19013
19111
19209
19307
19405
19503
19601
19699
19797
19895
19993
20091
20189
20287
20385
20483
20581
20679
20777
20875
20973
21071
21169
21267
21365
21463
21561
21659
21757
21855
21953
22051
22149
22247
22345
22443
22541
22639
22737
22835
22933
23031
23129
23227
23325
23423
23521
23619
23717
23815
23913
24011
24109
24207
24305
24403
24501
24599
24697
24795
24893
24991
25089
25187
25285
25383
25481
25579
25677
25775
25873
25971
26069
26167
26265
26363
26461
26559
26657
26755
26853
26951
27049
27147
27245
27343
27441
27539
27637
27735
27833
27931
28029
28127
28225
28323
28421
28519
28617
28715
28813
28911
29009
29107
29205
29303
29401
29499
29597
29695
29793
29891
29989
30087
30185
30283
30381
30479
30577
30675
30773
30871
30969
31067
31165
31263
31361
31459
31557
31655
31753
31851
31949
32047
32145
32243
32341
32439
32537
32635
32733
32831
32929
33027
33125
33223
33321
33419
33517
33615
33713
33811
33909
34007
34105
34203
34301
34399
34497
34595
34693
34791
34889
34987
35085
35183
35281
35379
35477
35575
35673
35771
35869
35967
36065
36163
36261
36359
36457
36555
36653
36751
36849
36947
37045
37143
37241
37339
37437
37535
37633
37731
37829
37927
38025
38123
38221
38319
38417
38515
38613
38711
38809
38907
39005
39103
39201
39299
39397
39495
39593
39691
39789
39887
39985
40083
40181
40279
40377
40475
40573
40671
40769
40867
40965
41063
41161
41259
41357
41455
41553
41651
41749
41847
41945
42043
42141
42239
42337
42435
42533
42631
42729
42827
42925
43023
43121
43219
43317
43415
43513
43611
43709
43807
43905
44003
44101
44199
44297
44395
44493
44591
44689
44787
44885
44983
45081
45179
45277
45375
45473
45571
45669
45767
45865
45963
46061
46159
46257
46355
46453
46551
46649
46747
46845
46943
47041
47139
47237
47335
47433
47531
47629
47727
47825
47923
48021
48119
48217
48315
48413
48511
48609
48707
48805
48903
49001
49099
49197
49295
49393
49491
49589
49687
49785
49883
49981
50079
50177
50275
50373
50471
50569
50667
50765
50863
50961
51059
51157
51255
51353
51451
51549
51647
51745
51843
51941
52039
52137
52235
52333
52431
52529
52627
52725
52823
52921
53019
53117
53215
53313
53411
53509
53607
53705
53803
53901
53999
54097
54195
54293
54391
54489
54587
54685
54783
559
49888
97872
8028
80184
37644
66583
48268
21439
28135
67362
3609
6682
72375
81107
26897
9340
81859
90591
57116
98627
34304
4405
59811
30971
93398
81628
92454
37139
24746
29710
33200
61130
78964
21295
55197
47190
17834
4775
93788
14645
66781
16895
84580
40415
88629
10024
25525
69590
55577
56918
27158
32977
72053
71691
6201
69378
82607
48567
56657
25568
75457
16169
23095
21820
92995
22148
99196
14198
25579
69793
72224
37464
41793
54720
75011
92790
32229
67799
94716
66698
84706
40565
76673
4206
40651
83086
29519
407
6578
2464
68117
64758
20562
72021
38525
35691
43915
56188
31018
71893
50742
33597
75526
84274
21833
96395
98341
90295
10060
50532
17384
20871
78829
14588
53802
30569
41458
1154
14520
31791
88516
42653
22041
38462
11613
13389
7919
6646
44020
29297
24066
35067
24030
15210
37998
91252
7889
46073
83203
94733
6231
40164
75083
17247
746
33274
6408
6686
20911
85337
85247
18125
26844
55767
81435
21214
74972
18165
40889
85508
98306
66445
3473
51501
11377
15996
46128
22461
31021
32074
28726
32823
47367
86456
19101
62593
23448
38470
34871
84008
59510
59221
66826
27665
76260
59356
29376
25034
75868
97700
16156
28726
22034
99227
89869
19503
15940
87720
93108
13315
91473
90703
97552
30293
59929
1092
4636
32039
29716
83573
30851
1667
14501
62259
37473
93326
80948
66144
16117
84622
40779
84833
31882
88435
80839
13885
7785
91183
37640
46245
61718
20408
23599
53868
15690
64815
40554
18235
99221
83087
95028
24452
45226
41449
85427
57977
27264
38865
97639
23280
47572
69797
70445
9615
11051
66076
22377
41594
22513
66819
87087
87787
35884
97915
35734
46850
58344
20486
21028
98452
55505
87212
87759
78187
44551
34562
2504
78691
81702
71909
46855
49795
68108
33985
33084
53917
46019
99173
86285
44048
38715
78824
50012
95957
66822
98203
19327
51577
34629
9272
50701
89003
37021
46848
81885
70492
2207
94522
39532
16634
91047
52733
79184
30510
6222
97875
35673
86344
91404
95998
56789
26592
48507
43916
27942
27094
91736
78416
487
1083
81410
12685
2187
6127
64923
66878
1316
97058
30933
70563
17874
26918
10186
96880
46962
50083
13272
61805
78146
25399
86406
64779
18449
70246
19160
40960
71167
79346
73210
8375
90539
64894
37575
51971
10980
91492
2350
17809
50809
86531
61565
23353
95367
14083
95275
21451
13618
38679
45746
99617
722
86814
63730
40221
25380
858
70593
36028
43260
67238
5271
73403
91385
86433
19081
10207
93508
55577
34347
71775
55252
79374
13194
24506
98215
44043
96783
55077
29525
58001
60261
1112
97931
27357
85189
8355
88115
15339
19481
6817
31586
53883
68304
49239
83172
95490
91798
29905
85992
22005
56392
60675
50790
78517
15856
4316
52545
8514
99862
67732
81343
59169
76173
79219
46334
66048
80637
79934
2735
1696
76487
15088
96914
98935
14056
96159
46239
1241
60752
17279
14386
26161
26401
26449
97248
96781
66859
51821
51820
76898
50124
77625
61088
51477
75677
28924
84785
1436
93882
89376
88732
13918
98024
52066
49196
32070
34723
12033
21264
17649
64968
3353
34359
93641
65376
35720
85523
26049
31727
82445
23428
96594
56912
70312
4839
75114
67235
68613
32311
46185
77972
68145
47894
79744
5010
93246
93054
19291
14817
44492
10266
22164
30775
95446
69381
77123
39886
27198
72163
16455
1833
38312
99539
77555
79909
66713
58002
84026
96003
84565
21101
29087
23305
81469
12281
88990
23974
58055
1256
70570
74006
87689
42509
69840
51185
20246
16091
65975
54672
480
1
2
3
4
5
6
7
8
9
10
11
12
13
14
15
16
17
18
19
20
21
22
23
24
25
26
27
28
29
30
31
32
33
34
35
36
37
38
39
40
41
42
43
44
45
46
47
48
49
50
51
52
53
54
55
56
57
58
59
60
61
62
63
64
65
66
67
68
69
70
71
72
73
74
75
76
77
78
79
80
81
82
83
84
85
86
87
88
89
90
91
92
93
94
95
96
97
98
99
100
101
102
103
104
105
106
107
108
109
110
111
112
113
114
115
116
117
118
119
120
121
122
123
124
125
126
127
128
129
130
131
132
133
134
135
136
137
138
139
140
141
142
143
144
145
146
147
148
149
150
151
152
153
154
155
156
157
158
159
160
161
162
163
164
165
166
167
168
169
170
171
172
173
174
175
176
177
178
179
180
181
182
183
184
185
186
187
188
189
190
191
192
193
194
195
196
197
198
199
200
201
202
203
204
205
206
207
208
209
210
211
212
213
214
215
216
217
218
219
220
221
222
223
224
225
226
227
228
229
230
231
232
233
234
235
236
237
238
239
240
241
242
243
244
245
246
247
248
249
250
251
252
253
254
255
256
257
258
259
260
261
262
263
264
265
266
267
268
269
270
271
272
273
274
275
276
277
278
279
280
281
282
283
284
285
286
287
288
289
290
291
292
293
294
295
296
297
298
299
300
301
302
303
304
305
306
307
308
309
310
311
312
313
314
315
316
317
318
319
320
321
322
323
324
325
326
327
328
329
330
331
332
333
334
335
336
337
338
339
340
341
342
343
344
345
346
347
348
349
350
351
352
353
354
355
356
357
358
359
360
361
362
363
364
365
366
367
368
369
370
371
372
373
374
375
376
377
378
379
380
381
382
383
384
385
386
387
388
389
390
391
392
393
394
395
396
397
398
399
400
401
402
403
404
405
406
407
408
409
410
411
412
413
414
415
416
417
418
419
420
421
422
423
424
425
426
427
428
429
430
431
432
433
434
435
436
437
438
439
440
441
442
443
444
445
446
447
448
449
450
451
452
453
454
455
456
457
458
459
460
461
462
463
464
465
466
467
468
469
470
471
472
473
474
475
476
477
478
479
480
480
481
480
479
478
477
476
475
474
473
472
471
470
469
468
467
466
465
464
463
462
461
460
459
458
457
456
455
454
453
452
451
450
449
448
447
446
445
444
443
442
441
440
439
438
437
436
435
434
433
432
431
430
429
428
427
426
425
424
423
422
421
420
419
418
417
416
415
414
413
412
411
410
409
408
407
406
405
404
403
402
401
400
399
398
397
396
395
394
393
392
391
390
389
388
387
386
385
384
383
382
381
380
379
378
377
376
375
374
373
372
371
370
369
368
367
366
365
364
363
362
361
360
359
358
357
356
355
354
353
352
351
350
349
348
347
346
345
344
343
342
341
340
339
338
337
336
335
334
333
332
331
330
329
328
327
326
325
324
323
322
321
320
319
318
317
316
315
314
313
312
311
310
309
308
307
306
305
304
303
302
301
300
299
298
297
296
295
294
293
292
291
290
289
288
287
286
285
284
283
282
281
280
279
278
277
276
275
274
273
272
271
270
269
268
267
266
265
264
263
262
261
260
259
258
257
256
255
254
253
252
251
250
249
248
247
246
245
244
243
242
241
240
239
238
237
236
235
234
233
232
231
230
229
228
227
226
225
224
223
222
221
220
219
218
217
216
215
214
213
212
211
210
209
208
207
206
205
204
203
202
201
200
199
198
197
196
195
194
193
192
191
190
189
188
187
186
185
184
183
182
181
180
179
178
177
176
175
174
173
172
171
170
169
168
167
166
165
164
163
162
161
160
159
158
157
156
155
154
153
152
151
150
149
148
147
146
145
144
143
142
141
140
139
138
137
136
135
134
133
132
131
130
129
128
127
126
125
124
123
122
121
120
119
118
117
116
115
114
113
112
111
110
109
108
107
106
105
104
103
102
101
100
99
98
97
96
95
94
93
92
91
90
89
88
87
86
85
84
83
82
81
80
79
78
77
76
75
74
73
72
71
70
69
68
67
66
65
64
63
62
61
60
59
58
57
56
55
54
53
52
51
50
49
48
47
46
45
44
43
42
41
40
39
38
37
36
35
34
33
32
31
30
29
28
27
26
25
24
23
22
21
20
19
18
17
16
15
14
13
12
11
10
9
8
7
6
5
4
3
2
