213
27956
33519
66343
45197
27322
94985
94428
52041
70073
45831
70348
82031
53715
57523
26925
89436
29205
30444
45487
84279
50263
89684
39849
8325
49123
27336
37458
2748
11777
25219
21704
9934
53960
62807
48721
21309
42699
76377
52716
25172
71560
54011
78225
16540
33379
45054
89115
5990
28068
75224
32232
92123
23876
90180
2255
11132
67858
99182
54604
52434
90182
59416
68826
38723
50552
90033
43182
90416
99709
60000
12298
75777
68978
42588
23383
44267
8861
9212
69087
90931
94584
51477
95821
37526
38840
97491
1361
47644
80929
26622
17956
34226
74571
20854
7723
12351
9098
89127
22072
33150
40529
28399
36611
28578
98977
54553
26088
60100
48567
77018
92736
91299
53196
55806
23429
52529
19594
22198
89673
6446
22326
38284
66128
65422
79335
87335
48160
22958
91762
92973
67717
11851
75483
76218
1174
86507
76365
88264
23173
73538
28829
7281
55857
78342
25353
95512
49518
13084
74113
6507
4668
31490
34155
39876
6142
92539
90637
11957
62761
26815
94315
13887
46040
1536
32622
11791
50110
34674
95736
74296
4314
53199
99356
57794
88157
82934
23287
75359
40141
22182
33991
10051
9955
68365
35625
23920
25845
51239
74977
20020
26344
61957
32476
68012
46913
61730
56869
65003
49208
5217
92378
57473
38958
76126
66798
93419
48154
75475
25394
85949
50031
69560
52161
213
67771
59212
22533
72380
58271
84173
44235
47284
7399
1064
66951
50574
86060
34048
45083
71233
22955
11899
75641
89160
79263
61042
41724
26273
54155
35822
9366
91172
60270
38702
14654
50908
56729
15798
47085
15335
10992
98899
1053
18190
52507
9017
73110
90001
58110
55082
71339
59427
85148
76788
96533
91282
84851
76591
15351
73814
81495
46082
15721
87983
97488
79297
65405
96893
30298
99135
98507
67058
80596
1963
87484
80155
91310
39933
95022
13564
3683
77686
64286
35991
97315
54117
41893
95529
97526
51137
89619
70338
6583
4311
70889
26816
43438
60009
11784
18658
63828
21270
26652
60911
30640
41889
92394
33891
55200
16932
88778
658
80953
72642
89369
18185
96777
75267
88955
80309
97279
72556
50775
5001
60998
48413
98383
14694
42440
88422
94986
1355
78763
31542
61853
3663
50400
65155
99016
39852
24791
42492
70038
18860
60872
76988
46591
63971
87666
93070
7362
41352
89301
91639
9365
81033
36105
73680
13413
34970
16171
62845
6650
4466
22327
60184
26970
20153
24394
37290
59632
84265
74549
1878
66834
94950
65156
78469
961
98824
13172
85678
93246
72762
50324
84101
61076
22043
42660
56290
93470
41552
25384
63134
19305
65982
53667
88968
90193
80903
88132
83175
49719
1184
45488
34574
25063
13934
12497
93142
71727
96981
43486
72306
64030
6899
34563
195
6425
17720
84281
11642
18903
93011
73481
92727
27584
28790
34141
3709
42724
939
32558
52494
10432
80711
24221
85906
77691
49614
29392
63639
38271
79422
27668
7830
2672
96181
58744
9096
13900
43025
37089
49155
52387
10570
58233
79970
55711
92374
31
98434
9664
32588
67280
20095
29650
91500
22352
7340
57465
51743
87331
12087
47516
31350
19916
50187
43882
95012
75635
74134
54388
12723
23288
6774
39644
81520
86743
95355
90245
3125
10140
16260
52064
77419
36354
81713
85270
58706
5405
42734
26800
92735
54820
74316
40436
91088
40854
670
2451
16488
74803
56838
45563
98090
63611
85206
95961
66705
96912
2558
69830
23404
18817
21893
822
71523
3606
2444
46580
25362
61529
73379
34448
32701
64046
74883
23788
4900
75552
42590
21387
50354
99427
66949
64795
63037
68507
77108
46093
65418
79665
15922
88821
98481
54167
5995
86355
74124
8438
32934
99485
86318
6313
33932
19018
86710
25166
59157
91609
17070
1746
12996
67423
1172
96296
48570
80560
64802
25677
26653
46572
5341
58926
51744
20173
13092
74090
6528
3567
98879
55813
3051
85197
62125
53334
4214
65187
78500
63371
56795
95569
65116
86142
79343
82640
82438
44264
63199
63591
69940
6203
195
196
195
194
193
192
191
190
189
188
187
186
185
184
183
182
181
180
179
178
177
176
175
174
173
172
171
170
169
168
167
166
165
164
163
162
161
160
159
158
157
156
155
154
153
152
151
150
149
148
147
146
145
144
143
142
141
140
139
138
137
136
135
134
133
132
131
130
129
128
127
126
125
124
123
122
121
120
119
118
117
116
115
114
113
112
111
110
109
108
107
106
105
104
103
102
101
100
99
98
97
96
95
94
93
92
91
90
89
88
87
86
85
84
83
82
81
80
79
78
77
76
75
74
73
72
71
70
69
68
67
66
65
64
63
62
61
60
59
58
57
56
55
54
53
52
51
50
49
48
47
46
45
44
43
42
41
40
39
38
37
36
35
34
33
32
31
30
29
28
27
26
25
24
23
22
21
20
19
18
17
16
15
14
13
12
11
10
9
8
7
6
5
4
3
2
