500
70525
79096
98981
36641
42944
98384
58532
78124
20461
15254
38283
225
1747
15825
41265
89924
85429
34737
10887
8943
25397
81765
4877
71148
38880
46895
80132
88245
77363
71933
93909
46769
47228
96450
69233
44647
61774
11261
2651
8339
1512
35044
18705
96225
60061
47398
46365
66010
75670
761
554
72235
4523
45330
98606
65055
41605
14463
72441
89080
95196
86470
30643
84208
47641
83918
63079
26874
55998
91126
58574
87423
88981
76839
28924
93922
18747
14734
81926
88404
261
94113
44824
30940
9540
71775
10948
68291
93786
77700
43751
79531
1069
28237
9557
28912
21665
5859
44009
67309
91566
54365
30984
18792
488
63829
817
6735
70327
17582
84316
22403
69517
72468
97763
99777
11564
91841
93148
83668
23475
54225
23559
75231
28635
90119
55658
35281
73485
71403
96581
60575
58024
83394
79398
61158
30909
76219
92693
64703
60614
50628
45
57796
26361
61128
33082
63788
6820
58628
30594
38145
67870
48672
82165
14593
84546
91752
67481
90822
11449
49485
90002
51987
76804
15742
79454
85250
84601
40589
63646
25894
36754
65484
99896
30778
24606
72226
9885
44132
67529
10437
30111
27008
62311
97828
39130
23203
74070
12820
77695
85308
56562
49612
98096
69485
86320
45309
91959
47492
56265
12928
85392
3980
41168
49777
93099
53866
8969
16105
29924
21744
81862
49024
72072
44440
58186
56433
9849
35741
9914
2581
53304
69023
76275
2040
3420
22440
23538
75452
682
40297
26313
51499
89845
19880
5459
51826
11611
37386
38679
94083
95911
60082
37041
15057
4479
29292
84787
83304
732
23445
58348
97655
12471
74194
23520
9599
17502
38878
37917
24967
41991
73186
67751
17760
92377
23727
16474
37033
89125
96445
95854
48426
8426
600
73940
88737
96175
59059
34763
65110
34374
94214
26568
12495
58824
44688
47685
735
13119
2452
59603
19340
69461
36053
87920
31362
6349
5844
73173
64960
59980
19376
35463
80125
54147
51990
6467
85877
82432
80151
55794
8996
69791
11410
65880
7663
18719
66226
79852
19113
77982
64099
91487
60375
4608
60621
1093
38895
806
46550
43024
41599
97603
32274
3229
27804
55192
65658
74582
36948
99261
72294
83535
87587
77844
83728
4701
98961
65853
12460
98972
50291
81222
33545
74683
67695
84411
90647
83881
68636
45074
98943
10392
68428
45490
45324
53854
31328
44265
23581
35363
9242
63968
4069
10826
25923
57770
22024
55473
60756
4041
78126
34397
25673
74324
97608
56881
62162
39442
85047
55285
22517
84890
97566
51342
74027
80752
45980
77957
93808
37258
94670
30969
31337
23061
37028
60055
7751
4083
1658
79989
27157
60541
92239
61141
7129
10166
25239
74982
27895
5661
9091
24465
27011
54862
322
53409
28294
16966
68797
22930
9207
10428
6932
7371
16154
16099
11450
74790
1813
99832
97204
62316
83540
62381
6443
44614
51109
50094
73153
9218
3199
30902
14935
69459
51693
51585
55234
90745
42236
91110
54787
64327
23467
12990
4587
85924
80227
38784
38868
28259
10237
55809
26446
4243
16030
17359
63778
25766
28808
214
77314
73883
35667
69052
53613
14150
93505
45670
32863
88631
94320
52411
20378
78045
16930
31636
97100
500
11942
6596
25516
8183
37669
95232
81199
70868
62640
5207
61028
94732
13892
73704
73488
11790
85372
761
71377
70182
23679
280
76240
25337
2753
77162
47120
81878
4070
18628
61857
95689
81505
74466
21744
10981
26412
66651
98760
41530
55234
97995
39640
12419
68157
53969
94166
9944
62459
44902
61760
62328
99847
23525
70020
16469
16450
76661
10687
32502
36477
57912
68831
22664
84968
48195
56152
67601
72203
54603
72532
179
18237
61421
65918
40471
96744
65741
98941
29567
72321
63339
20986
821
38417
68113
59197
99928
61482
39061
87974
62497
10616
82994
32993
26169
23024
66489
53150
69900
55436
2513
22655
24769
12844
44239
59711
18237
51324
96235
46494
5980
28261
29878
56129
89328
54141
58899
10632
93635
47496
40643
60960
93885
92813
12950
28873
25174
24101
71247
87532
24496
68767
67523
67061
19225
15382
54467
51450
21327
71173
16271
2261
73529
45551
22941
38054
91105
47181
2569
36137
77854
14364
76915
13374
59130
65221
942
65899
10193
51949
44530
13272
13173
26966
7397
53886
63675
50273
66765
55182
64543
33997
20586
72658
11344
80262
30960
40564
86688
76225
63334
12038
14711
67597
42308
40073
92235
5038
73965
59949
18653
57533
66446
10095
81976
79921
16430
88669
70621
45319
11746
36130
75813
33151
18862
35084
49660
3477
23416
1941
16243
83404
73820
12867
44688
73719
59929
76764
67368
1869
19364
56447
62272
1479
6198
23783
1633
87815
95610
36243
75219
13082
52513
3591
16111
38813
75114
20849
87885
55777
58450
32874
19448
51885
54074
55354
30792
97142
90983
19536
22542
75271
69958
51392
51149
68276
19430
69680
70894
70286
42395
54258
26777
56490
84834
41204
50724
37733
28944
11226
12644
22395
29707
3655
46342
25566
15931
61922
63925
93170
27139
88836
67199
31246
32044
25291
71029
9465
56110
17686
87058
91188
55777
78399
4224
1162
22293
25576
32916
34690
48348
25999
24016
36462
64933
98928
13749
87682
75928
38281
70351
27864
62142
31191
59316
76369
42211
43391
54181
62702
33999
87454
84448
66328
73918
56877
60402
69616
70883
50304
83037
54213
61742
24176
93806
67738
81210
8255
46678
42384
95541
97568
353
27541
692
34137
20868
25326
18655
31235
69081
56616
70515
32300
72155
70492
73943
56341
67945
94586
78076
68715
49774
14256
76244
97239
44461
11966
51427
64872
18948
91276
19773
16241
47848
72704
55899
41218
68161
6803
17314
6079
74247
9453
78661
49254
26038
23202
20848
66230
50267
27321
13054
44540
56714
58321
55382
68505
15148
71653
68633
7768
10490
56832
70410
32735
94698
59544
44945
21669
55424
92037
77092
73137
38497
2399
98398
18151
41134
72927
14394
64922
82067
33194
44899
45021
51202
43830
13949
20532
94458
92278
49447
34445
1761
34826
13031
25245
56915
54812
29651
18486
53240
25497
95633
52337
1662
15649
71393
74392
73816
89306
41668
14648
5691
16747
85643
48897
30252
38774
53125
48678
52075
22247
30772
96619
38559
24137
33178
95161
24595
6913
79843
65470
46553
68682
11704
87168
98037
3596
38755
49747
2490
57540
29019
90886
97310
80201
69958
19950
66265
48892
22342
74450
78176
65538
94611
94243
21870
435
68134
49118
50888
37185
56355
20852
50847
70505
1052
44351
56814
63074
80652
89676
29338
85635
54919
23657
7976
7329
98106
44705
85504
92503
10242
18786
87113
41877
13028
84212
80099
97514
49681
30986
34698
22387
68190
1896
92891
69241
46246
66057
32314
26898
72084
78003
12532
27003
1660
36859
50683
16117
81563
52539
8619
91805
71324
95731
50033
703
96294
46483
98216
62326
77469
49266
1065
45658
51161
10307
31250
97407
76363
79916
40656
48447
57918
69539
91801
59577
6397
42483
92046
4311
95021
17016
12467
66344
29099
78852
67047
41744
25334
65262
20422
2802
30879
21486
64811
82040
31792
12413
95798
8155
92328
36453
56601
50245
22343
48401
26174
45091
7235
34571
49401
2256
51586
61868
84951
80684
40719
51997
38780
66052
33611
59201
85206
64489
80686
66368
62880
12477
78780
58677
36983
87459
95129
9935
37704
33823
74687
80229
78913
81922
14799
28314
84177
82736
90181
85479
79772
30899
37476
18551
13302
87438
77751
98507
68278
74788
81227
31158
3616
60006
89834
40599
63817
1315
50533
1520
35137
25220
98100
14050
23493
29250
42363
24021
11985
48895
9499
91756
96145
63326
26658
9446
50763
4408
24305
35393
95547
5531
66550
99163
81888
72735
39761
45704
74049
6645
63575
25538
48216
61674
55939
71708
90923
14653
95728
19260
63547
5227
11015
76043
68552
54025
85488
35667
74784
26144
71059
70331
31674
53960
69493
29914
26694
25605
75617
17095
32249
39192
42632
96817
17217
98570
68524
24492
29574
80604
43751
93120
2182
71117
85514
87085
25141
71001
22751
99925
13497
10161
70255
61522
64120
56099
91435
7166
81703
67052
24260
30303
22595
83243
27119
39811
98164
11995
80654
27737
92598
24404
37208
94779
95521
22721
81863
37013
10073
20966
36937
23569
31126
23543
1443
11598
79641
92877
18763
77695
76280
59374
7998
15226
58968
51468
71389
57131
63462
52042
1219
72411
76446
38426
83541
88318
77498
65404
25330
87570
2721
62267
27491
50198
85809
28933
78147
81802
38161
13261
59496
14441
72634
83845
46018
31601
35313
17406
5083
15126
69448
6301
87537
62245
61078
71077
50562
38575
52832
75891
26145
71904
54509
69987
22102
56670
98919
16600
38471
37079
29861
97966
67871
18846
81811
13889
50447
17123
47646
71881
48600
17093
78182
52488
95689
55611
39917
46250
94186
92748
38493
36682
81004
9353
6668
19457
66022
21938
36056
4492
59016
65916
2458
43239
84762
84268
73479
51560
17742
21124
23440
82693
54569
17973
35181
50257
89936
75097
12859
84121
84196
67703
20802
65199
77055
43821
84655
43077
65758
37063
47568
24773
2978
66377
84363
4091
66996
57841
72002
1089
95317
11794
83782
49885
29766
18962
16493
19701
94058
45703
20173
94605
13405
57326
59804
435
436
435
434
433
432
431
430
429
428
427
426
425
424
423
422
421
420
419
418
417
416
415
414
413
412
411
410
409
408
407
406
405
404
403
402
401
400
399
398
397
396
395
394
393
392
391
390
389
388
387
386
385
384
383
382
381
380
379
378
377
376
375
374
373
372
371
370
369
368
367
366
365
364
363
362
361
360
359
358
357
356
355
354
353
352
351
350
349
348
347
346
345
344
343
342
341
340
339
338
337
336
335
334
333
332
331
330
329
328
327
326
325
324
323
322
321
320
319
318
317
316
315
314
313
312
311
310
309
308
307
306
305
304
303
302
301
300
299
298
297
296
295
294
293
292
291
290
289
288
287
286
285
284
283
282
281
280
279
278
277
276
275
274
273
272
271
270
269
268
267
266
265
264
263
262
261
260
259
258
257
256
255
254
253
252
251
250
249
248
247
246
245
244
243
242
241
240
239
238
237
236
235
234
233
232
231
230
229
228
227
226
225
224
223
222
221
220
219
218
217
216
215
214
213
212
211
210
209
208
207
206
205
204
203
202
201
200
199
198
197
196
195
194
193
192
191
190
189
188
187
186
185
184
183
182
181
180
179
178
177
176
175
174
173
172
171
170
169
168
167
166
165
164
163
162
161
160
159
158
157
156
155
154
153
152
151
150
149
148
147
146
145
144
143
142
141
140
139
138
137
136
135
134
133
132
131
130
129
128
127
126
125
124
123
122
121
120
119
118
117
116
115
114
113
112
111
110
109
108
107
106
105
104
103
102
101
100
99
98
97
96
95
94
93
92
91
90
89
88
87
86
85
84
83
82
81
80
79
78
77
76
75
74
73
72
71
70
69
68
67
66
65
64
63
62
61
60
59
58
57
56
55
54
53
52
51
50
49
48
47
46
45
44
43
42
41
40
39
38
37
36
35
34
33
32
31
30
29
28
27
26
25
24
23
22
21
20
19
18
17
16
15
14
13
12
11
10
9
8
7
6
5
4
3
2
