438
63039
22807
64092
2051
26410
1149
69756
28485
36190
65980
91217
94216
67456
10077
12586
35812
55896
53811
23557
99258
77487
51236
96004
66150
47451
23841
27398
94012
99816
17185
94
20728
44318
75975
63102
34191
8342
87829
14202
52889
18811
33023
11137
73765
80178
56056
76648
36259
67673
88838
20169
71362
57510
65558
29520
66067
27879
27242
58826
82670
24658
35626
15508
22270
470
30305
83191
81852
77208
28763
82207
87761
10269
65452
48712
40801
86846
91027
64663
18236
57107
2121
66558
13701
47733
83196
53643
56376
35014
82061
86301
73447
15639
24555
10472
45432
7682
40580
64228
50708
13095
74603
53915
79704
85509
5357
976
94011
75979
96915
61354
70381
38955
75979
65239
47846
9645
77774
86129
68838
35592
76150
85701
69533
88724
48130
41498
51817
45821
16337
87184
22096
19333
76738
90049
9803
52474
94910
72464
16205
63594
60320
15547
18246
72634
88778
15116
89349
27093
72613
44366
59132
1071
67716
51187
67424
80958
36222
72583
74223
21753
54090
73872
4019
42228
34456
91750
16135
96684
82705
475
62650
94224
10640
2394
44726
64214
77365
74957
71753
90718
36481
48851
75287
69169
93404
24472
83779
3979
34556
79280
46869
10800
14283
38320
19292
8595
44208
41090
19331
93838
12605
1490
86059
90801
28192
16247
46277
31997
29154
62946
32057
20568
61689
12110
4620
26457
56959
13607
66119
79983
23542
2074
39627
46729
20738
33577
97566
45410
48506
56625
96170
70348
43732
12497
21064
20511
5059
30776
89359
13466
3530
95594
17538
76700
31225
35519
49110
13226
22524
19042
34552
20897
11192
84295
61879
26998
61154
82854
96297
93790
41934
87619
67878
16587
42917
66693
7883
33429
88316
35976
31835
48306
1915
20735
23416
58436
60183
89095
46897
34814
74012
83632
38150
17321
51135
9362
32621
25013
5178
65450
76622
26646
69938
81217
54125
39350
66591
26382
56392
63908
29702
6848
47288
29560
10311
13761
35245
40088
88850
54719
86389
3813
33400
74070
22952
13670
27598
47678
85080
43701
4950
98674
14219
61728
9121
95097
26866
64840
61807
66409
9590
70115
33298
44775
11382
30119
62287
72877
256
28628
67403
21237
55337
87237
57688
34605
50074
37167
38864
34452
86767
99279
26065
58262
23112
68400
43317
1133
8415
48500
58366
49731
20527
40866
68838
42338
72590
21009
30124
57678
15216
76452
48416
89889
98657
39283
54195
98166
75910
50463
47052
16702
50769
34647
66037
66830
51104
72487
37216
72700
33466
9247
995
62382
79146
54354
21996
62190
41469
86359
5511
21460
96468
72484
72673
85908
73516
10151
18917
67765
18079
40611
9525
29190
99635
91202
68736
94462
22959
31591
44831
18122
12651
25560
33507
62332
48146
8011
5741
41366
69101
59575
45228
35743
53684
80169
84830
438
76243
45483
48587
62919
88923
84919
79246
18909
51379
91648
62565
38994
65408
5980
63302
91976
74970
19987
72213
66318
16758
47242
96073
32193
48481
55019
18056
11205
20441
12401
69348
55989
74538
67874
91584
40588
1778
20697
70331
78004
93081
62560
43386
27304
7301
80271
76783
20965
28586
30774
39380
44862
59190
71711
18447
64683
99089
55367
17358
39004
38725
1306
71885
99532
27460
36990
1666
57052
47409
23079
94829
10086
31355
85446
48122
73370
76427
18705
13296
65132
48541
56650
324
60117
58815
46291
87308
80263
38180
78
22861
89498
80825
80301
42790
67579
63905
90592
54280
28312
50255
83089
47330
5280
61764
88161
95155
16615
18565
86451
58699
85388
10960
19534
43038
94685
38800
63559
73829
87990
90547
52919
70160
61680
82800
66430
18510
96804
44147
11059
80534
96828
16221
21814
61928
41992
2304
54526
64443
77539
80686
21443
28488
61367
34582
76170
10873
50800
82439
17141
82415
13191
70393
73534
273
14780
44096
96505
70819
61569
63000
53220
59790
17316
92984
2945
9939
92820
203
47870
50129
97784
15223
83158
84863
24146
15167
54438
97735
17184
22561
82468
68967
45534
57992
85995
72405
35047
94418
6372
95634
43494
40585
85756
86035
45389
55772
73798
19495
10259
29086
34661
96383
21821
20614
86432
91413
27047
60559
86668
48445
87892
76264
78010
81020
22299
17224
44299
43017
20759
10662
96229
69819
34071
68781
9674
69146
70497
59254
73871
53125
99434
53128
306
9850
92479
60958
38937
44686
77504
26448
47042
1095
57355
82395
49677
43746
22219
9193
25722
59940
55904
39610
68024
550
14112
81760
22591
95043
75906
43873
29308
7395
844
6754
51980
77468
3941
19075
17724
66546
62973
9340
47511
98211
14524
81701
46054
28061
22033
89813
17858
81895
17060
42817
53296
99322
57667
50887
45747
44945
23885
53157
32092
33186
32382
44488
22981
21092
60054
7527
73269
78674
48212
52465
95009
86932
56758
21534
37656
59326
94068
52979
46547
89792
54329
69005
36869
74885
93590
95390
57461
40195
55113
19420
16447
95509
15261
76618
55261
1111
96430
53539
17793
34729
88475
16331
45144
92857
34605
25728
40076
10620
2428
33495
53645
67277
4720
99723
81941
66597
80922
65406
72156
42672
3242
90514
5988
15005
4722
66102
99456
24792
86897
59390
75317
55604
41617
15006
95623
69587
42429
74884
77584
56830
54740
57023
89013
74722
55383
44747
92801
19641
54063
97244
8676
97604
43281
99519
78727
35873
11982
87661
23764
93256
12844
26197
71055
72764
96836
23857
53188
72966
93947
33684
61535
6139
95154
74510
88884
98062
38470
40075
2800
67345
15549
21497
12661
81556
83297
95632
17498
34698
44624
47919
9676
51585
2942
57670
37201
21727
32567
37836
70388
84538
67333
14866
14642
367
49564
13832
59265
75123
61750
92771
1150
24082
60708
49295
27023
68718
23316
49116
5918
64682
87194
75018
97248
46769
29206
58827
17156
64948
43365
87192
48633
39885
2057
33462
70879
67972
63646
30143
59446
25395
39266
60596
65828
99973
9890
9203
68690
33206
58318
90960
97887
45511
82329
11486
8631
27886
86665
25787
9186
46381
12978
57818
86265
31386
7631
57143
15710
71276
3638
75155
13023
42903
52102
78850
59227
61992
88052
44268
11549
62721
35227
25787
24584
33908
37272
33214
61793
40288
75352
87330
86668
4681
45147
72933
36067
52778
46427
68128
40405
50064
43282
53427
9318
11736
48629
68544
90079
53032
12812
1627
32105
64390
27413
56688
98297
81036
6253
76442
37676
81605
63771
24343
86285
8918
97275
38703
78047
60054
6830
18451
10117
66464
88230
35787
78199
36858
4330
68277
89889
17141
86255
21993
81531
30019
95032
96179
27406
1285
72620
65081
99241
52743
89424
1877
61660
3050
56932
56058
63103
63761
90860
89572
46576
79089
25358
24774
15946
46039
9402
22187
79532
95656
60531
77414
25674
55563
73592
53080
73199
62564
18160
88791
15306
7583
90667
93317
26985
47598
49374
90087
27711
56585
96010
74286
35674
37719
15412
67971
83758
24813
6509
63289
20469
67040
40702
62494
38954
30645
31925
12152
9560
50085
17294
24865
74019
7960
34533
1003
71910
258
7442
99620
56843
19803
90257
92516
57522
5668
76838
57631
46833
83347
20919
83653
50386
77972
46146
5691
24968
78071
17842
34528
44507
51487
75744
34877
59446
10277
35880
47707
26886
59673
63678
83728
79475
70287
92595
53348
75954
69433
10978
39138
69131
48248
22790
19516
42571
85288
25206
67539
79710
59399
18418
24216
10885
10513
59092
86682
37141
11323
50741
64027
87347
14418
64106
66822
1056
56701
20169
77010
42485
47499
32499
11615
95746
55289
47482
38317
56928
89039
22207
36637
64789
56976
77204
92025
67488
52647
95058
4629
63970
45798
68655
67668
76568
49112
34489
77623
5812
71010
70984
64648
18508
3483
92614
30605
75123
40095
68921
48402
45485
7479
85038
10273
64454
78593
2297
31942
31239
97355
52922
11560
43152
37928
79228
36071
87039
30068
13694
9203
17429
1029
73850
35936
4511
82816
82893
95985
22910
68165
44386
84747
75644
45775
95019
56449
24367
97316
4742
71958
11022
367
368
367
366
365
364
363
362
361
360
359
358
357
356
355
354
353
352
351
350
349
348
347
346
345
344
343
342
341
340
339
338
337
336
335
334
333
332
331
330
329
328
327
326
325
324
323
322
321
320
319
318
317
316
315
314
313
312
311
310
309
308
307
306
305
304
303
302
301
300
299
298
297
296
295
294
293
292
291
290
289
288
287
286
285
284
283
282
281
280
279
278
277
276
275
274
273
272
271
270
269
268
267
266
265
264
263
262
261
260
259
258
257
256
255
254
253
252
251
250
249
248
247
246
245
244
243
242
241
240
239
238
237
236
235
234
233
232
231
230
229
228
227
226
225
224
223
222
221
220
219
218
217
216
215
214
213
212
211
210
209
208
207
206
205
204
203
202
201
200
199
198
197
196
195
194
193
192
191
190
189
188
187
186
185
184
183
182
181
180
179
178
177
176
175
174
173
172
171
170
169
168
167
166
165
164
163
162
161
160
159
158
157
156
155
154
153
152
151
150
149
148
147
146
145
144
143
142
141
140
139
138
137
136
135
134
133
132
131
130
129
128
127
126
125
124
123
122
121
120
119
118
117
116
115
114
113
112
111
110
109
108
107
106
105
104
103
102
101
100
99
98
97
96
95
94
93
92
91
90
89
88
87
86
85
84
83
82
81
80
79
78
77
76
75
74
73
72
71
70
69
68
67
66
65
64
63
62
61
60
59
58
57
56
55
54
53
52
51
50
49
48
47
46
45
44
43
42
41
40
39
38
37
36
35
34
33
32
31
30
29
28
27
26
25
24
23
22
21
20
19
18
17
16
15
14
13
12
11
10
9
8
7
6
5
4
3
2
