153
57200
48900
52960
72814
87191
52927
65085
22091
43377
55937
17446
69180
6888
3349
51660
2337
66343
78207
97714
75322
64820
17722
55940
73941
11706
11128
65985
63921
2423
21397
45631
79293
7673
47626
41223
6641
83899
52299
80525
88210
88820
37733
95995
60380
85274
68851
21861
75580
21994
67622
62505
1962
31327
18945
13203
36785
22843
89529
8873
49959
48037
57754
83304
32134
72891
17568
90369
14501
73789
66250
73304
5364
10254
47687
61153
45976
49158
95437
53415
70461
60029
78051
7557
4795
58700
1040
90429
44501
17648
36160
22536
4340
2216
20505
60050
98286
95344
3178
85239
16950
95368
92293
40744
2830
61683
53542
53827
72262
90361
28024
82
3191
18997
14678
30691
64525
49615
28206
26313
65101
2727
4917
25579
28947
2648
99052
99632
30858
41313
39215
93513
14413
9611
66190
6356
56621
98988
98339
87771
56857
607
25850
7206
35218
34946
36874
10874
4290
26608
72758
34472
91101
23619
153
87982
52997
13774
39669
81096
16467
11341
27685
55543
79108
19757
18419
89413
32173
62010
25211
67588
19302
67373
1256
44600
29905
39812
15668
46229
29151
96659
89225
67270
54082
40085
11973
73851
5386
39300
6043
40714
56191
42591
8582
99337
71156
18005
14770
81777
47256
48143
45885
23206
79568
90614
62755
54260
28203
23507
2022
90869
35190
49909
10499
18809
86249
33334
21649
99755
51747
19530
38047
49798
86991
3034
12498
94893
19126
13997
9189
3730
32461
43922
26305
88028
66749
8903
97698
71044
32003
6404
682
8539
95152
82135
71693
16128
55630
90965
36430
76336
2901
7972
60290
17989
85796
53145
58391
55341
570
74233
56043
9118
66762
26310
95426
6368
4235
31627
26058
73169
90359
47387
4347
34995
56553
93530
32291
56971
19081
18594
18628
61887
88356
20091
59480
58970
52275
47642
25434
77889
24567
27285
90418
72261
238
73060
48519
90784
28459
67638
20484
70479
49315
45730
33460
89439
159
58026
11389
33075
31234
18158
33682
3494
60359
50271
10700
33418
1840
75570
68364
92623
28795
13174
19848
96432
17463
56683
39391
4293
45792
5058
55116
91522
96158
88575
31492
1948
62952
59232
35022
10538
93741
85055
14031
54099
35326
41082
87517
53517
33003
72232
46140
61797
85405
82339
74581
19219
39022
13971
39863
84813
35380
94978
92686
31537
99905
24177
33484
79208
99760
84858
89745
93500
69912
20128
63951
5237
77561
67819
75106
10564
40050
21245
88712
41806
19935
63292
77376
58956
93615
33590
43769
28994
44919
52806
76883
44823
76983
26718
24031
93094
11575
30127
86594
81487
50254
50544
3075
27815
34714
78180
38378
74763
15776
27089
32920
35711
6733
10295
11018
347
60236
71138
45692
5154
23944
22574
66329
926
49292
6711
94019
77218
36837
96964
75056
87091
63859
78131
14905
98572
72662
69634
89686
4790
13074
22605
56852
19806
49251
67869
36504
9486
39007
82196
14640
62950
21121
80968
80227
86764
87678
90597
63982
40866
159
160
159
158
157
156
155
154
153
152
151
150
149
148
147
146
145
144
143
142
141
140
139
138
137
136
135
134
133
132
131
130
129
128
127
126
125
124
123
122
121
120
119
118
117
116
115
114
113
112
111
110
109
108
107
106
105
104
103
102
101
100
99
98
97
96
95
94
93
92
91
90
89
88
87
86
85
84
83
82
81
80
79
78
77
76
75
74
73
72
71
70
69
68
67
66
65
64
63
62
61
60
59
58
57
56
55
54
53
52
51
50
49
48
47
46
45
44
43
42
41
40
39
38
37
36
35
34
33
32
31
30
29
28
27
26
25
24
23
22
21
20
19
18
17
16
15
14
13
12
11
10
9
8
7
6
5
4
3
2
