366
37364
7125
68429
55067
45230
13459
26772
36874
7330
42204
54946
20783
26504
90869
5248
38156
92937
7572
52959
49477
34018
82200
85771
83328
89197
77611
95099
8583
11054
3848
67655
91615
19987
54661
94529
87484
83423
22038
5108
94997
47248
71150
87351
13003
28239
31056
75206
72836
70912
84489
47984
10337
74359
33303
54092
90121
33609
76389
90058
19362
6241
30541
22142
9342
47224
74845
82153
59317
50260
52328
69973
22041
52775
24539
4172
77480
27020
24562
27747
74918
44084
86529
51296
15451
71167
22257
42930
44719
75430
54888
29508
22716
56738
38391
13883
75806
79423
33258
40882
48624
32837
85890
31528
4174
16216
2909
24131
51305
21957
98056
35707
26509
68898
62198
8473
54530
14404
66132
87378
85592
62070
98371
46829
16124
72073
20976
37095
39260
7250
48474
44982
89736
59773
38021
58875
83446
44816
39848
64194
76781
19205
60397
61592
62290
33818
17268
30117
70888
95573
69742
65224
91743
67706
1683
20264
868
8922
95766
93625
72059
1521
22592
12680
54229
35091
62698
9860
10353
18733
42167
23201
94815
37002
35339
81338
74419
13074
30846
23194
66708
41747
74950
16549
61874
30040
74277
79778
18065
76023
80109
77152
56570
84241
48682
5193
82070
61147
14897
75024
12976
97162
91006
72696
10070
95177
22430
61056
95258
82767
69082
75680
51250
57225
30873
42917
53662
47452
17017
86441
1569
49967
70297
19349
72670
42197
22778
25606
71054
40173
31430
45773
39519
62462
62427
16324
46871
20697
93663
15425
74864
24436
91848
88019
49223
64826
43984
98448
52879
56388
26163
95652
55352
22903
72744
48051
12299
77951
55230
83399
10513
17809
7879
54350
77164
8765
16152
92710
37115
53221
70291
90169
90108
19440
50441
82494
118
48152
32909
1456
45942
46102
47340
49947
87127
27017
20790
72711
1656
5291
44043
62104
20789
1212
61812
96472
45592
86197
14088
93737
55663
91335
54290
36405
88898
57097
45830
26157
62159
36666
46387
48075
92062
84909
86767
40067
15750
67936
11798
42335
62387
82691
34983
91186
36215
53815
77341
90931
68865
8255
87187
30763
96073
89326
19390
57621
47443
89993
65510
12270
25381
17028
84325
88475
16500
25171
77753
39326
70983
14399
76664
72148
45033
39235
76022
28617
33939
36827
86306
87804
54733
39196
85259
39013
23524
62965
58133
366
57437
48610
74975
71760
55028
67661
6485
89836
70125
68159
53216
48089
12662
49543
35501
58963
61632
77718
62639
98188
62935
77141
19073
9452
41883
60495
98393
37954
15803
32653
58356
60592
15539
72945
20489
28546
86035
85545
5366
10656
72607
58698
96084
98404
16851
95893
39022
95192
27496
65440
88324
47758
48727
79466
44651
17691
77623
20959
89391
18296
66769
97798
3376
93054
93830
11559
1534
56511
8971
4351
58801
3581
14781
42832
43900
26764
8020
65513
50255
74970
49763
42588
62197
1555
84130
41139
44297
12056
85609
79601
48719
72879
63629
836
13309
74318
78686
47070
48708
28400
70880
92119
30608
6957
75413
62075
41977
97220
6047
35840
90213
15129
59766
26131
27173
57662
40419
62284
86657
19945
4853
2552
66027
68785
30531
7780
47485
5992
17810
32075
3003
75738
55867
63502
23612
20944
98168
91644
72323
52618
14108
56299
16009
85194
10763
95151
23355
6241
25260
54447
69539
10039
31590
48251
94815
39468
77617
86866
74407
27442
89326
47989
9832
8252
23970
314
70792
93917
28387
38996
59386
48474
90580
46978
7397
82858
13363
42105
1426
74636
29406
51606
1654
35282
4040
69592
69092
33131
69756
57361
54527
6578
87416
7434
15390
46940
73371
77695
76771
21415
3605
76939
25422
65070
90178
88681
79000
45297
43939
87959
67503
36826
66147
32248
43848
40078
61019
36499
43438
81617
40350
11022
81906
18467
41752
17876
74027
82831
1926
83089
1444
9577
72887
48902
63995
66290
33519
56397
66333
57621
97641
66393
62901
44544
97005
26951
83502
60909
15305
89063
73033
16348
65367
38327
63959
88838
20499
65970
20805
64577
70848
16256
77109
10737
19678
4416
87855
15613
26211
1271
98942
84472
61690
19190
77305
16654
24348
18853
26424
26573
62093
55163
84455
19520
73770
17185
27250
8502
68448
87784
60513
26608
53697
19020
7753
58925
92931
36144
17566
20753
92804
80397
72297
41695
49293
19200
66618
27368
40323
33138
91978
34272
22501
94997
58781
31401
70039
4341
17047
99431
8217
8847
13493
27852
98953
18242
85754
92191
55631
64673
19288
98698
24222
31661
81777
40311
82425
97530
18076
66084
2721
24310
53189
13081
20039
55933
90177
28652
90372
88371
40458
78492
10542
51504
17754
61997
18264
41653
19158
29327
48837
78521
72593
69763
16539
51464
335
73349
3166
46308
12583
30059
22329
80438
75028
56434
14376
37024
93260
48991
23329
34912
53147
42486
5996
82473
98033
54832
84083
92906
10197
56676
16429
79959
19640
49320
54444
87455
22668
73961
33762
51602
20371
72442
32039
95398
28876
46414
32421
38487
11757
72102
73399
64903
30939
95746
47375
45324
66930
31457
38229
77126
88132
71009
73436
24123
36680
44231
11578
59347
18191
61691
10948
54914
34133
59338
50311
63008
5752
99084
1494
17508
87537
91244
82410
34827
86990
46136
80150
53919
77592
18378
47396
65724
5739
20831
6198
42418
81414
17775
18117
15956
79466
45416
70869
29950
4754
21180
92957
26857
36615
10802
60716
24151
18398
59477
58977
21739
5612
39127
92009
83203
73856
39404
65278
79594
76586
71476
22012
57999
5602
40128
90307
1419
85543
61175
31368
6648
82354
24324
33504
18968
51478
94219
59470
86227
53695
18447
7965
59306
73925
99973
58861
47780
55728
24138
43726
48665
11965
65737
23016
17567
22216
13322
18985
24110
74496
50353
30758
73202
91028
64261
8521
58857
74832
67991
45083
28526
2789
53047
4184
76713
69371
63044
24492
41450
3533
68217
6467
15498
50305
29482
33064
88872
59155
68400
12982
50002
18752
60091
23203
26132
40703
48076
84988
15534
16066
30071
60412
35206
99469
80947
11918
85192
43990
52761
42993
63874
37330
49459
79371
87634
95292
28786
92858
70798
13538
22191
20800
32289
82281
60354
74772
39335
8429
59760
71221
40846
6182
47984
76051
22002
28930
4320
7193
89271
57081
66538
53144
94410
32348
48867
98395
27640
94004
7604
14789
7541
29794
35588
56182
28426
95942
30953
84113
20722
7064
55333
61568
13245
3316
53970
35247
32245
58290
58791
21515
31722
25328
91010
26131
57676
39876
40877
1667
50232
48481
16455
57772
94626
52043
30305
39404
64336
61258
23516
85057
84673
78848
62976
97918
98515
16946
33164
30759
91587
91954
68625
23308
17282
59634
65790
91309
15862
23018
92975
66093
87850
9429
40216
82476
77823
86873
38231
42158
64482
61746
43567
49154
40593
6542
47071
55459
39839
96586
86217
31425
88540
71193
71084
22173
47178
335
336
335
334
333
332
331
330
329
328
327
326
325
324
323
322
321
320
319
318
317
316
315
314
313
312
311
310
309
308
307
306
305
304
303
302
301
300
299
298
297
296
295
294
293
292
291
290
289
288
287
286
285
284
283
282
281
280
279
278
277
276
275
274
273
272
271
270
269
268
267
266
265
264
263
262
261
260
259
258
257
256
255
254
253
252
251
250
249
248
247
246
245
244
243
242
241
240
239
238
237
236
235
234
233
232
231
230
229
228
227
226
225
224
223
222
221
220
219
218
217
216
215
214
213
212
211
210
209
208
207
206
205
204
203
202
201
200
199
198
197
196
195
194
193
192
191
190
189
188
187
186
185
184
183
182
181
180
179
178
177
176
175
174
173
172
171
170
169
168
167
166
165
164
163
162
161
160
159
158
157
156
155
154
153
152
151
150
149
148
147
146
145
144
143
142
141
140
139
138
137
136
135
134
133
132
131
130
129
128
127
126
125
124
123
122
121
120
119
118
117
116
115
114
113
112
111
110
109
108
107
106
105
104
103
102
101
100
99
98
97
96
95
94
93
92
91
90
89
88
87
86
85
84
83
82
81
80
79
78
77
76
75
74
73
72
71
70
69
68
67
66
65
64
63
62
61
60
59
58
57
56
55
54
53
52
51
50
49
48
47
46
45
44
43
42
41
40
39
38
37
36
35
34
33
32
31
30
29
28
27
26
25
24
23
22
21
20
19
18
17
16
15
14
13
12
11
10
9
8
7
6
5
4
3
2
