92
34
42
7
6
38
2
48
5
47
26
18
45
24
16
44
35
42
4
9
16
26
21
7
47
48
25
26
31
50
21
3
29
1
47
12
37
50
46
49
12
22
50
39
7
27
24
2
35
27
27
22
47
33
4
15
39
16
37
44
31
25
4
27
8
18
19
19
49
40
48
7
12
11
5
20
33
18
17
36
17
9
9
12
34
17
45
10
32
2
31
19
33
92
15
29
50
39
24
5
38
13
28
34
5
23
10
13
25
29
37
43
43
27
50
5
23
23
14
40
34
43
45
20
50
15
14
12
37
12
3
3
28
13
20
50
12
19
32
32
3
28
28
36
31
32
10
25
2
4
28
16
23
25
29
40
28
18
12
22
3
11
45
49
30
32
50
11
27
7
35
22
2
41
14
15
47
18
33
44
41
12
45
43
32
32
69
1
2
3
4
5
6
7
8
9
10
11
12
13
14
15
16
17
18
19
20
21
22
23
24
25
26
27
28
29
30
31
32
33
34
35
36
37
38
39
40
41
42
43
44
45
46
47
48
49
50
51
52
53
54
55
56
57
58
59
60
61
62
63
64
65
66
67
68
69
69
69
68
67
66
65
64
63
62
61
60
59
58
57
56
55
54
53
52
51
50
49
48
47
46
45
44
43
42
41
40
39
38
37
36
35
34
33
32
31
30
29
28
27
26
25
24
23
22
21
20
19
18
17
16
15
14
13
12
11
10
9
8
7
6
5
4
3
2
1