226
65129
11805
52347
98139
90496
36422
87227
34159
20357
77646
93447
68112
17604
55826
70217
79175
60597
46268
42014
80520
94651
17833
90280
63954
59296
96108
14938
44977
44585
20084
99493
66497
22940
5736
89874
30165
52252
82752
16340
53166
88303
61080
62548
68485
39562
21932
20529
15495
17544
41124
40188
24644
51989
51321
54099
93019
86464
94696
76506
56143
68099
71473
82854
64798
24548
40517
9913
89878
72554
62933
62036
18108
10050
13862
92335
35326
64429
81764
10116
80382
85186
32101
2409
73350
95880
34317
8586
22766
97931
37893
6630
99753
96367
67396
44429
73848
85027
41063
60630
95101
83398
30776
14545
43321
6519
51795
87135
16909
33063
22687
48433
39808
18835
53597
27985
52325
94466
19717
69344
54188
60603
5361
73880
63942
22925
17136
83163
53871
54164
97812
72516
26235
82291
8694
25340
27495
85214
66383
71476
98739
16952
14812
89169
34814
92500
74536
15465
48347
63073
65741
52624
7058
58794
13282
20115
57372
60597
69884
73568
25801
53675
47434
17458
15950
85524
85293
7630
92336
82141
13044
50340
72026
91654
77053
62958
31288
19541
34827
7206
33879
65170
47228
11521
39222
77884
12268
55383
55512
42554
28609
51769
71199
54969
41010
89504
71255
94058
43824
74397
31943
68013
96856
44855
3135
1282
41974
91639
73414
51900
41485
5662
28781
63924
38001
72001
6953
30505
79760
72526
79118
14637
59561
50615
1938
63749
76621
226
78258
94572
34684
51226
17541
68973
40635
65726
90953
85473
73340
75884
47662
87543
82340
35345
7331
29295
60758
48861
33293
81877
51991
10636
41599
52742
80571
32541
802
14801
15610
76441
12764
81305
2607
84524
64350
42531
46705
91987
65626
19592
22408
7132
4920
39054
88428
59820
37582
23769
87640
92439
7395
84681
4487
58753
54099
49011
63180
16067
94426
4979
86967
16749
22273
81087
65160
61901
41198
43004
55952
48499
29155
2907
70004
76785
6798
63634
46561
51015
20898
95098
38330
91314
52635
57915
68776
34987
36627
6617
89570
87410
81516
22834
47777
29614
22301
3787
30764
56509
29417
91983
53541
28827
97566
29500
51547
99854
84304
93843
96535
49811
80870
95816
48697
11383
99452
25362
63038
75862
5982
64089
38621
23294
86629
87709
56943
1997
7467
98501
66488
83333
45951
51634
62881
2294
32855
75445
30324
10752
15874
16466
68682
59684
48978
65015
770
14108
73392
88412
9588
37837
73440
46621
28372
53419
88535
49765
4698
66068
336
85491
12133
80530
81691
38148
92350
66423
21969
2256
86767
10937
58261
65221
19205
32984
78722
36998
67128
92729
19171
72799
39564
93661
68617
28224
84293
47036
32564
21863
59896
87661
22377
62174
74888
54674
18482
21930
83045
52281
44210
39748
52367
3760
31743
69402
13172
62959
14423
57756
29091
16072
72604
38321
69943
40013
3808
75359
82895
90159
21091
22627
32974
18866
43422
69410
226
88864
5401
1833
52787
78005
39834
7459
66357
26128
14411
6369
56632
34570
86129
48342
23447
85375
27459
13606
11
64902
73166
38990
31868
22491
40927
50733
86239
700
43706
72001
89563
65458
73833
42349
43462
30018
49808
26170
72498
80570
32539
29129
15140
35019
77471
38586
20393
21281
68543
36755
2534
41708
75744
34401
80551
33022
1486
66789
33721
45191
55141
39635
10648
45326
81984
70462
91695
48143
96631
64192
45064
45521
93321
76555
80539
87143
31493
931
8423
35
37686
27309
58095
29781
61709
38645
62803
79546
21785
96523
41088
76926
36158
51736
38603
34493
38549
30297
98987
51531
10841
44050
97052
20513
36957
77590
7655
68449
94873
32429
68483
32558
76089
26577
62338
37798
65221
25140
33695
87006
38015
74783
80283
90524
42870
35237
25016
81418
81885
40354
49300
92725
755
46351
13237
37711
40293
37243
6159
35165
86024
74642
67722
62112
17570
46411
16261
82791
87903
49956
86148
25917
41090
82782
16440
83959
18018
57807
65376
99902
14512
14675
8979
15266
77378
38567
52977
17670
92162
59135
52834
94537
50128
36907
73000
67698
83317
89261
66840
87571
55568
52987
13487
13009
35768
46278
96967
70137
20436
78694
70038
34947
9720
95368
50213
87097
33935
19541
21118
26096
78675
73951
20632
28803
27209
93631
12852
10526
99243
79691
14448
71162
32677
27935
84170
84796
90564
81136
54932
27352
76181
41321
62298
85901
36689
226
227
226
225
224
223
222
221
220
219
218
217
216
215
214
213
212
211
210
209
208
207
206
205
204
203
202
201
200
199
198
197
196
195
194
193
192
191
190
189
188
187
186
185
184
183
182
181
180
179
178
177
176
175
174
173
172
171
170
169
168
167
166
165
164
163
162
161
160
159
158
157
156
155
154
153
152
151
150
149
148
147
146
145
144
143
142
141
140
139
138
137
136
135
134
133
132
131
130
129
128
127
126
125
124
123
122
121
120
119
118
117
116
115
114
113
112
111
110
109
108
107
106
105
104
103
102
101
100
99
98
97
96
95
94
93
92
91
90
89
88
87
86
85
84
83
82
81
80
79
78
77
76
75
74
73
72
71
70
69
68
67
66
65
64
63
62
61
60
59
58
57
56
55
54
53
52
51
50
49
48
47
46
45
44
43
42
41
40
39
38
37
36
35
34
33
32
31
30
29
28
27
26
25
24
23
22
21
20
19
18
17
16
15
14
13
12
11
10
9
8
7
6
5
4
3
2
