287
86975
94115
43429
50053
11626
1434
59278
52950
30152
30961
87800
86230
4629
93800
80590
79877
3767
96985
74760
35777
7072
41239
34685
29491
7776
79782
5251
43429
26265
16759
8945
90770
86978
76258
51143
64473
65596
57266
16250
81468
63559
52303
59964
95039
82015
9434
8431
3670
20660
73496
8314
62719
60030
6893
39444
33008
82314
4514
30097
44857
27700
3070
87196
47890
19370
96009
75705
34296
11415
28365
62252
70211
95739
3194
90627
37946
51395
70807
80457
62796
72785
43861
33883
574
35696
12506
39367
58864
73791
77291
59162
99094
72602
49145
37652
85589
3448
75276
23957
15330
53843
73950
26902
44665
27573
97812
53543
13641
15860
28259
7429
80298
43295
64557
64126
43254
24072
43881
82720
84368
43204
29730
11787
55595
38859
97509
97699
73514
49731
40948
50659
80879
34108
42054
46008
76176
41303
2309
65627
97087
58107
67124
88752
29502
11411
1393
71001
53151
23382
38288
54329
74952
36719
81424
51515
23183
5808
98130
47295
65745
98079
37127
65761
74187
18185
74883
59640
849
43445
15056
93486
37284
61247
26556
63043
99951
75790
46551
60057
47043
65915
83459
88110
38265
99282
59217
24261
24764
48264
10400
59971
88778
80130
10013
72418
34780
78980
80238
35248
14996
4525
60000
70712
30644
68785
46633
84097
97219
3442
20764
64287
46895
22836
43059
78338
25316
48618
27999
2781
71007
16036
33024
85753
80710
53826
97757
6072
94081
4486
86990
11545
98389
13971
95842
1380
21019
839
50251
84285
8489
65136
88925
83599
114
52848
19963
32111
57258
77441
11887
36300
45290
86947
72785
42851
42044
3869
79193
46677
8254
15464
96620
79270
42710
39681
68233
87501
45821
25414
62030
16229
76251
67745
56619
83805
46648
9440
63194
29849
61771
76851
61860
76230
55149
58989
69907
53955
287
48402
13070
84417
88583
43683
38503
81124
46791
97236
14947
28448
31503
27550
90529
39014
67564
73991
47195
47037
86385
37210
82701
10540
64836
60451
11927
82363
9879
53580
6854
96635
12712
4106
61737
12035
74566
5711
16633
3108
40377
77602
85161
12083
86228
11797
90959
16555
95408
79928
71802
37968
90261
36336
92632
4713
19354
1663
58629
99552
12111
70642
52482
23091
7855
37737
27683
58727
35734
41188
50858
77725
44565
74724
25835
64402
18326
57367
38590
35048
99827
58804
64841
78156
61649
45291
97947
99068
35105
78409
80769
15236
10556
86252
69411
28292
10436
29449
53682
92201
59652
27835
9561
49165
17044
21956
86734
13257
42497
79137
53511
13847
10876
71925
67251
79886
34320
33556
67325
4897
26645
98531
96747
43371
27646
83853
46287
77806
57345
54422
30208
84201
74730
24759
33180
42773
89211
5905
69441
57903
4486
10947
55805
40638
54834
70449
62070
82272
5109
11557
69389
14463
11984
77260
2346
94862
25973
6658
10912
27631
75058
67138
69079
6629
89142
28826
88866
49834
96359
98624
11311
54590
15645
35413
24894
92301
61121
53429
41550
20738
78242
21925
25555
659
31555
53320
9119
96500
85507
51319
11306
26702
52112
35329
40187
57056
54684
34590
67090
34854
50881
74212
28785
1115
35327
41043
45108
51762
64226
7232
92211
71895
59618
43484
58083
58054
99214
85315
35681
58642
71565
17639
132
30243
5546
17825
34464
61003
28907
53492
99175
28657
60162
42739
33103
66849
33767
54043
2943
30960
54462
22597
71207
99357
4436
3455
80745
34703
62433
69452
95172
32905
53490
95540
87583
81273
7987
47320
3819
95658
15876
28216
63926
53878
56710
54596
92332
13523
74447
34957
68265
20425
36449
71795
30773
64873
99268
59620
88710
22255
69529
46356
64351
24032
1643
17178
91569
62509
322
44370
21699
34304
988
52471
18108
82212
15470
33727
8004
91441
13272
13065
21289
35527
91187
90817
12377
37542
69028
93079
30123
93060
48227
31766
68400
65405
18024
59968
19359
80533
20689
57409
31188
21677
26231
49295
20240
58052
99373
28243
49493
12645
41307
70781
64523
32494
77950
76899
86387
63329
69977
16510
56388
18203
64627
41139
99959
82650
17459
35669
63182
38147
9429
10721
76175
35659
60015
96415
10063
75740
24657
59555
4736
82316
30335
69258
31161
24636
62508
17547
87965
32484
34056
60704
67038
15034
1843
83349
97684
19301
35369
77217
57447
61150
87938
33622
13160
64304
46388
23222
40043
71044
82776
44778
69711
29463
30387
871
54098
92894
18418
42062
41729
68825
19118
8767
83859
20960
8467
97894
40260
60187
75110
14058
21336
63047
64031
34496
43703
10418
57717
97
97814
40493
44875
67524
86307
75261
68395
40404
84507
3164
98818
26235
88340
17935
51353
88550
38894
59819
86443
95505
20006
77905
25914
57693
57303
89945
92188
1005
362
66257
1102
14527
6749
62328
82051
93055
53940
66797
49810
38446
86312
48627
64681
91003
82913
16033
79553
38158
92204
82347
33662
28561
60251
75928
86253
17554
65872
78441
18558
82585
61049
36011
97112
84149
98338
95514
93555
52278
78662
43364
7075
81325
8343
71755
72327
91255
4140
51879
45765
96343
34226
95778
24903
10828
71705
11155
28381
37576
5947
63291
20161
66995
99301
33624
51143
13991
45489
44697
82620
24150
4413
89694
21826
12755
61449
94152
20361
65588
62383
66125
61930
12960
61903
3184
23787
33607
14338
52168
87535
36637
31810
24047
3631
31110
57670
71126
61452
3158
32174
44071
43659
36586
33765
65484
49340
11565
75987
86053
93504
38369
52177
55433
51328
30431
74968
91467
64038
89305
43634
51572
42293
91795
75618
62276
39256
49639
33401
708
69148
65574
44778
29158
2160
94894
10993
67851
6458
86979
53903
99961
25348
22432
71745
93027
52862
46712
84493
16899
52369
44478
84822
94661
36272
76791
73288
91880
42781
6688
92587
322
323
322
321
320
319
318
317
316
315
314
313
312
311
310
309
308
307
306
305
304
303
302
301
300
299
298
297
296
295
294
293
292
291
290
289
288
287
286
285
284
283
282
281
280
279
278
277
276
275
274
273
272
271
270
269
268
267
266
265
264
263
262
261
260
259
258
257
256
255
254
253
252
251
250
249
248
247
246
245
244
243
242
241
240
239
238
237
236
235
234
233
232
231
230
229
228
227
226
225
224
223
222
221
220
219
218
217
216
215
214
213
212
211
210
209
208
207
206
205
204
203
202
201
200
199
198
197
196
195
194
193
192
191
190
189
188
187
186
185
184
183
182
181
180
179
178
177
176
175
174
173
172
171
170
169
168
167
166
165
164
163
162
161
160
159
158
157
156
155
154
153
152
151
150
149
148
147
146
145
144
143
142
141
140
139
138
137
136
135
134
133
132
131
130
129
128
127
126
125
124
123
122
121
120
119
118
117
116
115
114
113
112
111
110
109
108
107
106
105
104
103
102
101
100
99
98
97
96
95
94
93
92
91
90
89
88
87
86
85
84
83
82
81
80
79
78
77
76
75
74
73
72
71
70
69
68
67
66
65
64
63
62
61
60
59
58
57
56
55
54
53
52
51
50
49
48
47
46
45
44
43
42
41
40
39
38
37
36
35
34
33
32
31
30
29
28
27
26
25
24
23
22
21
20
19
18
17
16
15
14
13
12
11
10
9
8
7
6
5
4
3
2
