1000
99
197
295
393
491
589
687
785
883
981
1079
1177
1275
1373
1471
1569
1667
1765
1863
1961
2059
2157
2255
2353
2451
2549
2647
2745
2843
2941
3039
3137
3235
3333
3431
3529
3627
3725
3823
3921
4019
4117
4215
4313
4411
4509
4607
4705
4803
4901
4999
5097
5195
5293
5391
5489
5587
5685
5783
5881
5979
6077
6175
6273
6371
6469
6567
6665
6763
6861
6959
7057
7155
7253
7351
7449
7547
7645
7743
7841
7939
8037
8135
8233
8331
8429
8527
8625
8723
8821
8919
9017
9115
9213
9311
9409
9507
9605
9703
9801
9899
9997
10095
10193
10291
10389
10487
10585
10683
10781
10879
10977
11075
11173
11271
11369
11467
11565
11663
11761
11859
11957
12055
12153
12251
12349
12447
12545
12643
12741
12839
12937
13035
13133
13231
13329
13427
13525
13623
13721
13819
13917
14015
14113
14211
14309
14407
14505
14603
14701
14799
14897
14995
15093
15191
15289
15387
15485
15583
15681
15779
15877
15975
16073
16171
16269
16367
16465
16563
16661
16759
16857
16955
17053
17151
17249
17347
17445
17543
17641
17739
17837
17935
18033
18131
18229
18327
18425
18523
18621
18719
18817
18915
19013
19111
19209
19307
19405
19503
19601
19699
19797
19895
19993
20091
20189
20287
20385
20483
20581
20679
20777
20875
20973
21071
21169
21267
21365
21463
21561
21659
21757
21855
21953
22051
22149
22247
22345
22443
22541
22639
22737
22835
22933
23031
23129
23227
23325
23423
23521
23619
23717
23815
23913
24011
24109
24207
24305
24403
24501
24599
24697
24795
24893
24991
25089
25187
25285
25383
25481
25579
25677
25775
25873
25971
26069
26167
26265
26363
26461
26559
26657
26755
26853
26951
27049
27147
27245
27343
27441
27539
27637
27735
27833
27931
28029
28127
28225
28323
28421
28519
28617
28715
28813
28911
29009
29107
29205
29303
29401
29499
29597
29695
29793
29891
29989
30087
30185
30283
30381
30479
30577
30675
30773
30871
30969
31067
31165
31263
31361
31459
31557
31655
31753
31851
31949
32047
32145
32243
32341
32439
32537
32635
32733
32831
32929
33027
33125
33223
33321
33419
33517
33615
33713
33811
33909
34007
34105
34203
34301
34399
34497
34595
34693
34791
34889
34987
35085
35183
35281
35379
35477
35575
35673
35771
35869
35967
36065
36163
36261
36359
36457
36555
36653
36751
36849
36947
37045
37143
37241
37339
37437
37535
37633
37731
37829
37927
38025
38123
38221
38319
38417
38515
38613
38711
38809
38907
39005
39103
39201
39299
39397
39495
39593
39691
39789
39887
39985
40083
40181
40279
40377
40475
40573
40671
40769
40867
40965
41063
41161
41259
41357
41455
41553
41651
41749
41847
41945
42043
42141
42239
42337
42435
42533
42631
42729
42827
42925
43023
43121
43219
43317
43415
43513
43611
43709
43807
43905
44003
44101
44199
44297
44395
44493
44591
44689
44787
44885
44983
45081
45179
45277
45375
45473
45571
45669
45767
45865
45963
46061
46159
46257
46355
46453
46551
46649
46747
46845
46943
47041
47139
47237
47335
47433
47531
47629
47727
47825
47923
48021
48119
48217
48315
48413
48511
48609
48707
48805
48903
49001
49099
49197
49295
49393
49491
49589
49687
49785
49883
49981
50079
50177
50275
50373
50471
50569
50667
50765
50863
50961
51059
51157
51255
51353
51451
51549
51647
51745
51843
51941
52039
52137
52235
52333
52431
52529
52627
52725
52823
52921
53019
53117
53215
53313
53411
53509
53607
53705
53803
53901
53999
54097
54195
54293
54391
54489
54587
54685
54783
54881
54979
55077
55175
55273
55371
55469
55567
55665
55763
55861
55959
56057
56155
56253
56351
56449
56547
56645
56743
56841
56939
57037
57135
57233
57331
57429
57527
57625
57723
57821
57919
58017
58115
58213
58311
58409
58507
58605
58703
58801
58899
58997
59095
59193
59291
59389
59487
59585
59683
59781
59879
59977
60075
60173
60271
60369
60467
60565
60663
60761
60859
60957
61055
61153
61251
61349
61447
61545
61643
61741
61839
61937
62035
62133
62231
62329
62427
62525
62623
62721
62819
62917
63015
63113
63211
63309
63407
63505
63603
63701
63799
63897
63995
64093
64191
64289
64387
64485
64583
64681
64779
64877
64975
65073
65171
65269
65367
65465
65563
65661
65759
65857
65955
66053
66151
66249
66347
66445
66543
66641
66739
66837
66935
67033
67131
67229
67327
67425
67523
67621
67719
67817
67915
68013
68111
68209
68307
68405
68503
68601
68699
68797
68895
68993
69091
69189
69287
69385
69483
69581
69679
69777
69875
69973
70071
70169
70267
70365
70463
70561
70659
70757
70855
70953
71051
71149
71247
71345
71443
71541
71639
71737
71835
71933
72031
72129
72227
72325
72423
72521
72619
72717
72815
72913
73011
73109
73207
73305
73403
73501
73599
73697
73795
73893
73991
74089
74187
74285
74383
74481
74579
74677
74775
74873
74971
75069
75167
75265
75363
75461
75559
75657
75755
75853
75951
76049
76147
76245
76343
76441
76539
76637
76735
76833
76931
77029
77127
77225
77323
77421
77519
77617
77715
77813
77911
78009
78107
78205
78303
78401
78499
78597
78695
78793
78891
78989
79087
79185
79283
79381
79479
79577
79675
79773
79871
79969
80067
80165
80263
80361
80459
80557
80655
80753
80851
80949
81047
81145
81243
81341
81439
81537
81635
81733
81831
81929
82027
82125
82223
82321
82419
82517
82615
82713
82811
82909
83007
83105
83203
83301
83399
83497
83595
83693
83791
83889
83987
84085
84183
84281
84379
84477
84575
84673
84771
84869
84967
85065
85163
85261
85359
85457
85555
85653
85751
85849
85947
86045
86143
86241
86339
86437
86535
86633
86731
86829
86927
87025
87123
87221
87319
87417
87515
87613
87711
87809
87907
88005
88103
88201
88299
88397
88495
88593
88691
88789
88887
88985
89083
89181
89279
89377
89475
89573
89671
89769
89867
89965
90063
90161
90259
90357
90455
90553
90651
90749
90847
90945
91043
91141
91239
91337
91435
91533
91631
91729
91827
91925
92023
92121
92219
92317
92415
92513
92611
92709
92807
92905
93003
93101
93199
93297
93395
93493
93591
93689
93787
93885
93983
94081
94179
94277
94375
94473
94571
94669
94767
94865
94963
95061
95159
95257
95355
95453
95551
95649
95747
95845
95943
96041
96139
96237
96335
96433
96531
96629
96727
96825
96923
97021
97119
97217
97315
97413
97511
97609
97707
97805
97903
98001
1000
31461
76267
3444
36054
88047
98502
20751
89919
9886
18350
70318
81001
21961
57500
48840
55859
44523
13011
13859
75332
51864
58032
85166
70881
11259
44725
20950
46656
84548
44583
58289
13686
48917
99832
92111
81031
81699
49293
87012
94619
9402
12550
81420
5964
96065
99354
83690
89867
72439
11732
97564
24876
64527
78829
94340
82513
61847
66795
86971
25585
56007
53739
70682
88653
66006
7669
42201
75534
39415
90969
76866
70198
1247
81977
26101
71252
48852
54506
1299
79004
76245
47225
51920
57876
9824
41440
38677
25400
64981
44491
47642
5892
73436
32377
19907
58389
30756
47300
44723
6714
70371
41235
76142
65321
6714
48556
41905
50847
31196
90073
27307
79958
70426
73441
65136
86045
44659
60904
26617
78274
52386
87685
13980
9629
70810
28981
80866
88881
85251
82790
75179
18595
28817
56989
38425
88762
11147
85100
64033
3004
27133
49309
73626
75640
49566
25613
59966
60933
56408
60566
85887
1994
58477
38510
98172
73702
6201
66005
93903
55054
16424
84564
57577
81523
96121
25168
24120
95391
30605
37809
8117
86784
50872
10495
10784
4593
62567
36301
51005
50479
92615
45484
19159
32034
7478
11244
81351
62614
67167
93347
55009
37862
3448
54069
8336
17928
12898
34036
36989
14523
52262
92763
40145
82186
44836
17965
6176
33770
29987
96778
25090
71977
94468
2746
4785
92273
59386
90658
73114
39545
81080
34145
29687
29581
88457
30699
57414
84236
41391
16040
36953
3220
26050
28572
15777
33465
41977
462
68227
64039
72751
86580
30116
98397
74148
34032
39100
23790
80185
97016
36829
9168
30793
83171
72374
72054
58299
75287
45800
92624
20823
63750
96610
57774
72605
5458
17973
20942
73309
64136
51321
90805
27525
14385
88830
25974
50014
2277
9967
72473
47544
24707
41611
30633
49760
76953
63660
27051
82905
80860
64794
97738
45612
10486
76416
70852
93593
5827
41206
66474
47578
8397
27536
18772
93233
98525
55520
5536
12628
89413
15332
29354
55822
60478
87990
4344
86730
79507
64538
57408
30613
32147
84898
19966
70056
2919
69642
10662
83803
55194
30794
40062
4981
64491
34198
43640
10534
83645
29821
92955
29340
17966
44497
57147
48821
32795
4582
13489
8776
95432
16229
56838
31210
38544
60443
93609
43723
21466
72904
49221
7305
17690
71223
37799
25510
72026
72302
1204
85696
97244
87597
68624
18777
35889
1405
46107
99828
53298
27679
83751
40679
43981
990
49194
1283
65526
37288
36549
56942
96799
90249
99759
55757
93829
60504
69326
66058
30513
74842
86435
26142
81354
35165
68548
39394
83156
57307
52422
52321
12850
40181
14006
95481
89637
40576
62798
60736
62850
11109
4358
29447
96497
86778
99816
11520
51922
11191
57939
26798
93346
56350
66794
32998
29337
77393
94609
37558
9944
72726
63432
55127
52298
13985
89340
6866
40858
55180
96652
53647
48635
92385
54229
83403
70628
6634
73078
82117
44429
84666
69586
32805
71098
34446
8864
42793
35482
33445
65119
86586
89328
86158
4035
20483
97078
14935
13030
93457
68426
84581
32346
67491
78902
90242
34135
96119
2750
18570
83253
87951
44199
46992
66975
74059
84702
61745
2364
17579
46522
41637
17350
36821
36382
59588
94441
16315
50423
28571
20106
1853
93972
70910
9183
10303
29011
69064
6046
99164
61274
94765
6288
43409
90737
23163
7312
64705
4963
13969
56806
86201
92562
48528
77501
73739
22793
43544
95934
18494
75283
30216
99374
228
46886
34833
38467
5858
9001
45987
18428
74331
4580
86653
21178
3535
95858
11758
45022
15919
26181
28301
4487
28379
4896
32692
26794
97247
41248
64589
38101
91589
34578
45540
15332
4210
44912
38863
83020
79238
74309
60294
35303
65178
57791
55326
14242
62552
66613
44769
2253
56159
14192
12914
78613
1478
20432
86727
35662
48635
81671
22046
83578
77434
9040
81189
3884
58455
48720
31637
79871
12958
27588
72387
51588
73053
74037
78225
96047
40508
10564
32729
75395
65225
78904
67799
46327
91780
96791
53515
17891
30692
54370
65892
97278
71854
60799
38639
28469
93011
17076
98850
74268
53667
87498
52141
50101
13666
8100
71237
18660
29570
96728
48355
4775
48920
18526
1603
71101
80203
95155
80338
31527
98780
89912
61355
45810
37085
75485
84084
43156
18461
13475
87177
24388
59525
16074
13852
50216
19930
98999
81403
88560
20048
20278
77007
53486
74169
48233
84239
45076
24866
99976
41453
67700
6670
59018
44209
22911
44325
68387
39324
49501
37887
91188
3057
82239
46469
99344
48757
65655
66445
76202
4952
91261
75003
3310
14222
60521
66895
90585
20675
30577
71389
71416
29667
24626
94445
23115
16290
81376
6725
38321
53847
5758
83253
23395
85516
3774
16595
9752
44962
75075
51556
55153
61620
91841
37565
5642
61706
28503
24092
81589
38572
82863
76902
34131
59696
61268
56451
11800
69300
2766
66506
98274
36158
5873
95024
69857
89174
5114
78037
87937
97505
65335
98327
88377
97126
7193
99549
40898
64945
12308
66934
26268
51234
38533
3328
99706
8376
71139
58526
7032
67009
51986
36042
18615
56004
77306
29437
95395
67657
42645
76747
88169
23742
8175
35174
54269
29430
85090
15488
99160
67330
27131
12742
10141
72803
51383
11486
51022
15209
33845
90754
68915
27071
18357
74061
63105
10334
54508
12760
3473
17432
51463
27109
96848
78033
9051
67862
21673
31970
86546
57545
63771
39886
7305
99278
70911
98336
78331
57562
84113
54926
37083
87481
50423
15136
58183
2970
56910
56583
28204
91342
5274
54191
15121
91485
96401
8748
1901
8590
32029
5643
12757
28516
67819
50231
73662
11487
31249
78890
93781
61953
33137
40017
66928
3712
21387
5519
50669
36512
35484
14508
44665
4432
8024
38633
70047
24689
87638
70924
62367
86225
16692
17895
25777
85847
57499
3109
59052
94428
7212
17935
66349
13145
40032
41255
75054
86150
35574
59105
91153
71666
78008
67165
15017
36838
27356
32191
30099
80394
45755
72527
81830
28905
95423
11458
65663
51577
90601
13433
96685
44197
37746
34095
38074
37973
68839
37339
1878
776
86955
83874
28059
12639
70543
24276
9045
23970
61211
30986
5256
15815
12161
41114
52100
11338
70473
91671
63365
33542
63083
33837
58993
35270
32222
52190
67917
11570
53860
10468
10924
45013
49720
12632
90047
79695
36694
41608
71337
32240
59484
57386
85136
23829
54343
44954
88805
79366
75704
84312
70874
1000
1
2
3
4
5
6
7
8
9
10
11
12
13
14
15
16
17
18
19
20
21
22
23
24
25
26
27
28
29
30
31
32
33
34
35
36
37
38
39
40
41
42
43
44
45
46
47
48
49
50
51
52
53
54
55
56
57
58
59
60
61
62
63
64
65
66
67
68
69
70
71
72
73
74
75
76
77
78
79
80
81
82
83
84
85
86
87
88
89
90
91
92
93
94
95
96
97
98
99
100
101
102
103
104
105
106
107
108
109
110
111
112
113
114
115
116
117
118
119
120
121
122
123
124
125
126
127
128
129
130
131
132
133
134
135
136
137
138
139
140
141
142
143
144
145
146
147
148
149
150
151
152
153
154
155
156
157
158
159
160
161
162
163
164
165
166
167
168
169
170
171
172
173
174
175
176
177
178
179
180
181
182
183
184
185
186
187
188
189
190
191
192
193
194
195
196
197
198
199
200
201
202
203
204
205
206
207
208
209
210
211
212
213
214
215
216
217
218
219
220
221
222
223
224
225
226
227
228
229
230
231
232
233
234
235
236
237
238
239
240
241
242
243
244
245
246
247
248
249
250
251
252
253
254
255
256
257
258
259
260
261
262
263
264
265
266
267
268
269
270
271
272
273
274
275
276
277
278
279
280
281
282
283
284
285
286
287
288
289
290
291
292
293
294
295
296
297
298
299
300
301
302
303
304
305
306
307
308
309
310
311
312
313
314
315
316
317
318
319
320
321
322
323
324
325
326
327
328
329
330
331
332
333
334
335
336
337
338
339
340
341
342
343
344
345
346
347
348
349
350
351
352
353
354
355
356
357
358
359
360
361
362
363
364
365
366
367
368
369
370
371
372
373
374
375
376
377
378
379
380
381
382
383
384
385
386
387
388
389
390
391
392
393
394
395
396
397
398
399
400
401
402
403
404
405
406
407
408
409
410
411
412
413
414
415
416
417
418
419
420
421
422
423
424
425
426
427
428
429
430
431
432
433
434
435
436
437
438
439
440
441
442
443
444
445
446
447
448
449
450
451
452
453
454
455
456
457
458
459
460
461
462
463
464
465
466
467
468
469
470
471
472
473
474
475
476
477
478
479
480
481
482
483
484
485
486
487
488
489
490
491
492
493
494
495
496
497
498
499
500
501
502
503
504
505
506
507
508
509
510
511
512
513
514
515
516
517
518
519
520
521
522
523
524
525
526
527
528
529
530
531
532
533
534
535
536
537
538
539
540
541
542
543
544
545
546
547
548
549
550
551
552
553
554
555
556
557
558
559
560
561
562
563
564
565
566
567
568
569
570
571
572
573
574
575
576
577
578
579
580
581
582
583
584
585
586
587
588
589
590
591
592
593
594
595
596
597
598
599
600
601
602
603
604
605
606
607
608
609
610
611
612
613
614
615
616
617
618
619
620
621
622
623
624
625
626
627
628
629
630
631
632
633
634
635
636
637
638
639
640
641
642
643
644
645
646
647
648
649
650
651
652
653
654
655
656
657
658
659
660
661
662
663
664
665
666
667
668
669
670
671
672
673
674
675
676
677
678
679
680
681
682
683
684
685
686
687
688
689
690
691
692
693
694
695
696
697
698
699
700
701
702
703
704
705
706
707
708
709
710
711
712
713
714
715
716
717
718
719
720
721
722
723
724
725
726
727
728
729
730
731
732
733
734
735
736
737
738
739
740
741
742
743
744
745
746
747
748
749
750
751
752
753
754
755
756
757
758
759
760
761
762
763
764
765
766
767
768
769
770
771
772
773
774
775
776
777
778
779
780
781
782
783
784
785
786
787
788
789
790
791
792
793
794
795
796
797
798
799
800
801
802
803
804
805
806
807
808
809
810
811
812
813
814
815
816
817
818
819
820
821
822
823
824
825
826
827
828
829
830
831
832
833
834
835
836
837
838
839
840
841
842
843
844
845
846
847
848
849
850
851
852
853
854
855
856
857
858
859
860
861
862
863
864
865
866
867
868
869
870
871
872
873
874
875
876
877
878
879
880
881
882
883
884
885
886
887
888
889
890
891
892
893
894
895
896
897
898
899
900
901
902
903
904
905
906
907
908
909
910
911
912
913
914
915
916
917
918
919
920
921
922
923
924
925
926
927
928
929
930
931
932
933
934
935
936
937
938
939
940
941
942
943
944
945
946
947
948
949
950
951
952
953
954
955
956
957
958
959
960
961
962
963
964
965
966
967
968
969
970
971
972
973
974
975
976
977
978
979
980
981
982
983
984
985
986
987
988
989
990
991
992
993
994
995
996
997
998
999
1000
1000
1001
1000
999
998
997
996
995
994
993
992
991
990
989
988
987
986
985
984
983
982
981
980
979
978
977
976
975
974
973
972
971
970
969
968
967
966
965
964
963
962
961
960
959
958
957
956
955
954
953
952
951
950
949
948
947
946
945
944
943
942
941
940
939
938
937
936
935
934
933
932
931
930
929
928
927
926
925
924
923
922
921
920
919
918
917
916
915
914
913
912
911
910
909
908
907
906
905
904
903
902
901
900
899
898
897
896
895
894
893
892
891
890
889
888
887
886
885
884
883
882
881
880
879
878
877
876
875
874
873
872
871
870
869
868
867
866
865
864
863
862
861
860
859
858
857
856
855
854
853
852
851
850
849
848
847
846
845
844
843
842
841
840
839
838
837
836
835
834
833
832
831
830
829
828
827
826
825
824
823
822
821
820
819
818
817
816
815
814
813
812
811
810
809
808
807
806
805
804
803
802
801
800
799
798
797
796
795
794
793
792
791
790
789
788
787
786
785
784
783
782
781
780
779
778
777
776
775
774
773
772
771
770
769
768
767
766
765
764
763
762
761
760
759
758
757
756
755
754
753
752
751
750
749
748
747
746
745
744
743
742
741
740
739
738
737
736
735
734
733
732
731
730
729
728
727
726
725
724
723
722
721
720
719
718
717
716
715
714
713
712
711
710
709
708
707
706
705
704
703
702
701
700
699
698
697
696
695
694
693
692
691
690
689
688
687
686
685
684
683
682
681
680
679
678
677
676
675
674
673
672
671
670
669
668
667
666
665
664
663
662
661
660
659
658
657
656
655
654
653
652
651
650
649
648
647
646
645
644
643
642
641
640
639
638
637
636
635
634
633
632
631
630
629
628
627
626
625
624
623
622
621
620
619
618
617
616
615
614
613
612
611
610
609
608
607
606
605
604
603
602
601
600
599
598
597
596
595
594
593
592
591
590
589
588
587
586
585
584
583
582
581
580
579
578
577
576
575
574
573
572
571
570
569
568
567
566
565
564
563
562
561
560
559
558
557
556
555
554
553
552
551
550
549
548
547
546
545
544
543
542
541
540
539
538
537
536
535
534
533
532
531
530
529
528
527
526
525
524
523
522
521
520
519
518
517
516
515
514
513
512
511
510
509
508
507
506
505
504
503
502
501
500
499
498
497
496
495
494
493
492
491
490
489
488
487
486
485
484
483
482
481
480
479
478
477
476
475
474
473
472
471
470
469
468
467
466
465
464
463
462
461
460
459
458
457
456
455
454
453
452
451
450
449
448
447
446
445
444
443
442
441
440
439
438
437
436
435
434
433
432
431
430
429
428
427
426
425
424
423
422
421
420
419
418
417
416
415
414
413
412
411
410
409
408
407
406
405
404
403
402
401
400
399
398
397
396
395
394
393
392
391
390
389
388
387
386
385
384
383
382
381
380
379
378
377
376
375
374
373
372
371
370
369
368
367
366
365
364
363
362
361
360
359
358
357
356
355
354
353
352
351
350
349
348
347
346
345
344
343
342
341
340
339
338
337
336
335
334
333
332
331
330
329
328
327
326
325
324
323
322
321
320
319
318
317
316
315
314
313
312
311
310
309
308
307
306
305
304
303
302
301
300
299
298
297
296
295
294
293
292
291
290
289
288
287
286
285
284
283
282
281
280
279
278
277
276
275
274
273
272
271
270
269
268
267
266
265
264
263
262
261
260
259
258
257
256
255
254
253
252
251
250
249
248
247
246
245
244
243
242
241
240
239
238
237
236
235
234
233
232
231
230
229
228
227
226
225
224
223
222
221
220
219
218
217
216
215
214
213
212
211
210
209
208
207
206
205
204
203
202
201
200
199
198
197
196
195
194
193
192
191
190
189
188
187
186
185
184
183
182
181
180
179
178
177
176
175
174
173
172
171
170
169
168
167
166
165
164
163
162
161
160
159
158
157
156
155
154
153
152
151
150
149
148
147
146
145
144
143
142
141
140
139
138
137
136
135
134
133
132
131
130
129
128
127
126
125
124
123
122
121
120
119
118
117
116
115
114
113
112
111
110
109
108
107
106
105
104
103
102
101
100
99
98
97
96
95
94
93
92
91
90
89
88
87
86
85
84
83
82
81
80
79
78
77
76
75
74
73
72
71
70
69
68
67
66
65
64
63
62
61
60
59
58
57
56
55
54
53
52
51
50
49
48
47
46
45
44
43
42
41
40
39
38
37
36
35
34
33
32
31
30
29
28
27
26
25
24
23
22
21
20
19
18
17
16
15
14
13
12
11
10
9
8
7
6
5
4
3
2
