93
92778
47794
85387
16650
2363
68691
97764
80541
89173
5212
2568
65783
22863
74068
13930
34023
33070
61394
75012
76230
84422
13785
75199
98316
66414
76092
59957
6863
6997
2306
77085
60337
50847
61314
16125
19583
98815
15435
44044
71088
17277
95789
5404
92755
99933
49677
47740
36227
48095
40796
51435
97468
10098
73318
26653
97302
24287
53866
28445
58441
58032
38098
34482
20710
4568
79498
54587
55307
6220
51529
5733
9504
58271
59709
26341
47797
42619
22847
92922
92380
37765
69842
65194
57035
70125
36988
73744
22228
9860
51433
16438
53276
1475
93
36916
38336
60493
41422
90028
20060
13927
83427
55737
95369
56430
21531
65124
3136
79803
23059
98168
18457
78043
77374
44920
98538
94325
64371
3527
68981
41874
99171
97282
20926
36328
26506
21730
25858
53896
546
33368
90365
13751
26809
47179
93585
2652
12400
95061
93369
10013
98587
97540
80571
60379
66602
12903
70493
60757
60281
9442
29690
46620
44730
8118
5772
90676
98928
77857
72354
76966
64684
28625
32872
48830
30020
63369
86716
18150
724
2246
93452
43556
97489
88229
92351
41501
87765
24915
75857
46492
48366
81937
52552
99229
75408
76122
96
68859
94396
36030
61238
8236
73794
65819
94429
66144
31012
35929
39530
18777
22405
64444
55764
14614
54539
18607
36841
2905
44819
35129
70689
97370
67918
69918
66997
43325
87744
59471
12184
98491
95500
89773
6726
85645
55591
17506
68140
2955
69787
7670
38083
8543
88465
10198
39508
59356
28805
76349
78612
73623
27829
49300
87344
95747
35569
54341
55423
23312
13811
67606
21802
25662
73731
44879
11306
29321
78737
79445
48627
48523
3466
86709
73417
8283
13259
12925
67638
42063
5625
62601
32037
33453
11900
19380
45551
47469
90072
974
87132
3882
84931
8934
45895
96
97
96
95
94
93
92
91
90
89
88
87
86
85
84
83
82
81
80
79
78
77
76
75
74
73
72
71
70
69
68
67
66
65
64
63
62
61
60
59
58
57
56
55
54
53
52
51
50
49
48
47
46
45
44
43
42
41
40
39
38
37
36
35
34
33
32
31
30
29
28
27
26
25
24
23
22
21
20
19
18
17
16
15
14
13
12
11
10
9
8
7
6
5
4
3
2
