638
99
197
295
393
491
589
687
785
883
981
1079
1177
1275
1373
1471
1569
1667
1765
1863
1961
2059
2157
2255
2353
2451
2549
2647
2745
2843
2941
3039
3137
3235
3333
3431
3529
3627
3725
3823
3921
4019
4117
4215
4313
4411
4509
4607
4705
4803
4901
4999
5097
5195
5293
5391
5489
5587
5685
5783
5881
5979
6077
6175
6273
6371
6469
6567
6665
6763
6861
6959
7057
7155
7253
7351
7449
7547
7645
7743
7841
7939
8037
8135
8233
8331
8429
8527
8625
8723
8821
8919
9017
9115
9213
9311
9409
9507
9605
9703
9801
9899
9997
10095
10193
10291
10389
10487
10585
10683
10781
10879
10977
11075
11173
11271
11369
11467
11565
11663
11761
11859
11957
12055
12153
12251
12349
12447
12545
12643
12741
12839
12937
13035
13133
13231
13329
13427
13525
13623
13721
13819
13917
14015
14113
14211
14309
14407
14505
14603
14701
14799
14897
14995
15093
15191
15289
15387
15485
15583
15681
15779
15877
15975
16073
16171
16269
16367
16465
16563
16661
16759
16857
16955
17053
17151
17249
17347
17445
17543
17641
17739
17837
17935
18033
18131
18229
18327
18425
18523
18621
18719
18817
18915
19013
19111
19209
19307
19405
19503
19601
19699
19797
19895
19993
20091
20189
20287
20385
20483
20581
20679
20777
20875
20973
21071
21169
21267
21365
21463
21561
21659
21757
21855
21953
22051
22149
22247
22345
22443
22541
22639
22737
22835
22933
23031
23129
23227
23325
23423
23521
23619
23717
23815
23913
24011
24109
24207
24305
24403
24501
24599
24697
24795
24893
24991
25089
25187
25285
25383
25481
25579
25677
25775
25873
25971
26069
26167
26265
26363
26461
26559
26657
26755
26853
26951
27049
27147
27245
27343
27441
27539
27637
27735
27833
27931
28029
28127
28225
28323
28421
28519
28617
28715
28813
28911
29009
29107
29205
29303
29401
29499
29597
29695
29793
29891
29989
30087
30185
30283
30381
30479
30577
30675
30773
30871
30969
31067
31165
31263
31361
31459
31557
31655
31753
31851
31949
32047
32145
32243
32341
32439
32537
32635
32733
32831
32929
33027
33125
33223
33321
33419
33517
33615
33713
33811
33909
34007
34105
34203
34301
34399
34497
34595
34693
34791
34889
34987
35085
35183
35281
35379
35477
35575
35673
35771
35869
35967
36065
36163
36261
36359
36457
36555
36653
36751
36849
36947
37045
37143
37241
37339
37437
37535
37633
37731
37829
37927
38025
38123
38221
38319
38417
38515
38613
38711
38809
38907
39005
39103
39201
39299
39397
39495
39593
39691
39789
39887
39985
40083
40181
40279
40377
40475
40573
40671
40769
40867
40965
41063
41161
41259
41357
41455
41553
41651
41749
41847
41945
42043
42141
42239
42337
42435
42533
42631
42729
42827
42925
43023
43121
43219
43317
43415
43513
43611
43709
43807
43905
44003
44101
44199
44297
44395
44493
44591
44689
44787
44885
44983
45081
45179
45277
45375
45473
45571
45669
45767
45865
45963
46061
46159
46257
46355
46453
46551
46649
46747
46845
46943
47041
47139
47237
47335
47433
47531
47629
47727
47825
47923
48021
48119
48217
48315
48413
48511
48609
48707
48805
48903
49001
49099
49197
49295
49393
49491
49589
49687
49785
49883
49981
50079
50177
50275
50373
50471
50569
50667
50765
50863
50961
51059
51157
51255
51353
51451
51549
51647
51745
51843
51941
52039
52137
52235
52333
52431
52529
52627
52725
52823
52921
53019
53117
53215
53313
53411
53509
53607
53705
53803
53901
53999
54097
54195
54293
54391
54489
54587
54685
54783
54881
54979
55077
55175
55273
55371
55469
55567
55665
55763
55861
55959
56057
56155
56253
56351
56449
56547
56645
56743
56841
56939
57037
57135
57233
57331
57429
57527
57625
57723
57821
57919
58017
58115
58213
58311
58409
58507
58605
58703
58801
58899
58997
59095
59193
59291
59389
59487
59585
59683
59781
59879
59977
60075
60173
60271
60369
60467
60565
60663
60761
60859
60957
61055
61153
61251
61349
61447
61545
61643
61741
61839
61937
62035
62133
62231
62329
62427
62525
638
6022
32950
27441
43886
88412
64183
76654
46292
84543
57309
23740
82058
69185
96729
18874
60924
25567
41037
71018
9432
31640
42368
74065
217
56491
70758
9676
20836
962
59953
34856
93786
47452
29781
19744
26954
45529
92380
7035
94551
82824
60107
50827
87711
14858
4326
1242
42839
32934
99866
44534
36764
28844
26006
38090
99403
18568
46116
56803
53885
14192
54076
72673
96829
2236
90987
56218
36830
89596
53643
16095
97653
45258
36759
93945
6423
65204
56272
90116
59834
66147
39120
11273
56480
71488
61256
79520
54947
2676
43189
98699
37460
26461
18131
46832
8928
45136
84397
56700
73628
50998
32121
93791
87998
95124
25791
97148
90429
73333
72889
19226
82197
62566
37121
23821
47453
61982
38039
99344
84943
57221
20994
6686
10680
52684
16534
81735
52622
65323
63566
16841
96665
23294
67298
60738
49809
95676
21381
14927
82380
31980
55870
13995
74367
14584
1164
81653
42950
48882
60287
95191
60280
97248
9579
13721
79783
7223
75766
60495
33238
20767
39206
64933
40069
25106
39785
26802
27513
81725
52575
45401
73848
713
6544
32449
85342
23238
88338
39406
1985
61465
1158
58185
45018
82113
68057
62653
96488
24222
73628
75516
42589
16220
86923
92036
36487
47028
58117
82665
61473
33430
92291
4137
8503
8161
17732
73803
82428
23950
61998
90961
85837
36127
59552
79792
99920
83256
42007
97340
32102
48990
89175
42857
29165
73656
99143
89645
18956
61637
77266
32234
71000
85747
2882
79866
88585
1168
67999
98416
27181
4677
53040
44007
52796
66854
63422
39950
30928
80131
8781
85144
21555
24179
46686
19421
11017
32893
51122
68755
98893
66682
51046
29439
32326
15782
18620
71174
19939
62432
50650
56842
38652
58426
66633
10043
79139
60543
99707
28509
48605
5842
77919
23750
5071
64481
736
50089
27408
29161
52045
92268
32278
77719
91846
80368
83221
24026
79575
58997
66660
73068
93855
6782
48022
48005
7848
63953
25786
4813
80602
74433
87740
24961
62584
84663
56490
96638
80887
87957
72065
61678
8936
36389
5
85056
42733
44428
57945
30491
86049
82475
72883
25585
15234
15381
65853
83562
35392
42213
77503
16002
86755
83412
62521
14282
29054
23810
92219
4761
79286
94750
46255
52629
14613
17042
22108
45054
26176
2616
42366
86320
13653
22412
75874
13324
80017
33000
19088
7916
96821
58518
7057
76846
48388
54632
96359
94877
67432
32234
60811
47520
86334
83449
98851
71824
49026
63656
66616
5665
36314
38461
33951
75387
66976
77390
69529
84965
38132
93986
92481
49005
45205
13939
69513
59528
12603
71202
31324
64286
54207
42436
99288
12300
28517
90753
4797
78855
85121
78174
45100
93162
52040
20607
10950
98013
75624
21595
84200
45034
56531
50064
91894
44033
54415
47998
92610
73568
21874
28011
11771
30684
82822
95008
18876
12440
92178
69438
24125
77437
68379
94405
99298
5636
78498
86698
92372
10365
2363
91270
61765
12996
98916
54366
28606
34283
73588
57971
96659
26760
29955
81776
79894
30223
30216
36197
41552
62275
64329
96212
64793
89918
75533
43969
44198
63698
537
45534
53965
79037
13599
92512
80777
44674
87777
54392
4082
23654
8549
68156
38350
59603
10030
52019
97244
64526
78991
15048
44527
21225
16957
33928
36276
33356
25203
13923
49717
35141
95012
40092
50917
35801
10709
6026
26921
36594
19217
13971
28102
16669
65190
33207
53171
7355
88209
73141
84766
69031
76140
83413
18658
95993
6879
26071
73641
4635
6033
70087
22539
23736
41239
66223
22168
54183
26661
34071
73953
15897
72730
32162
1057
85200
90988
98995
49079
56976
35958
49026
74802
72784
73506
63133
85973
60992
37347
5072
29948
78195
78260
50812
16270
50360
47336
26704
18944
39952
39045
56259
14816
83719
26755
6916
11764
93989
78650
33714
85291
63498
99809
71115
6039
27552
46853
86453
17412
30181
91665
33571
54909
9803
5063
61181
43940
72034
31230
78851
86918
98703
22916
28142
71678
17196
28122
83121
94677
65644
52791
39147
67853
73182
70681
52702
91139
24072
52911
70733
26888
87929
38694
492
1
2
3
4
5
6
7
8
9
10
11
12
13
14
15
16
17
18
19
20
21
22
23
24
25
26
27
28
29
30
31
32
33
34
35
36
37
38
39
40
41
42
43
44
45
46
47
48
49
50
51
52
53
54
55
56
57
58
59
60
61
62
63
64
65
66
67
68
69
70
71
72
73
74
75
76
77
78
79
80
81
82
83
84
85
86
87
88
89
90
91
92
93
94
95
96
97
98
99
100
101
102
103
104
105
106
107
108
109
110
111
112
113
114
115
116
117
118
119
120
121
122
123
124
125
126
127
128
129
130
131
132
133
134
135
136
137
138
139
140
141
142
143
144
145
146
147
148
149
150
151
152
153
154
155
156
157
158
159
160
161
162
163
164
165
166
167
168
169
170
171
172
173
174
175
176
177
178
179
180
181
182
183
184
185
186
187
188
189
190
191
192
193
194
195
196
197
198
199
200
201
202
203
204
205
206
207
208
209
210
211
212
213
214
215
216
217
218
219
220
221
222
223
224
225
226
227
228
229
230
231
232
233
234
235
236
237
238
239
240
241
242
243
244
245
246
247
248
249
250
251
252
253
254
255
256
257
258
259
260
261
262
263
264
265
266
267
268
269
270
271
272
273
274
275
276
277
278
279
280
281
282
283
284
285
286
287
288
289
290
291
292
293
294
295
296
297
298
299
300
301
302
303
304
305
306
307
308
309
310
311
312
313
314
315
316
317
318
319
320
321
322
323
324
325
326
327
328
329
330
331
332
333
334
335
336
337
338
339
340
341
342
343
344
345
346
347
348
349
350
351
352
353
354
355
356
357
358
359
360
361
362
363
364
365
366
367
368
369
370
371
372
373
374
375
376
377
378
379
380
381
382
383
384
385
386
387
388
389
390
391
392
393
394
395
396
397
398
399
400
401
402
403
404
405
406
407
408
409
410
411
412
413
414
415
416
417
418
419
420
421
422
423
424
425
426
427
428
429
430
431
432
433
434
435
436
437
438
439
440
441
442
443
444
445
446
447
448
449
450
451
452
453
454
455
456
457
458
459
460
461
462
463
464
465
466
467
468
469
470
471
472
473
474
475
476
477
478
479
480
481
482
483
484
485
486
487
488
489
490
491
492
492
493
492
491
490
489
488
487
486
485
484
483
482
481
480
479
478
477
476
475
474
473
472
471
470
469
468
467
466
465
464
463
462
461
460
459
458
457
456
455
454
453
452
451
450
449
448
447
446
445
444
443
442
441
440
439
438
437
436
435
434
433
432
431
430
429
428
427
426
425
424
423
422
421
420
419
418
417
416
415
414
413
412
411
410
409
408
407
406
405
404
403
402
401
400
399
398
397
396
395
394
393
392
391
390
389
388
387
386
385
384
383
382
381
380
379
378
377
376
375
374
373
372
371
370
369
368
367
366
365
364
363
362
361
360
359
358
357
356
355
354
353
352
351
350
349
348
347
346
345
344
343
342
341
340
339
338
337
336
335
334
333
332
331
330
329
328
327
326
325
324
323
322
321
320
319
318
317
316
315
314
313
312
311
310
309
308
307
306
305
304
303
302
301
300
299
298
297
296
295
294
293
292
291
290
289
288
287
286
285
284
283
282
281
280
279
278
277
276
275
274
273
272
271
270
269
268
267
266
265
264
263
262
261
260
259
258
257
256
255
254
253
252
251
250
249
248
247
246
245
244
243
242
241
240
239
238
237
236
235
234
233
232
231
230
229
228
227
226
225
224
223
222
221
220
219
218
217
216
215
214
213
212
211
210
209
208
207
206
205
204
203
202
201
200
199
198
197
196
195
194
193
192
191
190
189
188
187
186
185
184
183
182
181
180
179
178
177
176
175
174
173
172
171
170
169
168
167
166
165
164
163
162
161
160
159
158
157
156
155
154
153
152
151
150
149
148
147
146
145
144
143
142
141
140
139
138
137
136
135
134
133
132
131
130
129
128
127
126
125
124
123
122
121
120
119
118
117
116
115
114
113
112
111
110
109
108
107
106
105
104
103
102
101
100
99
98
97
96
95
94
93
92
91
90
89
88
87
86
85
84
83
82
81
80
79
78
77
76
75
74
73
72
71
70
69
68
67
66
65
64
63
62
61
60
59
58
57
56
55
54
53
52
51
50
49
48
47
46
45
44
43
42
41
40
39
38
37
36
35
34
33
32
31
30
29
28
27
26
25
24
23
22
21
20
19
18
17
16
15
14
13
12
11
10
9
8
7
6
5
4
3
2
