1000
71823
7199
13752
26501
81261
100000
87121
96502
65155
95773
88909
3296
30578
69102
81144
67784
69280
100000
11528
10141
95386
16011
84233
99128
12104
35015
57147
32773
100000
63117
55920
10129
58139
60967
48277
100000
28061
44357
97456
69458
9874
72736
45862
16459
39935
41362
27723
57584
100000
61247
30163
58390
73244
421
93365
100000
6587
50321
36351
34318
52129
33716
100000
99630
76134
100000
8735
1053
100000
38776
39410
22706
19159
92126
100000
59745
25792
41128
100000
75617
67394
48410
8872
72948
31897
100000
100000
12803
74062
70805
75359
11300
95525
100000
24909
27952
100000
100000
35505
100000
100000
21762
100000
11443
60911
643
28682
91126
46010
4924
12411
98326
39614
7870
72208
75147
54927
100000
15317
71923
86223
99170
19414
82292
94391
27760
5517
100000
100000
69321
100000
91640
2241
40570
42390
75818
100000
10398
59547
100000
48799
20675
45023
100000
79515
38759
27785
21646
91720
100000
100000
36377
82777
24493
4824
19451
100000
50224
100000
95249
2264
50625
41501
100000
100000
6504
100000
11939
70644
87347
22755
92630
67902
60079
40888
77395
13898
21460
77184
72201
28648
100000
87523
90676
34380
44064
751
91748
100000
19874
2181
8504
34562
100000
100000
87923
100000
60550
60212
45935
93249
44323
87223
89109
79247
70296
82388
98828
78618
48268
75298
100000
91569
32149
100000
100000
97964
36749
50879
61981
91959
27115
68597
4743
93282
72246
6392
86508
11954
6230
30382
61995
73539
94849
21641
83419
10210
32764
24441
100000
100000
10118
100000
35996
89335
22245
20271
21015
44810
19171
68698
100000
98529
78543
83418
80818
48425
36837
42758
96588
74820
53611
47815
4621
57856
100000
33471
17887
93392
100000
77424
54323
42969
91594
100000
7942
33222
100000
4337
14120
3235
16500
84187
19103
10879
100000
100000
88660
26527
77696
100000
100000
21121
100000
100000
100000
21962
66635
47330
74919
54081
97256
61076
30137
13899
59778
74343
100000
100000
45982
27209
100000
24687
43731
52396
56317
65278
99073
100000
52289
41138
100000
45534
87271
10692
25022
15831
78024
39589
72444
72320
100000
23504
67749
77611
43904
89788
50736
93082
41862
92689
44435
42492
59063
95082
100000
100000
74263
100000
100000
93310
40728
100000
19895
47697
97241
66917
100000
70072
43994
44489
59107
29261
81409
54694
83728
31027
16204
98326
2052
21447
93735
99910
11676
100000
67616
57594
80975
29513
72857
69146
84579
100000
35767
60942
31132
73491
100000
86796
52265
24136
73070
52043
100000
67433
100000
21054
26568
40567
91328
18711
91566
100000
32342
100000
5364
83903
73460
11909
86341
100000
57485
33195
96094
100000
55511
85574
86099
84291
100000
75816
74236
100000
41506
70546
86288
83364
100000
92746
54870
7688
10
100000
25503
71155
14984
85262
85804
9028
100000
17045
73819
12279
73202
50840
20858
73801
72065
33037
47138
66702
61484
23165
44051
1330
40741
78400
100000
77758
82873
39363
61284
41973
31665
69964
25609
100000
46534
67004
13024
33420
9259
89959
71705
50205
51119
20921
91624
100000
93807
32918
83964
52189
81280
28993
16376
93227
72218
90408
100000
3170
6470
49827
100000
41311
74514
100000
25279
86079
10775
89063
87652
88953
100000
52674
90232
100000
10393
42584
100000
72808
75287
100000
535
55024
24540
22533
49181
97333
100000
53512
12057
94290
100000
85182
58506
60848
100000
82796
52631
100000
74556
78252
38879
55424
86257
10421
100000
100000
19340
10526
78657
100000
83485
32259
17769
30067
100000
100000
265
36439
59176
100000
81664
100000
84833
3049
28806
11587
1787
100000
100000
47017
75100
62833
33976
100000
83474
277
100000
73890
17271
69444
69560
99935
60118
53359
66799
100000
15360
77379
100000
49728
98358
18857
38573
11813
46083
7271
26306
92147
67825
79808
57106
100000
100000
42678
38628
100000
100000
100000
44006
81666
67963
100000
84688
52848
19052
63791
95016
4505
100000
2953
23551
100000
79437
54128
100000
17119
100000
93682
100000
44680
33474
69106
100000
80079
86575
32011
90198
53213
4077
100000
30274
45039
100000
17348
80391
5342
26025
96909
19475
15118
83260
100000
83256
37765
100000
100000
100000
100000
100000
31400
40882
43765
19551
31315
52272
100000
100000
100000
3902
10435
82463
84186
35359
48188
100000
100000
100000
100000
74384
29603
95615
56316
35535
26776
100000
34082
48393
22552
21197
100000
60445
100000
70590
94025
97002
52224
2261
100000
100000
100000
42966
3450
99866
9740
81834
85634
41190
100000
58586
100000
18966
46453
96319
46754
18352
57053
79295
49184
37425
58344
54024
100000
36986
91408
13519
2984
100000
37149
11917
28139
59890
1193
45045
11242
62258
16112
64352
46623
100000
12589
33988
37763
47349
54875
16922
53399
53892
87565
59833
48
23401
66346
68815
85667
42327
100000
100000
13548
99028
80817
100000
100000
100000
18191
100000
46438
68014
22078
27812
5590
51656
100000
17555
100000
12903
98488
77765
65783
25249
64835
100000
14740
74862
53518
13852
3083
54370
86610
24729
100000
100000
28130
44393
36653
100000
100000
53329
33060
98807
100000
63485
72081
29721
19847
64657
78599
100000
100000
21927
34159
26708
100000
53337
88272
54901
100000
53603
63144
9578
96295
53327
100000
58117
3537
43174
59635
27071
50205
5058
83210
100000
93840
100000
1183
74943
41779
18757
100000
2970
27056
95999
97475
25127
100000
78855
81467
6793
100000
25981
57600
43647
98138
70739
48690
33910
100000
63880
47825
100000
3138
100000
88668
94025
36123
31769
725
83237
100000
100000
99098
12809
100000
3995
100000
37862
100000
39564
100000
29665
51761
3501
14021
16964
100000
10851
78495
100000
100000
18326
97206
91764
39602
11908
95978
68483
100000
73476
82248
39582
100000
12433
11236
100000
19715
95078
5362
100000
100000
76429
38286
12363
23316
23602
51559
23165
92332
57184
100000
33986
75512
62380
4952
100000
100000
71857
3201
71656
9399
46145
3981
62434
11850
79320
100000
92780
24970
95513
93949
54965
24885
43887
27145
45215
100000
71136
49007
1021
2389
37294
100000
12264
62462
85280
100000
100000
10745
60533
88455
67133
100000
86269
76054
12915
100000
43226
22786
3563
100000
36639
94421
78205
100000
95823
95605
65713
51075
100000
43559
84137
16261
11621
49555
42664
50374
98904
80267
94155
25943
100000
99168
2591
1781
100000
5693
33259
57423
838
60329
62123
73460
11220
20493
18612
61766
7973
11083
50493
