1000
97446
100000
100000
3715
7316
81228
70792
100000
10759
1052
80393
95010
100000
86248
2057
100000
89849
4959
7138
12809
10336
16097
45470
75193
89127
80483
54654
75163
9568
43733
63589
100000
61033
100000
77674
25866
68561
100000
37979
28586
64884
29534
26233
18458
56497
38416
70782
100000
55294
74069
38893
59967
71335
100000
100000
52256
100000
31256
100000
82431
25857
100000
19451
4089
81428
100000
100000
12906
82232
28932
100000
100000
42220
52354
86316
100000
100000
74540
62044
100000
27289
71419
48540
11469
100000
51808
69478
100000
75449
100000
100000
96086
47907
56050
62490
99635
43
54088
100000
38202
41054
64003
98387
100000
41098
87008
59546
39509
74401
84697
67428
96192
100000
79430
100000
17893
57993
77629
100000
95157
52832
31935
57870
42949
65081
100000
100000
15491
39042
97788
100000
69292
59100
91247
100000
100000
100000
37122
17438
100000
25965
50530
57338
69633
32767
4116
21392
56627
100000
64992
72807
100000
90789
70380
100000
100000
52746
26874
20913
100000
28204
67541
38521
70059
94778
44009
34633
84091
50704
100000
96648
26879
2918
43452
69963
38092
100000
62593
252
22281
4705
82408
100000
17415
63943
99016
100000
90469
513
57255
23316
82598
28236
61166
49843
39767
81965
13040
80658
59830
15802
39823
38404
626
100000
91904
28753
100000
93746
14642
95196
37133
51311
51486
16792
93615
90177
50021
100000
70336
100000
61646
17
100000
31814
100000
100000
51736
6778
40033
17169
88964
95265
46007
60431
100000
38129
27986
33775
70686
13167
24669
100000
83821
59090
97029
57622
100000
100000
90683
100000
69433
91835
69194
99240
100000
36796
38002
92290
100000
23901
100000
28622
100000
83455
90998
95218
100000
60034
100000
100000
50003
91309
93620
2654
16683
50419
20307
15987
67781
100000
24553
62609
28882
47553
76554
88030
32372
34438
15969
60789
81869
63835
46838
30767
98811
73183
100000
44504
82917
100000
93058
100000
94362
55828
100000
40245
49272
100000
100000
27312
24241
100000
100000
100000
14077
48704
100000
46913
100000
19866
46307
21232
19233
45351
100000
69480
95421
76708
85419
375
100000
5627
80021
57547
44015
11664
30920
22963
35098
58043
100000
86748
17333
36160
88625
70002
13800
24433
63722
88892
84134
100000
24228
64150
76754
6554
16300
43661
100000
18420
100000
100000
30575
100000
51381
100000
57975
87089
93790
68795
100000
147
6925
43625
100000
100000
79385
69901
100000
97339
100000
34000
100000
25585
93886
33046
7506
60498
26214
100000
80883
45413
100000
87385
11549
100000
53095
30891
73603
76529
50673
6900
100000
85100
77204
35142
55865
100000
89182
69312
52163
100000
100000
60085
100000
55783
75469
13349
100000
100000
31886
97034
64135
48849
55167
87095
45430
32270
4246
29392
35714
43749
100000
78552
100000
24483
50910
97286
56756
96727
100000
100000
38491
49801
66062
11658
9100
46036
19147
84234
80896
63429
100000
93507
17411
7797
43724
6004
17220
53719
52475
100000
100000
69344
100000
100000
52051
49949
73187
46993
36985
8051
83975
70882
22861
9879
60661
100000
78447
100000
85735
39561
100000
100000
26092
100000
17717
42906
50307
63555
75544
100000
3241
91958
40654
100000
95854
49464
48419
100000
62643
100000
3340
52504
18889
19324
100000
79077
100000
5680
14505
32860
34011
83688
8370
100000
39223
100000
3882
100000
83541
74429
30671
26138
100000
100000
29821
1094
13301
16410
44284
100000
32090
44968
18485
84409
18383
58182
61974
100000
87777
21248
83633
36666
21084
34819
83515
18542
100000
57765
24876
29079
12100
78277
19497
71076
100000
84431
13315
79514
61012
22870
73910
98351
6008
48341
78962
86240
44327
52600
4931
61236
41845
37001
65059
27142
32930
64362
57428
82620
91110
97451
91483
33897
100000
100000
47115
3261
100000
87307
50142
18518
66472
100000
100000
71270
100000
99914
100000
4638
65078
63343
10248
65700
90731
100000
26727
100000
100000
17366
84173
16410
85826
50788
27811
4481
75986
55838
68050
84821
49400
2152
31022
71418
100000
100000
100000
5234
1702
100000
61536
13980
42258
59980
100000
9350
74764
32678
100000
41546
100000
94775
91409
77967
8127
37547
22954
980
41783
86102
48002
58816
40417
26201
99075
86006
100000
100000
33911
31071
37819
37599
90322
97912
99820
27449
5865
49737
41581
511
91823
100000
88548
3890
64717
30679
53194
100000
100000
56491
52050
80898
50688
100000
74160
100000
97619
100000
26242
1112
54759
25993
77803
72220
15241
100000
50867
5299
90516
100000
37003
100000
17865
100000
86654
46865
35053
11208
39426
51284
44091
100000
51788
16005
100000
72842
100000
63333
100000
100000
12423
7859
440
54812
94038
66814
25986
100000
16491
72340
100000
16838
96272
78120
81823
8615
88546
56432
99454
39349
10949
21705
87923
35029
12814
100000
95434
6035
10592
22117
100000
76560
29121
1177
7874
96615
100000
58637
41411
97319
39418
41116
74317
100000
205
97409
100000
78549
18101
39039
33935
100000
31201
81272
30278
100000
8302
39061
9503
37318
74964
100000
26719
81595
71756
55526
74248
34309
6152
61132
38364
34721
39528
100000
100000
82607
100000
8763
100000
100000
12870
4397
83667
1853
21784
31603
85580
69258
6091
24527
54583
58340
35049
100000
85808
92996
18462
100000
76612
74492
23422
90456
61698
22001
100000
100000
71124
98555
100000
20123
15989
54541
64109
100000
94967
100000
18836
100000
14162
97466
81195
58937
100000
100000
25854
13461
67806
19824
42181
25903
14787
915
41475
78885
26284
61983
71771
52666
73640
50794
66127
5146
63121
100000
9595
97225
23602
74086
22031
6672
88405
100000
88713
100000
50037
46718
50935
35690
66945
100000
100000
74382
66837
38093
100000
1552
100000
50704
47836
10629
20180
8676
75792
92865
16802
16038
100000
100000
21591
675
23930
67945
9415
96015
52527
63319
40533
56960
61043
100000
11550
82006
1326
100000
38605
56578
75688
100000
100000
100000
42536
83521
41633
78691
100000
12080
85956
40112
100000
47759
24459
19210
100000
100000
68037
100000
10612
100000
100000
100000
73317
87494
2279
6908
43489
93798
100000
100000
100000
5378
7795
87245
69636
1192
83505
100000
63651
80531
12189
100000
42497
63530
46520
86629
35445
35045
54019
68441
96128
100000
89488
21011
4538
71933
32685
71117
17724
16534
13356
58523
71939
8212
70247
100000
49758
50539
97721
72739
72802
100000
39849
100000
100000
100000
96264
80901
64608
100000
100000
