1000
35671
21650
76426
91892
81218
42655
63902
96393
24971
56188
100000
12972
71161
100000
69695
31535
34415
40424
73078
25628
85575
100000
68184
50531
82607
2013
31939
5322
100000
24461
43488
11582
39195
100000
33420
63444
100000
26594
31227
42734
95297
100000
21378
50523
1053
55181
57152
94974
30418
12466
100000
100000
52431
37826
100000
13498
100000
100000
100000
69469
37425
74278
80501
31602
30699
14550
77128
60
54671
7225
5021
5220
38696
25665
95119
13724
100000
38588
4914
4158
40583
100000
98441
21171
100000
51621
30318
31753
63236
10832
51852
55452
45550
100000
100000
86772
8960
75346
100000
51820
34887
17393
84947
29366
2757
97918
83696
6865
90792
100000
19898
75310
46023
100000
71721
50149
95777
76834
95194
8009
86767
36631
69187
67670
75159
52400
83115
95057
10054
75776
89556
45049
99453
1632
52264
98920
100000
100000
100000
63502
50931
66421
82152
93171
85158
100000
53862
100000
93087
13053
74380
23433
65773
100000
95609
97037
18479
44089
84510
15124
78124
23880
61675
51432
100000
66195
4657
58217
6814
50258
51558
1237
27534
48911
53267
45109
62174
67897
23225
45409
79562
43572
76115
41290
100000
8695
52928
50843
52122
43581
8810
5484
48439
80939
86482
100000
100000
78275
100000
29821
49806
49221
37904
38851
35363
100000
69143
64736
38735
39875
17391
63007
16044
100000
41976
47376
18198
40538
14784
20177
25083
100000
15306
76378
23791
18397
28232
100000
90471
21358
4054
75281
35084
82583
79564
100000
74688
19952
11623
69631
100000
74718
49140
100000
100000
100000
11866
33388
92288
100000
10364
18000
100000
97206
26245
53077
100000
100000
36153
24559
51682
100000
100000
100000
814
48106
49655
98471
100000
100000
79946
53749
95178
27492
499
12005
25557
83134
21293
24271
100000
70129
91083
49301
73456
25385
100000
12489
100000
32775
8262
23925
96390
100000
37748
43968
74577
60837
92147
99758
89597
28382
100000
23805
90688
42218
35294
29939
19488
12681
100000
8708
57618
82639
19546
56126
93880
100000
43982
76326
93894
100000
25502
76941
14330
100000
85475
100000
100000
34969
91267
100000
39822
4416
100000
50159
3766
37762
100000
6195
65255
517
27684
15114
100000
1760
74673
21173
75230
77144
56510
100000
100000
100000
15786
70761
32990
39734
38586
7586
21175
38664
100000
70364
63992
71090
89830
570
66532
6712
18097
70805
80889
43821
68366
63373
50381
7901
62619
91920
70764
2059
85468
12552
5896
62430
76992
45461
54993
43240
80385
83514
98309
86121
67246
100000
59703
100000
95970
100000
100000
68806
63838
57130
59916
47473
100000
74280
85325
60781
76559
100000
100000
21946
36096
79011
43283
98283
92302
59636
12685
100000
65778
40050
76545
91625
77062
55639
47508
47014
84852
85699
47801
21090
74500
26675
11529
64648
13294
56169
77477
13054
82488
88520
54807
100000
41350
4210
14633
42985
14554
59389
100000
80608
21159
89176
69493
22030
69861
84028
91440
93365
49137
3012
40656
100000
100000
42173
91991
16743
93022
69835
81294
4102
58249
100000
100000
59003
20720
82438
100000
34009
100000
38
49695
36011
100000
23208
75575
91908
100000
55440
81088
24449
27314
96561
7671
100000
40227
45323
65200
99897
100000
100000
72472
70108
56293
100000
100000
100000
20418
61989
1044
99689
1767
47639
21168
88123
49332
74121
81465
100000
97843
12189
86686
60674
93398
100000
100000
89718
80724
93197
37080
50843
100000
12312
55545
100000
28073
5458
74328
40783
100000
31814
100000
88724
38965
100000
100000
35528
100000
25542
100000
26731
63577
49508
100000
52416
93648
100000
3187
12248
34039
20703
24080
21147
100000
34442
98503
25370
63909
41844
87081
93003
65971
5588
29109
30206
74415
100000
12160
61391
16883
100000
17185
68605
45028
46525
7415
100000
93905
66836
61137
78526
100000
42234
2231
7371
11305
84680
17656
92680
76721
73502
11350
48803
23505
27161
61929
10102
68383
100000
14824
100000
100000
8275
29238
100000
24813
26684
87542
25068
16289
25034
87282
93233
75751
100000
15024
8575
43819
98201
26792
10120
91794
100000
7519
100000
53658
100000
9427
76653
64994
67442
100000
60764
11923
100000
55047
78164
71911
38774
100000
21308
100000
4136
31699
45627
76135
45069
32600
41570
27397
12874
100000
70901
100000
67070
8415
46885
24645
9128
61400
72496
21292
49539
100000
95124
100000
76874
100000
100000
100000
71947
65776
18777
100000
7449
98163
57248
60815
66631
87857
98344
10016
51143
524
100000
53381
14158
59224
20007
51377
73939
77267
54310
100000
9297
56736
3659
83904
1847
65951
53628
80153
19785
64117
85252
50684
12000
20243
6837
100000
100000
41067
9900
100000
100000
8177
100000
17721
29250
68348
18477
6079
68237
100000
86480
78267
1607
100000
73347
61634
3591
48059
34595
100000
41236
42969
61465
89789
41884
7832
69157
100000
25753
84882
28236
66425
2867
31129
100000
61304
76689
100000
62682
100000
100000
100000
6502
88994
19614
27
32957
42307
98965
67907
24720
8135
85993
100000
19044
66428
96965
39167
100000
33322
56871
35593
71130
94548
89781
11698
33541
84401
23782
71776
89303
100000
34276
67799
48738
73587
80505
99460
16396
29282
76269
9079
90505
8527
97741
62909
93060
100000
33019
99158
20722
100000
100000
38953
22750
100000
6688
92015
1060
32277
40017
86073
45443
67915
20130
13588
100000
100000
95720
79270
15654
100000
28149
74227
37929
32564
100000
72932
34891
85724
5130
100000
3375
100000
27132
60156
19480
63085
95875
96386
100000
2901
84309
10913
52951
32186
71350
29969
100000
100000
100000
35620
28105
72430
6095
28032
100000
23400
4746
76656
35221
94976
3769
23568
94145
59191
100000
22744
10313
52897
5064
30828
100000
49244
100000
100000
35798
50917
45780
69649
77149
100000
27993
91518
92589
16146
100000
42676
45754
100000
28
63157
77586
96707
76473
58300
20447
100000
1823
56455
100000
100000
95753
77658
22300
30904
64264
100000
55622
90153
22516
22624
55010
82924
70743
72758
78699
24163
39335
100000
99084
97387
32194
43610
100000
39599
51053
100000
99402
20142
32195
65175
54938
66297
28273
47434
65237
49416
31312
10547
89521
60827
15
55502
91984
29946
100000
70548
24782
13642
57502
6224
98862
92233
30741
100000
69578
72056
100000
92924
28940
43668
52084
21674
100000
48418
71794
18615
82917
85208
100000
49805
98845
100000
74593
75721
82430
79182
37556
47980
26496
100000
86790
