1000
24187
4046
71694
1082
73997
54367
100000
79660
51220
71993
42782
58806
96619
41664
100000
100000
64737
100000
22710
12218
100000
78540
96815
50869
13285
88276
55913
100000
97349
26833
19907
11211
74776
24309
100000
37958
44208
87711
100000
87239
26116
76573
25344
8340
66627
100000
100000
100000
41490
166
82152
93974
46745
43004
56541
15254
2853
86669
100000
70563
19597
100000
15046
91710
20579
33032
15012
100000
39198
64507
11545
67285
10581
60379
40810
38067
35937
40927
73137
35953
31968
91037
63516
76600
65313
95637
48911
14255
2024
51174
56758
31217
18472
26477
100000
46076
58793
100000
94030
26737
53316
17276
50109
99510
10678
69025
40520
85545
79116
12255
58168
57749
84871
31414
100000
22604
100000
22809
53777
32368
23669
70952
50750
97625
96866
100000
84074
100000
989
87231
100000
65260
43180
20478
26602
68033
10363
67180
7001
18432
12719
50311
14220
67293
73377
57337
24367
56727
91678
20986
45506
61807
91219
100000
43234
83382
56063
87620
100000
100000
99583
100000
83495
52960
85464
100000
100000
60066
19840
53614
38693
18154
61496
100000
100000
83468
23511
11265
79250
92888
100000
1122
77353
29813
33063
39185
27617
22718
48209
14862
66864
4659
48933
17174
19812
78654
91873
47408
15339
53482
27538
26642
40634
100000
100000
39161
100000
53950
18726
74829
98008
82773
45624
23063
100000
100000
1348
100000
41270
76013
11180
100000
14255
15885
1780
33138
99621
100000
100000
97710
100000
42293
81750
37153
26272
53672
29702
40392
44423
60065
24872
62983
61686
6559
100000
65606
87375
48459
2978
79572
70734
58259
13545
55319
81586
20485
100000
52007
51174
47632
88613
100000
44380
100000
48402
16036
2326
10060
25854
79408
52094
78270
27936
2277
10419
100000
68933
98589
18757
38223
20847
4176
100000
81799
33647
54168
3740
29300
57606
90365
66601
32262
100000
63200
28789
40461
32835
100000
69902
16341
22551
77985
9720
53602
100000
100000
36209
79086
100000
46088
38576
5383
38794
45161
97876
66864
100000
74888
99790
100000
100000
28386
92937
100000
100000
58235
9733
34889
100000
11298
20887
100000
84553
69256
63201
21235
96601
12589
24026
100000
55276
100000
17086
620
100000
100000
100000
100000
10448
99197
50464
71327
66020
29920
91080
62127
38359
70497
20599
100000
49801
15707
100000
10501
100000
85488
85153
100000
27616
61423
100000
85129
89471
100000
90467
47453
71725
35088
100000
100000
64891
84968
97292
35817
45959
100000
49233
72919
22782
33890
100000
5048
100000
100000
28761
11528
20095
9042
20616
45975
76975
100000
100000
93002
4053
55651
55332
60069
100000
100000
82530
75804
100000
100000
89544
37500
68076
27205
83364
76923
22062
100000
71686
100000
3057
1279
52538
16390
19221
100000
16998
63139
57063
79041
51277
75327
29365
85644
16877
52269
11617
12054
14958
99559
100000
99131
60928
41852
43949
61127
100000
9274
24616
90723
86919
98251
16270
99198
46354
41343
32057
100000
100000
1658
78241
100000
43214
94433
51037
93098
20142
2138
16482
12937
47446
100000
34642
80219
82778
100000
17391
81748
37316
48940
48134
94917
5271
23197
56141
492
85890
82086
30718
100000
68709
34368
100000
10689
29230
28001
55813
31540
84208
23477
58261
100000
42098
46487
52314
60843
48378
57693
20896
100000
100000
100000
30741
30656
86335
100000
59922
84868
61245
70079
4052
26467
100000
94285
64557
69949
40756
46958
81063
75958
7496
45400
52237
29485
17472
93807
31454
100000
11981
72416
65035
99690
14984
100000
40606
21975
100000
90594
86006
82450
100000
3434
9437
47883
100000
26405
95705
21125
100000
22252
100000
16693
78893
41081
48382
86997
100000
71454
100000
39260
49356
98020
100000
1367
69374
73784
100000
100000
92610
78200
68601
17403
49219
40657
51501
66385
100000
56668
41546
90636
51142
100000
87404
26038
100000
40005
97715
83762
15726
89461
100000
100000
55622
100000
100000
70913
66628
60897
100000
100000
9669
100000
24912
86732
51900
6427
80110
74817
100000
100000
100000
90967
100000
57115
64242
6321
100000
90694
1546
37681
100000
100000
59079
98685
51184
3010
97386
20338
90388
26
52917
100000
64267
51654
92942
97940
28438
11141
81286
34527
89064
41807
45452
36705
55409
100000
58765
42709
100000
49046
80319
100000
100000
5149
9344
29208
48196
67116
96731
88751
83485
32125
1918
100000
65064
77265
26731
61447
100000
44660
100000
3208
8482
55159
25863
30947
83854
74170
100000
52517
13653
45585
42444
100000
63937
16462
70183
79629
100000
75047
62357
21299
100000
100000
88287
81995
95982
100000
12982
100000
100000
100000
629
21092
100000
37959
85413
39897
25739
100000
23738
58627
71138
95997
100000
100000
100000
100000
2504
100000
77234
93015
91222
7956
27083
100000
16315
61498
26848
47775
30237
24221
12880
5917
42137
99473
75404
100000
55819
62661
67853
10003
66047
40443
82202
57883
100000
77386
69563
14607
90777
80604
64932
100000
92058
5763
100000
100000
41179
13168
100000
74457
74079
100000
31558
77418
7386
60841
41096
100000
100000
100000
50107
22027
23377
16657
100000
54168
11183
71631
100000
73141
80760
57424
100000
54668
18311
33531
74334
48571
53960
12972
29498
36702
81586
61054
33764
92021
92611
94110
14766
92507
100000
20262
83036
64554
80041
2135
86632
87336
84884
54201
74765
59760
75780
100000
100000
83891
40633
19466
88415
84857
6646
21399
100000
20513
72672
59313
96280
100000
73829
100000
31792
25654
97687
72627
5713
32259
43242
100000
64192
4995
27214
68133
91755
64767
100000
74470
7932
100000
99107
55563
100000
100000
54344
80935
59451
100000
49892
37272
100000
87285
28126
100000
19607
39297
60160
37473
36768
98815
40243
100000
63045
99509
86117
86374
35789
33113
71954
91972
100000
17340
75504
52974
45870
10724
100000
5640
17064
29753
20089
100000
72100
78835
37241
1579
22843
79102
20041
65244
257
30935
100000
5523
73593
65464
76076
58541
1989
100000
72900
12411
87134
52050
100000
100000
100000
88459
1908
100000
2761
20736
85254
100000
67747
53127
100000
15985
89811
100000
9551
100000
100000
60373
100000
5227
100000
61733
65142
100000
10546
100000
70034
70296
6374
94949
100000
68223
33666
99468
19066
100000
87253
78915
8040
14461
55968
94550
90780
73011
21908
100000
100000
85615
100000
46706
753
41680
61095
54173
13732
7553
37113
96395
4840
87785
100000
12503
93435
77877
80578
26133
64925
71997
65897
100000
