196
69941
89552
27206
80419
59650
83321
22013
54789
24009
65325
51258
35691
62411
90554
90961
51404
7308
44911
92800
20172
34415
16642
55349
14316
81446
72221
9240
100000
100000
15167
59305
45899
1721
51581
100000
78699
60812
56892
31729
51662
3121
17159
69628
53712
29595
1728
98796
37443
85007
66925
27098
67104
80109
2282
43711
1906
67782
100000
97866
100000
57126
100000
477
21577
77468
27385
100000
28212
100000
21935
100000
49819
100000
100000
78035
51241
86541
90936
48049
87012
53065
17238
70246
70416
24711
100000
68448
100000
67130
33980
100000
74959
100000
87671
100000
100000
85937
97720
100000
28360
45036
83913
45990
63735
520
67046
26662
82820
100000
100000
14005
680
7392
64925
57122
77107
51704
71033
61655
42218
57290
84748
89880
100000
100000
100000
5904
10762
61467
44558
26956
21495
92222
2294
42233
100000
49153
73571
27440
35800
91836
46044
100000
39151
100000
9606
37312
77993
38700
80640
25837
82858
83329
74411
100000
72092
84712
91027
10791
59365
24885
41442
16180
94538
87562
74166
57733
100000
9848
40463
43820
13378
43837
32300
34760
74391
30049
100000
40151
41296
95732
28246
46058
93929
62174
9670
4504
100000
100000
40263
68264
24890
76736
31365
100000
85653
