1000
65497
63532
55904
100000
94479
100000
65039
57990
58133
72476
98535
9029
100000
34729
1404
100000
23635
100000
100000
83091
857
23209
71838
62493
40594
24246
86177
42119
15052
76087
42602
71921
86396
97832
100000
47730
100000
100000
593
7664
66513
30896
49538
90462
87523
100000
22038
100000
8890
16280
77371
69342
100000
53231
86050
45337
100000
100000
72336
63105
48802
91524
88241
31048
44298
68038
100000
15748
80737
29545
100000
58816
51944
46572
31352
72811
82394
11467
32100
71985
51686
94503
43411
100000
100000
79938
91169
13229
76945
100000
46570
39260
100000
100000
54773
100000
99994
67042
97394
16258
100000
100000
68398
5821
100000
22030
22412
1407
61755
50126
89851
25192
100000
87885
100000
58006
31837
69165
75103
20913
64381
55412
41372
100000
100000
100000
100000
52315
42664
3568
25530
94387
84143
72163
100000
82999
100000
16687
7274
100000
100000
100000
28592
8550
100000
35265
100000
74291
15336
54988
46486
100000
36343
84292
100000
14559
100000
13321
100000
78117
22167
26412
82054
15181
38135
24884
43300
71292
91311
36307
31079
67995
84125
100000
100000
41414
88532
85758
71808
100000
97196
35198
99350
31682
41433
48083
10935
65882
89554
80650
84087
26908
97801
64764
95365
4510
5396
100000
39508
70742
80136
84994
87199
17124
77229
25725
34618
4242
15922
87279
6929
100000
47700
41879
100000
8487
36484
77309
65494
100000
56012
61737
15347
56628
53709
16752
70237
75327
26565
38113
55740
14463
100000
100000
39639
89722
59587
79448
32672
14530
79012
17888
75596
100000
19228
49794
9993
65788
26420
1767
1082
46556
64851
97504
10256
14932
34004
69267
100000
31028
100000
97284
33076
100000
100000
100000
74401
29848
48650
23765
65801
73963
13386
26673
32665
79701
100000
80597
100000
100000
18387
63573
52522
90379
98209
93080
2760
100000
47833
59960
100000
59515
78434
13818
46508
10893
44305
60922
13611
99943
47263
87366
54976
41727
51992
9106
12938
100000
99741
23034
45769
68004
100000
100000
57616
100000
100000
58750
59820
35967
63698
98383
65657
90976
100000
23776
52413
76311
20309
100000
27533
100000
94313
7683
100000
30096
33375
100000
22191
12448
80492
80259
10189
51899
100000
9477
80067
72925
62965
23182
1337
100000
58599
77193
34849
75363
100000
58865
100000
100000
12953
64947
49610
60925
97759
26580
62265
100000
100000
13298
93650
31498
87830
85483
72757
10181
54573
38117
7546
100000
55824
100000
57384
1610
100000
14908
100000
99020
100000
91020
100000
69241
25602
100000
100000
31157
46971
83507
6695
13457
64634
57615
85063
15698
88383
86656
82564
39859
78668
35228
62140
70066
12580
66104
40439
46286
6215
22421
50403
11888
58687
99376
23582
60076
100000
19355
4476
100000
41737
9035
16099
77353
100000
91625
7179
39108
100000
77635
73653
100000
92062
100000
55813
86270
68835
100000
30946
76830
9808
11910
2941
87466
46379
42663
12368
80366
19074
8300
72034
81990
64933
100000
18717
100000
99207
84512
20600
100000
6076
100000
96618
1874
13230
100000
100000
85393
82453
863
100000
52350
88457
71612
61610
35616
75712
97258
62331
53829
71001
24582
53706
39894
86199
100000
20143
49351
5963
34483
58416
24886
51282
100000
100000
2415
100000
12307
72236
36678
37364
100000
22816
52790
51385
71329
9988
76477
35616
36472
69841
62456
53679
100000
55342
43196
92868
59456
9837
100000
100000
1589
56761
31058
93539
93953
35082
56548
38757
5681
7376
41680
49936
100000
78180
51744
13959
100000
89349
18167
100000
28362
55434
8885
17872
41888
77911
76522
74466
86961
95973
3196
100000
48755
756
78871
100000
84568
81019
23891
68300
68944
7466
64714
70538
83535
31447
81020
1699
65089
49860
87017
48354
95658
279
11825
24285
307
55930
52810
41845
71318
100000
32268
58418
100000
100000
100000
14165
100000
74690
57843
10098
15073
96061
73458
33558
96971
36716
67693
100000
13956
24829
98353
100000
86166
16305
21173
54112
84045
1203
100000
10496
90187
49554
60249
87621
55593
10684
100000
25235
54592
73357
100000
63538
49467
56467
96266
68952
46813
36994
27003
11836
100000
66363
62978
6611
16296
24098
33188
83848
100000
74312
100000
84760
10712
44809
64123
14386
76150
46324
33162
68003
9856
12092
4995
59499
85758
77451
20324
67588
24034
28586
88367
89719
92559
69209
100000
22630
40503
48680
36523
62493
100000
100000
84787
18506
8039
45869
21656
50165
72823
14556
60355
91072
99302
43476
18370
37993
32375
59985
100000
83975
13454
63546
84400
8083
34914
15706
15434
100000
100000
62752
65256
35577
46223
47946
61382
37395
100000
60991
39177
44051
21963
46384
62050
100000
49654
38574
25853
42185
5105
36026
940
100000
41002
65928
59031
44303
18756
31552
86001
45051
81098
98458
47448
35559
85579
100000
88069
100000
47846
53592
49181
84014
5655
88235
100000
55061
2089
15876
82527
76101
100000
36198
29115
75706
100000
70255
77907
92561
100000
44473
35113
51525
56878
3050
15814
15702
53282
45933
66317
100000
66703
26609
100000
13721
100000
63763
28514
58078
52976
3791
100000
81170
79058
26095
69745
100000
50810
100000
87350
81763
59880
31792
47973
100000
65147
100000
40117
100000
74860
59457
100000
48896
100000
15138
100000
15109
78849
66939
100000
5554
39900
100000
100000
59692
61993
70482
23012
17592
30129
89280
100000
42188
44151
66772
40347
100000
29165
39395
19360
100000
80338
66084
85144
3561
96975
100000
56125
61896
93992
17061
100000
69472
63325
21337
87668
33793
100000
81472
35616
25048
42191
100000
12215
90274
20135
66457
100000
100000
86424
100000
49146
60225
100000
26368
57331
14717
62991
28087
100000
15161
100000
100000
78147
17057
74189
100000
29325
64560
1245
20838
48313
59393
65421
64480
68960
100000
35560
22363
6860
30947
76460
17170
8765
100000
26934
95312
100000
97463
63177
85064
40251
100000
20272
2298
25032
69639
8812
100000
35326
95761
3891
5672
100000
47772
100000
100000
67778
40857
62544
100000
82248
12985
100000
55373
100000
96662
100000
100000
78288
27803
11885
100000
20431
67143
59439
100000
79310
84086
53024
80285
100000
37375
64432
86120
62027
29672
100000
54940
100000
55423
70147
50825
821
17425
77260
85705
28678
12995
69001
57193
41314
100000
40451
50775
25501
89595
32325
400
8532
86424
42519
100000
76171
100000
65102
10698
49800
100000
10907
88185
94127
92073
100000
22159
45718
16576
98550
13315
39686
