1000
100000
16360
42196
96789
88035
74860
76839
91663
67119
89264
24510
52801
57500
5641
65989
47506
46757
60546
59140
48670
100000
85217
19741
53355
14908
63206
46974
100000
100000
22842
88655
61329
35247
48252
99646
98001
17183
5920
100000
100000
97
75746
44661
6603
96431
90219
44699
7127
100000
30712
98008
20086
100000
22575
28068
100000
26223
100000
21970
23482
21891
29602
42872
34314
41148
100000
63851
53846
100000
100000
100000
32002
100000
63180
100000
100000
50974
100000
100000
92188
704
94008
46324
10757
99312
100000
49898
17167
100000
49901
100000
4664
13435
62864
67313
46778
79229
95870
31269
83
100000
100000
3395
23115
66697
100000
73619
100000
65608
96066
67218
68535
100000
37361
81788
5067
46463
95364
46382
51587
53939
100000
44874
43294
100000
80569
52421
50987
67154
98336
3604
100000
100000
100000
4034
48211
100000
22897
100000
100000
93558
64371
29060
51726
17828
100000
33244
100000
47923
74038
28136
72199
51985
53890
33864
36688
66361
100000
100000
14399
99202
86960
100000
81075
9510
78270
100000
3686
96526
38035
34530
52286
84414
44662
76075
85782
100000
100000
100000
63588
50476
84450
93190
46722
567
89021
32089
10296
20265
7988
100000
100000
33847
63080
54083
34391
44369
50576
29031
49248
22560
50697
100000
25145
17139
23422
21230
100000
34621
10738
75130
63371
42268
41554
90231
20306
88122
33556
100000
85014
100000
64098
54188
79862
11942
64635
100000
35788
32327
76121
100000
67645
100000
100000
84354
100000
100000
98963
45294
100000
100000
45450
100000
58563
83794
34946
62529
55563
90877
56302
80821
100000
322
100000
91492
77987
48244
100000
96877
79880
5836
92333
34083
17884
95784
78122
61424
100000
75729
28371
100000
45735
71848
49486
85025
17822
100000
43585
30307
27819
73148
65658
100000
18835
17617
100000
68004
36348
36680
20176
100000
100000
6755
562
23333
10199
10193
27482
60777
71072
46185
3024
53828
22014
11430
72442
46325
85362
76625
55371
9490
70629
76799
66264
6812
29886
39245
32358
76525
96774
100000
42303
79574
21549
46255
61726
21802
8870
100000
2634
66053
36802
26955
27073
27348
37493
26082
69974
90964
100000
100000
60511
59762
88598
27719
69953
74085
37374
75115
100000
50249
52627
76549
57748
48425
93170
100000
76278
40295
70038
56640
100000
100000
100000
3067
6065
93990
56679
30154
75403
19151
21255
26852
41384
100000
45538
61743
45988
58523
67375
48422
46986
10183
100000
34573
11966
98721
100000
210
100000
11397
62262
100000
85004
100000
94688
100000
69956
42188
40451
100000
68976
57479
100000
72978
95131
26043
5813
38986
7941
61775
21955
62126
83070
38138
100000
100000
36494
45076
100000
89500
28862
22189
87386
29606
100000
100000
50900
100000
39921
29884
100000
56103
10953
69901
46414
30841
34087
50249
6798
25351
100000
56485
100000
27127
29857
60504
18096
16910
72597
56830
31156
28135
100000
86638
100000
97404
59672
75514
85886
77725
100000
50421
100000
6635
92936
57533
3422
38651
76229
17599
46412
12050
79278
100000
42919
93857
90458
57547
36676
83734
37711
36256
57517
77713
20266
34183
15029
11995
10540
100000
26562
87525
52997
81890
43420
39144
86981
100000
31165
74861
97957
100000
90630
16385
62412
75080
68103
56109
35331
26508
34315
42558
80717
12504
24254
16463
28630
94741
37838
100000
64029
81650
36227
100000
9573
100000
74427
77648
72969
68763
60447
20572
14814
64477
82515
12653
39862
10783
32048
40788
45840
20204
62404
70543
168
63895
61462
100000
21207
52445
57175
39533
45419
24180
48372
100000
80940
46477
63340
99340
94680
87799
73837
22063
100000
100000
100000
97328
30034
89149
100000
3057
100000
15666
100000
80588
78555
76008
66336
100000
91940
9280
18653
44490
76855
52407
45451
4749
95880
72700
40558
3631
36007
5562
45577
29303
45045
100000
100000
93166
34985
95433
90752
100000
8513
40334
8380
27501
96673
680
10457
82722
79525
100000
33204
94576
81869
11984
28399
100000
100000
87404
100000
68013
66093
100000
54660
87254
100000
64267
6377
46658
70198
26484
42840
51350
89686
67440
99752
100000
44078
4891
74807
70203
10066
100000
98162
1649
100000
69355
20078
76419
100000
78687
15440
71007
11297
100000
40342
52194
8787
61153
71343
50731
20492
67618
16750
14821
95180
91716
65472
50935
73862
32435
5945
100000
6133
57660
85158
26226
86297
39845
100000
100000
93314
37135
100000
83239
100000
94525
91216
597
3835
45976
1544
100000
67835
23854
83307
59819
78197
100000
4227
44021
39616
98720
82066
39707
100000
64771
92372
13343
94376
98303
100000
60777
79022
100000
68059
22157
100000
21199
93727
59100
100000
36246
21216
100000
26965
90077
63281
100000
23091
5348
69064
36253
100000
80740
89629
65944
73797
90239
18185
100000
100000
48268
24833
100000
7812
100000
71553
86919
78792
47578
3301
80531
88142
33863
46197
44377
2155
42681
36391
28150
88658
99433
99202
82515
5945
68209
56455
83799
61097
60081
100000
91972
57778
54693
63767
37002
76725
100000
43567
100000
66587
69717
100000
100000
51594
85611
54151
43313
56094
99554
77929
76976
60726
58481
89560
68930
40879
60191
26792
32101
64903
100000
59649
100000
100000
100000
53372
73175
100000
8007
100000
1601
95035
67060
28608
78881
55500
80046
12086
13990
93349
32199
100000
39284
40241
83846
100000
66688
34981
42188
68662
11440
10849
19898
24907
59041
31386
99413
100000
100000
45658
100000
98867
5101
46452
12400
19949
75386
10656
62121
72452
25667
39595
50152
32027
78583
50845
63103
96597
65289
59372
24080
41763
89408
14371
41392
57988
3821
66739
2006
100000
52959
79948
54202
30734
100000
37036
78735
43470
36703
27275
100000
100000
100000
83408
100000
80285
22567
100000
24018
100000
86248
100000
85133
38813
43267
3156
54804
7048
100000
97564
76188
67815
94592
81429
22151
5282
5159
100000
52416
47151
55640
31754
100000
43680
91361
62768
66996
100000
28870
99738
26606
100000
91762
97583
39415
63307
82895
94198
70699
7153
100000
77102
69076
100000
75852
11629
100000
14234
24497
85745
99873
40747
18867
37750
85734
83347
13444
57480
14620
88617
74107
4538
76684
95838
18743
100000
33996
100000
68249
39716
44923
46523
95195
41794
99037
5436
45280
72109
42894
100000
100000
65918
80015
14990
63397
100000
100000
2343
100000
100000
30585
48831
100000
100000
48651
77941
99510
4525
47369
100000
69219
95140
54326
58195
