512
66715
58061
63369
91848
4788
100000
100000
87876
100000
100000
73472
100000
42631
88081
100000
48383
98829
63576
9001
5948
66088
52734
90262
54401
70779
100000
67015
100000
100000
9219
75056
18556
6535
77322
21227
94460
16715
100000
14101
100000
18285
64916
63068
10708
20729
100000
42891
22279
45762
100000
46001
34508
66552
93432
80740
7585
74109
100000
83029
92371
67948
24544
6009
100000
100000
100000
95357
8488
100000
94245
82467
65275
18910
100000
69685
89550
47468
19590
97774
89296
37875
58232
100000
39071
100000
2647
58112
57464
23782
29231
100000
71951
88960
89993
3331
53560
67780
63273
39082
32623
100000
75592
197
100000
7130
59176
100000
100000
64289
48129
87663
79150
66584
100000
45960
100000
84055
51382
2029
100000
100000
22711
5924
56220
61432
100000
66671
94611
31065
100000
93621
71662
100000
22091
86261
59929
16382
66469
100000
63518
100000
61957
88342
100000
79729
74903
39617
53947
2673
46524
82606
80634
91554
97926
59154
21734
88140
61259
100000
49930
4599
25634
43277
90647
29465
100000
100000
78860
44146
27128
8749
100000
61293
8929
92144
73564
44273
84010
14487
15770
100000
49487
39817
9755
62616
62967
58878
77413
38232
12464
80325
27834
100000
100000
12145
72452
51980
32408
100000
88311
15892
73226
13930
30554
84859
22964
40769
16527
35220
38205
88093
81371
41963
25318
58414
100000
100000
100000
979
100000
100000
100000
100000
100000
100000
100000
61865
100000
4492
18399
19749
100000
75978
100000
12229
25236
100000
100000
7324
79393
56979
89296
48476
66963
8820
100000
52469
50235
6779
100000
89076
12688
59038
74535
18676
59556
17400
52094
20634
88048
71331
25666
31683
96315
76242
37592
64761
913
63431
14201
84468
3989
95687
100000
100000
67184
7137
100000
100000
46723
100000
38692
17775
69863
71284
16420
94331
100000
1463
46737
8309
100000
88412
56001
100000
95646
100000
13755
94287
11
78174
100000
100000
4822
98414
89958
58744
32769
416
19892
54370
100000
100000
10907
25808
35204
27448
51950
100000
78551
52187
59686
97923
29182
33252
35496
100000
46981
20831
66715
12137
22010
42920
100000
100000
100000
100000
44521
42578
97143
35882
10031
12437
43946
23234
63457
76518
100000
62806
74161
16202
53945
7556
57444
37014
100000
69519
61730
59083
3033
100000
22505
37712
11611
92552
96762
45406
65114
100000
100000
100000
74503
100000
48213
9933
100000
47074
44820
80912
34979
96046
100000
100000
40710
18551
54666
51618
35300
100000
67443
100000
7258
90265
5155
16028
49260
7387
59130
100000
29199
98604
32444
100000
88588
34032
67462
50215
86833
25512
82872
64734
78031
78705
98888
100000
48787
100000
21937
76939
54527
29713
98622
100000
83055
77198
32452
10333
805
54406
100000
56540
83698
32966
75606
68413
100000
20300
14741
87847
76894
58050
93650
57797
50697
100000
100000
15936
77802
100000
15121
23895
100000
16287
34144
16333
85579
84203
78221
78631
100000
3845
29750
41274
45417
100000
50958
100000
33308
74528
100000
100000
100000
9027
84399
100000
100000
16204
100000
53222
79035
40703
63280
94751
88851
2949
82982
43209
10179
58268
33911
27359
24947
77657
100000
91735
68509
59114
76725
84614
100000
100000
91148
19754
38740
51195
89425
84959
100000
37402
6393
23581
87941
