145
24713
59902
100000
53058
19791
10680
77007
36099
75320
100000
56761
86127
29507
100000
29095
87845
40535
15395
18739
59591
45160
64948
7218
55540
42386
94886
82421
31969
99916
63535
100000
24153
100000
90397
1816
100000
19398
10548
21211
100000
73378
626
1869
2777
97440
89332
56302
561
18985
39790
28016
22770
3456
67507
33503
100000
2332
100000
39998
54850
95732
100000
100000
100000
95224
88261
91546
37526
34257
100000
37705
25151
1413
82798
100000
100000
100000
25130
65484
64608
45323
55177
27225
80367
60445
70286
93899
41134
100000
58267
100000
100000
95738
20592
48763
76198
100000
54874
100000
61201
68961
93948
7731
74547
41239
84927
74858
50115
1361
68419
100000
21016
6103
100000
62968
45270
23304
100000
100000
63460
73931
85133
59604
7921
35232
20204
24521
81259
18677
23935
79880
100000
100000
52772
15880
69971
82724
100000
90319
10300
85622
50125
76959
66772
100000
