1000
5
162
309
462
537
580
669
736
743
793
951
997
1015
1057
1070
1080
1106
1158
1168
1193
1245
1247
1252
1299
1332
1379
1387
1462
1463
1512
1864
1905
1981
1985
1994
2092
2093
2277
2363
2533
2616
2746
2751
2801
2882
3004
3025
3031
3172
3208
3220
3343
3428
3444
3448
3709
3746
3892
4082
4112
4114
4137
4191
4252
4593
4635
4646
4677
4723
4761
4785
4797
4813
4960
5063
5072
5136
5142
5212
5259
5270
5343
5437
5458
5500
5613
5636
5643
5665
5730
5842
5872
5892
5906
5964
6026
6033
6039
6050
6076
6176
6201
6227
6244
6333
6592
6623
6631
6670
6705
6714
6714
6727
6782
6879
6916
7008
7057
7085
7278
7355
7434
7443
7478
7562
7620
7669
7717
7848
7916
7998
8117
8161
8187
8336
8467
8503
8549
8607
8727
8781
8936
8941
9047
9114
9168
9234
9402
9431
9619
9629
9652
9783
9803
9824
9880
9886
9903
9967
10011
10043
10121
10129
10230
10332
10365
10392
10495
10500
10510
10669
10674
10709
10784
10846
11015
11017
11080
11090
11100
11120
11147
11181
11237
11244
11259
11404
11414
11638
11704
11732
11771
11821
11827
12024
12300
12313
12324
12434
12440
12504
12550
12603
12618
12898
12996
13011
13083
13221
13324
13372
13470
13516
13541
13546
13555
13567
13599
13621
13686
13717
13859
13902
13923
13944
13971
13980
13985
14054
14136
14282
14292
14317
14385
14436
14468
14523
14613
14623
14660
14705
14753
14816
14905
14906
14920
15048
15153
15176
15340
15381
15490
15519
15729
15742
15753
15777
15782
15882
15897
15899
15986
16002
16040
16053
16065
16091
16140
16220
16270
16272
16369
16419
16424
16640
16669
16734
16736
16751
16772
16793
16834
16898
16942
16957
16970
17092
17116
17196
17267
17277
17288
17412
17575
17594
17732
17734
17950
17951
17965
17973
18104
18289
18326
18424
18461
18567
18595
18658
18752
18791
18801
18876
18944
18956
18973
19027
19150
19159
19217
19412
19421
19436
19487
19607
19724
19771
19907
19950
20042
20093
20131
20143
20173
20270
20293
20508
20604
20607
20751
20800
20823
20894
20935
20942
20950
20969
20997
21156
21225
21358
21491
21492
21527
21555
21595
21773
21874
21961
22033
22107
22108
22138
22168
22178
22246
22282
22364
22429
22509
22539
22594
22637
22730
22755
22758
22792
22887
22916
23157
23198
23207
23238
23441
23654
23663
23692
23729
23736
23750
23751
23790
23950
24026
24120
24338
24425
24588
24664
24678
24707
24745
24778
24784
24865
24866
24876
24909
24939
24961
25018
25087
25093
25126
25168
25214
25290
25400
25585
25585
25615
25658
25696
25766
25786
25921
25933
25975
25981
26071
26166
26176
26224
26271
26358
26511
26533
26539
26661
26696
26760
26824
26888
26921
26942
27051
27133
27172
27180
27181
27194
27222
27268
27307
27339
27514
27525
27533
27552
27617
27786
27887
28011
28027
28102
28122
28142
28424
28509
28546
28572
28606
28670
28687
28722
28817
28889
29012
29054
29068
29129
29165
29169
29243
29298
29358
29392
29439
29529
29542
29581
29687
29708
29809
29878
29907
30042
30116
30164
30181
30184
30223
30421
30491
30492
30605
30752
30991
31152
31196
31230
31258
31324
31440
31461
31500
31721
31762
32034
32063
32125
32162
32222
32234
32234
32278
32292
32377
32449
32606
32712
32893
33115
33139
33154
33330
33337
33356
33387
33465
33613
33714
33733
33754
33792
33809
33895
33928
34036
34071
34145
34175
34273
34283
34797
34813
34983
35054
35141
35281
35397
35496
35608
35786
35885
35929
35956
36127
36197
36276
36299
36314
36387
36389
36436
36487
36493
36594
36674
36829
36982
36989
37268
37347
37376
37590
37608
37644
37698
37701
37782
37809
37988
38132
38185
38350
38381
38425
38461
38558
38577
38652
38678
38694
38712
38748
39062
39100
39125
39199
39388
39393
39406
39415
39415
39472
39696
39759
39776
39829
39909
39950
39952
40007
40087
40145
40175
40448
40450
40472
40501
40595
40827
40940
40951
40971
41123
41160
41239
41310
41342
41391
41428
41435
41440
41506
41552
41555
41611
41644
41656
41769
41787
41905
41967
41977
42007
42051
42201
42357
42589
42636
42733
42835
42857
43120
43181
43266
43468
43609
43631
43665
43752
43911
43969
43975
44007
44024
44033
44166
44198
44354
44428
44527
44574
44649
44674
44725
44820
44836
45015
45124
45208
45260
45270
45418
45497
45534
45539
45682
45800
46120
46255
46413
46415
46553
46625
46656
46693
46846
46926
46943
47054
47125
47210
47210
47300
47336
47407
47415
47446
47535
47544
47555
47758
47775
47951
47975
47998
47998
48022
48153
48176
48336
48388
48411
48556
48605
48729
48739
48898
48978
48990
49026
49079
49293
49394
49503
49566
49584
49717
49723
49998
50002
50009
50064
50105
50123
50126
50255
50302
50344
50360
50396
50461
50509
50575
50650
50872
51092
51122
51203
51291
51321
51404
51653
51858
51864
52019
52040
52045
52162
52214
52313
52362
52629
52702
52747
53065
53171
53406
53448
53622
53965
54069
54137
54186
54207
54227
54295
54328
54339
54392
54541
54632
54675
54885
55159
55233
55238
55303
55433
55625
55720
55734
55859
56044
56082
56209
56478
56490
56683
56817
56820
56842
57046
57103
57237
57500
57509
57512
57578
57703
57774
57865
57876
57945
57971
58032
58257
58299
58307
58323
58426
58441
58477
58702
58801
58876
58890
59091
59203
59206
59957
59966
60100
60398
60566
60802
60811
60933
60988
61051
61152
61472
61473
61490
61637
61668
61678
62345
62432
62567
63133
63362
63422
63660
63698
63750
63822
64241
64286
64527
64617
64855
65136
65222
65563
65680
65853
66005
66195
66682
66738
66898
67167
67304
67395
67455
67756
67891
67972
68037
68233
68385
68630
69225
69438
69568
70507
70705
70985
71047
71138
71142
71252
71361
71503
71638
72214
72473
72883
73022
73114
73182
73389
73481
73656
73757
73803
73854
73889
74414
75057
75179
75272
75287
75321
76142
76600
76724
76781
77015
77121
77189
77437
78674
78856
79037
79127
79570
79717
79894
79958
80549
80602
80606
81351
81509
81977
82161
82428
83121
83171
83221
83256
83373
83388
83562
84073
84564
85121
85820
85973
86320
86334
86698
86971
87159
87601
87685
87712
87740
87858
88171
88520
88762
89474
89800
89961
90024
90201
90961
91515
91999
92924
92935
93347
95391
98785
1000
41202
46853
62584
71663
45473
28120
65082
37674
51075
23889
17928
58997
28222
36796
58591
76953
75219
4618
94111
83305
10950
36992
13055
59510
89645
48001
59386
11764
72784
25203
77719
75332
19088
64511
97033
78166
90256
62976
21725
5071
5048
31456
8529
88047
83086
34842
76245
24222
62848
74802
96339
5469
33571
81735
74162
61765
30684
96610
44309
73309
15549
88778
29987
34308
43560
38830
54715
42676
96030
7453
33621
56109
17631
79562
59868
54755
10030
26755
58117
92036
51077
13209
32806
9433
32102
30756
37523
52796
31356
10108
67224
22412
96493
24179
65968
71587
37841
27418
72439
50014
55826
23010
91846
20484
99707
12029
29948
51046
56976
61181
9811
54546
75534
21262
9963
73054
88830
19924
90657
45157
48182
44491
7481
69842
26101
66976
63569
98851
56624
50052
49309
11510
98482
30890
20900
17042
28358
67622
40092
88455
76348
25631
84766
41235
97564
95157
81245
55696
59308
90805
61527
25974
9990
49910
48844
51016
63309
56847
76403
94877
81877
30941
13653
26050
31448
91545
29161
44774
72175
65710
91834
53040
67200
65549
23805
36054
40449
64033
72751
34032
49760
92798
67853
76732
31946
89230
70881
61847
38677
19939
64550
42375
13939
69031
71824
37419
97016
51139
92291
75407
58389
46703
97988
96513
63411
53943
64318
39147
99920
71511
47679
24125
98416
15234
30699
48393
39795
15233
72944
19163
85144
49064
62521
63552
82113
71845
54883
81523
24072
32099
64921
55009
86784
89676
74148
28981
44466
94841
94619
54183
25090
28957
17250
44812
59808
30633
59768
86049
25717
50847
87298
71000
20853
44294
47642
45630
68116
57458
90658
80831
19035
61998
20236
46175
70810
35745
65644
35730
47279
24139
19031
18253
48005
97019
64329
53304
45484
66006
40577
63459
58289
91720
42366
83453
75616
18350
86852
72607
63342
76937
18620
67432
70171
37862
61528
83676
75387
39545
51730
99844
30977
44963
23810
37393
23248
25051
82885
19837
20006
71115
59552
42780
40041
99487
42123
75729
57414
54131
57226
70521
83413
73866
39045
82665
67502
67446
80887
27732
35392
93383
82513
20551
36301
87012
68755
80022
84548
83739
83363
94982
60904
43007
29409
78195
48765
25725
50917
90753
42178
48655
97503
40771
30216
44723
86311
91263
83449
94175
42472
65392
71402
49396
26704
35253
59528
96548
45118
94468
83224
38510
77442
46686
28517
49079
86918
51920
89175
38275
85155
93855
35958
73506
40899
85200
79614
82186
40184
64981
27099
97858
43795
81501
69351
61140
27161
75882
80017
70733
36953
43940
65516
25613
32426
81917
81053
27408
95614
69529
56007
83667
56259
38165
90825
85100
82007
45054
80866
39923
70121
83035
99700
36215
30928
52262
58023
32326
68483
33770
30793
34980
62417
28465
26617
33000
88457
38955
43469
35172
53947
48917
75156
52791
87928
27250
45999
91184
31985
75874
66633
72072
64526
62673
77503
48461
50812
68057
82444
91515
45084
61344
77390
32037
49176
91043
47327
50767
56679
72383
32032
71511
99164
31802
58185
73588
33611
95850
50294
45205
96756
45034
84697
66806
46828
84663
51719
85747
83690
81974
33430
42298
76025
84267
78355
29955
98995
35801
68227
70815
86580
60518
60543
82256
73439
36880
92608
50252
66071
97589
53313
99575
59501
33207
46588
41799
90390
73441
70318
50636
49764
85313
44523
46370
62614
59657
77185
69162
53024
74734
56133
89867
76267
80408
65813
75223
48029
78274
33951
44825
44583
96856
92763
94919
92372
90969
80129
80131
84200
37391
48408
61671
87255
51005
56408
96984
47225
63201
79866
43335
59746
58518
42213
35519
98893
56531
54506
67178
69513
60306
91981
57581
92624
76648
80324
51073
73391
53500
79286
60229
48365
46832
93986
66069
78851
93153
79792
91270
95706
47028
67726
45100
48840
45129
85837
84765
92426
48206
89918
51614
49024
54415
83254
89734
81776
71049
70198
52482
81699
53604
73141
48029
50089
54366
44758
45376
70715
86953
53739
97409
98502
66660
45018
50773
92449
99312
42436
55376
71174
75624
80368
47368
66616
87755
47520
91313
96359
73560
65321
81466
96876
96821
48852
86981
77266
82905
86689
49005
49193
47600
45648
93903
73702
61465
68379
70799
72730
83961
87393
58571
48896
66223
98753
91687
59488
61919
87954
88653
52386
66795
55054
70426
44659
89014
99288
54909
72191
81031
71995
67999
77014
97441
70728
95476
46825
59721
87798
73568
45106
81576
92560
91885
56339
72054
88585
87957
91894
96269
57577
80430
96039
64136
90035
89129
94663
66854
73953
71202
76104
59262
49026
64793
49721
65190
84493
50479
72374
90766
99028
99385
97244
62549
88209
92268
94283
66811
99600
79575
85166
89104
63261
99514
52294
70371
64293
77719
79462
57538
54355
60643
81001
96165
52568
63498
49833
58125
76292
83216
92219
71695
74781
76846
89877
70743
78498
78855
76257
77680
99180
98703
62946
81398
52256
96638
52227
87488
83282
97340
73502
98204
52789
98427
76899
92642
88881
52541
91139
55715
86045
90185
63994
64363
55555
83719
52911
72065
80185
81646
57598
68156
90721
84699
96390
91665
96077
92108
70804
67230
80282
58028
95993
79382
87751
71977
68922
73626
90754
96778
55873
59367
76539
59603
97001
56989
86923
64481
79038
80300
65443
63656
82525
63953
57731
64039
67293
62275
78018
92273
75414
87777
85322
81080
92610
82461
93162
93146
98172
91335
85740
89237
88967
62653
74985
76469
71678
89774
96121
87093
60992
63927
75640
82475
73641
70087
81420
70682
60559
72034
73436
94832
80293
61909
88782
94405
83412
78650
92420
64778
94750
78507
86453
79912
98403
66624
89157
63810
90017
99087
84110
90505
76274
74433
75533
98299
74168
99143
97418
80154
80018
89919
85887
93410
79827
85200
78666
82790
96065
73109
79004
73068
90073
78425
78829
99298
72936
84236
70681
82822
92294
84072
85342
75401
99354
78174
82272
80777
72605
98459
87929
92512
90988
84965
98923
79112
73628
89196
99082
78991
76866
91162
77668
76672
85000
78412
79958
76140
85186
92181
88414
75516
82986
87524
79139
86755
77919
95252
78260
78539
85251
92178
84180
99832
89124
96488
92140
96659
97661
85180
85056
98027
98013
88217
92481
90022
99383
99019
86209
92210
95008
86595
91140
85291
92742
92793
96177
95381
87772
96871
90268
89110
95012
91486
94290
90867
98458
98397
88338
88701
90810
97657
94340
91220
93989
99809
98484
92111
92615
94677
96212
94303
98948
98916
100
