660
11
35
114
132
336
574
659
700
755
770
802
839
849
931
988
1115
1172
1282
1380
1393
1434
1486
1643
1663
1746
1833
1938
1997
2256
2294
2309
2346
2409
2534
2607
2781
2907
2943
3051
3070
3108
3135
3194
3442
3448
3455
3567
3670
3767
3787
3808
3819
3869
4106
4214
4486
4486
4487
4514
4525
4629
4698
4713
4897
4920
4979
5109
5251
5341
5361
5401
5546
5662
5711
5736
5808
5905
5982
6072
6159
6203
6369
6519
6617
6629
6630
6798
6854
6893
6953
7058
7072
7132
7206
7331
7395
7429
7459
7467
7630
7655
7776
7855
7987
8004
8254
8314
8431
8489
8586
8694
8945
8979
9119
9434
9440
9561
9588
9720
9879
9913
10013
10050
10116
10400
10436
10526
10540
10556
10636
10648
10752
10841
10876
10912
10937
10947
11311
11383
11411
11415
11521
11545
11557
11626
11787
11797
11805
11887
11927
11984
12035
12083
12111
12133
12268
12506
12712
12764
12852
12996
13009
13065
13070
13092
13172
13237
13257
13272
13282
13487
13523
13641
13971
14108
14411
14423
14448
14463
14512
14545
14637
14801
14812
14938
14947
14996
15140
15236
15266
15330
15464
15470
15495
15610
15645
15860
15874
15950
16036
16067
16072
16229
16261
16340
16440
16633
16749
16909
17044
17136
17178
17541
17544
17570
17604
17670
17825
17833
18018
18108
18108
18185
18326
18482
18835
19018
19171
19205
19354
19370
19541
19541
19592
19717
19963
20115
20173
20357
20393
20436
20513
20529
20632
20660
20738
20764
20898
21019
21281
21699
21785
21863
21925
21930
21932
21956
21969
22255
22273
22301
22377
22408
22491
22597
22627
22687
22766
22834
22836
22925
23091
23183
23294
23447
23769
23957
24032
24072
24261
24644
24759
24764
24894
25016
25140
25166
25316
25340
25414
25555
25677
25801
25917
26096
26170
26235
26265
26514
26577
26645
26653
26702
26902
27209
27309
27352
27459
27631
27646
27683
27700
27835
27935
27985
27999
28259
28292
28365
28448
28785
28827
28862
28907
29295
29417
29491
29500
29502
29614
29730
29781
30018
30097
30152
30165
30208
30243
30297
30324
30644
30764
30773
30776
30960
31288
31493
31503
31555
31868
31943
32101
32111
32429
32539
32541
32558
32564
32677
32855
32905
32974
33063
33103
33180
33293
33721
33879
33883
33935
34159
34296
34317
34320
34401
34464
34493
34570
34590
34684
34780
34814
34827
34854
35019
35048
35105
35165
35326
35329
35345
35413
35527
35696
35777
36158
36336
36422
36449
36627
36689
36719
36907
37127
37711
37798
38001
38015
38148
38288
38567
38590
38603
38621
38645
38859
39014
39222
39367
39681
39748
39808
39834
40188
40354
40377
40517
40635
40638
41010
41043
41088
41198
41239
41321
41485
41550
41599
41708
41974
42014
42349
42531
42710
42773
42851
42870
43004
43059
43204
43295
43422
43429
43445
43861
43881
44050
44210
44264
44429
44565
44855
45064
45108
45191
45290
45326
45521
45821
45951
46278
46287
46356
46648
46677
46791
46895
47036
47037
47043
47195
47228
47434
48143
48264
48402
48433
48570
48618
48861
48978
49011
49145
49731
49765
49834
49956
50053
50128
50213
50340
50659
50733
51015
51226
51321
51395
51515
51547
51762
51769
51991
52112
52252
52303
52635
52742
52834
53166
53320
53334
53419
53429
53597
53682
53878
53955
54099
54188
54590
54674
54932
55383
55568
55805
55813
55826
55952
56509
56795
56943
57056
57258
57345
57807
57903
58054
58261
58727
58753
58794
58804
59157
59278
60162
60597
61121
61737
61771
61860
61901
62030
62252
62719
62796
62959
63038
63043
63073
63180
63194
63199
63371
63559
63634
63924
63926
64126
64226
64287
64402
64473
64557
64873
64902
65015
65116
65129
65221
65458
65626
65741
65745
66383
66423
66488
66497
66840
67090
67138
67564
67698
67722
67745
68099
68112
68233
68449
68617
68682
69410
69452
69907
69943
70004
70038
70217
70462
71001
71007
71199
71207
71802
72001
72526
72602
72785
73340
73350
73791
74187
74397
74724
74730
74783
74883
74888
75359
76176
76555
77291
77646
77806
79118
79343
81418
81516
81691
82791
82854
83599
84796
86228
86734
86947
86990
87410
90529
94466
97812
660
13606
37686
4436
33024
53675
61649
88110
43706
92725
15465
44585
54043
96359
8423
34304
70712
96296
31743
66849
62070
38503
33022
55149
82314
17070
52787
18866
53871
13044
27495
69441
81424
38330
36755
89874
58642
13862
50251
85197
52482
16250
3760
25835
7232
29449
52848
6528
95408
73991
41063
30505
79193
47320
86978
65187
53492
97087
54099
58629
74212
27550
73568
39444
82720
39562
71473
53151
82363
58926
64089
88864
80710
29091
65596
81305
6658
41303
60603
61003
37243
69940
56632
97566
37893
65761
89570
64429
16759
92632
40013
37837
37210
68485
67128
60597
51989
13847
66357
54164
92350
77590
60451
47890
42044
33727
15876
37968
16555
54462
68776
51634
96635
14675
59217
90959
59620
73950
52624
34947
43429
65160
40187
29155
46561
11306
85589
99243
34685
99094
63954
39635
98739
51531
80298
98130
72026
58107
15056
52325
70449
41188
39564
28657
23382
43683
43371
82015
94572
95172
79782
74952
51143
59964
44857
17458
28224
97947
90770
22940
93631
67423
35768
21289
94115
74090
91639
46351
53543
91441
46621
52987
87501
42497
42739
48347
26128
51900
79691
54329
99902
53541
21091
20084
16466
80571
30961
50881
29129
59162
77378
59652
28216
82212
59820
99493
37284
79137
16952
80530
17639
56143
28781
20425
46411
46705
82782
57266
64798
99854
44665
87709
58989
90496
37582
62112
47662
92162
53826
81877
83959
48499
52471
28826
37946
94058
80870
33932
65170
62958
33008
37737
21118
78722
61080
25362
80745
28372
51744
90953
38586
70137
36957
88428
73951
79928
60057
92211
85186
33767
68543
44370
79546
28609
65915
43824
39054
27573
82141
29849
24548
85027
54969
62548
40927
65136
59561
93843
34987
67396
43484
86629
87196
25973
63942
48342
41124
92201
76230
33556
96500
92439
34108
85507
26556
35237
33695
86710
99214
62881
34957
83459
64802
66068
41090
78675
72498
83333
53580
91632
62338
84368
46572
59971
49165
28803
58095
76181
85375
47295
55595
96009
70642
53843
84170
48697
35681
53511
37652
50858
87800
60000
43321
72997
94081
46268
83398
64836
51795
54834
73848
96747
61709
49808
99552
97236
84524
40948
85753
98987
71476
35327
60630
56619
91983
84285
32984
87143
86230
38265
38990
52281
95098
34703
68483
80570
44977
76089
42554
71162
85214
36300
50615
84304
95842
42054
94651
66789
92729
78156
87097
65726
35734
57915
43254
80551
97757
38549
86129
78980
52347
54684
59684
36998
35248
77471
80457
58864
86024
76785
80130
79175
61247
91187
45291
86385
76926
60030
68973
76251
97931
85901
77260
73000
69079
40293
65221
38321
87006
85293
69389
52977
70807
51736
73880
62803
83853
80590
93661
99068
54596
96856
49811
78005
87640
49300
81468
81087
87227
88752
62174
68785
96523
72554
82701
62298
57756
46551
59296
75744
69402
60758
43462
82752
56710
46008
81273
90524
62933
58083
98531
71925
63749
84417
98624
64841
67325
97052
68013
82438
47777
70211
52367
64192
46633
55141
53490
81984
93321
74447
82291
96967
97509
76851
99268
95658
52950
59618
55512
74760
78242
96985
72799
85491
96631
51319
86975
96535
80560
85315
80520
92500
94696
69411
54422
69884
59640
86148
88583
94537
95368
86767
84201
86239
80382
98139
84681
57367
94862
87135
84097
59896
90280
88778
64350
85161
95880
96108
59135
91987
99282
62125
57372
75790
95816
75276
79270
62509
86464
75862
93486
71255
81136
84293
87571
67124
98879
87543
62036
95101
95569
83163
72418
62433
73514
65376
65627
78338
91654
75705
93019
73440
72785
91609
81124
98389
88535
99951
76258
69529
64351
89878
68265
77725
90261
99827
73414
69344
92301
73392
76506
88710
63591
78500
77602
81764
72604
96620
79886
97219
71895
90627
74566
67251
83805
73166
74536
86142
78258
77053
73833
88303
88412
75058
75445
92336
72516
76441
89261
80238
98079
79877
83317
74642
71795
94426
75884
92332
94873
77884
89169
76621
77441
91569
72001
92335
78694
82340
91695
82272
71565
87661
88925
73496
89563
82895
86252
87583
93447
91314
78409
89142
83045
95739
80879
80283
88866
89504
79760
89211
80539
80769
85473
97699
90159
82640
81885
96367
85524
87903
86967
99357
90564
95039
97812
95540
99175
99753
93800
99452
98501
66
