80
546
724
1475
2246
2306
2652
3527
4568
5733
5772
6220
6863
6997
8118
9442
9504
9860
10013
10098
12400
13751
13785
13930
15435
16125
16438
17277
18150
18457
20710
21730
22228
22847
23059
24915
25858
26506
26653
26809
28445
29690
32872
33070
33368
34482
36227
36328
36988
37765
40796
41501
41874
43556
44730
44920
46492
48095
49677
51433
51435
53276
54587
55307
57035
58271
59709
60281
64371
66602
68859
68981
69842
70493
72354
75012
75199
76230
92380
93585
95061
80
19583
47797
76122
42619
20926
5404
66414
77857
48830
38098
28625
99171
97282
58032
24287
30020
81937
47740
12903
92755
44044
98538
79803
90365
53896
99229
47179
26341
61394
98928
50847
48366
93452
34023
70125
61314
60337
60757
71088
46620
53866
51529
98168
98815
90676
98587
77085
75857
88229
80571
65194
59957
92922
58441
84422
73744
97540
93369
52552
60379
75408
76966
64684
87765
63369
86716
97302
98316
97468
94396
76092
92351
73318
79498
78043
94325
77374
97489
95789
99933
8
