1000
45
179
214
225
256
258
261
280
322
353
488
554
600
682
692
703
732
735
761
761
806
817
821
942
995
1003
1029
1052
1056
1065
1069
1093
1111
1133
1150
1162
1219
1285
1315
1443
1479
1512
1520
1627
1633
1658
1660
1662
1747
1761
1813
1869
1877
1896
1941
2040
2057
2182
2256
2297
2399
2428
2452
2490
2513
2569
2581
2651
2721
2753
2800
2802
2942
3050
3199
3229
3242
3420
3477
3483
3591
3596
3616
3638
3655
3980
4041
4069
4070
4083
4224
4243
4311
4330
4408
4479
4492
4511
4523
4587
4608
4629
4681
4701
4720
4722
4742
4877
4950
5038
5083
5207
5227
5459
5511
5531
5661
5668
5691
5691
5741
5812
5844
5859
5918
5980
6139
6253
6301
6349
6397
6467
6509
6596
6645
6668
6735
6803
6820
6830
6913
7129
7166
7235
7329
7371
7397
7479
7583
7631
7663
7751
7768
7960
7998
8155
8183
8255
8339
8415
8619
8631
8676
8918
8943
8996
9091
9121
9186
9203
9203
9207
9218
9242
9247
9318
9353
9402
9446
9453
9465
9499
9525
9540
9557
9560
9599
9676
9849
9885
9890
9935
9944
10073
10095
10117
10151
10161
10166
10193
10237
10242
10273
10277
10307
10392
10428
10437
10490
10513
10620
10632
10687
10826
10885
10887
10948
10978
10981
11015
11022
11226
11261
11323
11344
11382
11410
11449
11450
11549
11560
11564
11611
11615
11704
11736
11746
11790
11942
11966
11985
11995
12038
12413
12419
12460
12467
12471
12477
12495
12532
12644
12651
12661
12812
12820
12844
12867
12950
12978
12990
13023
13028
13031
13054
13082
13119
13173
13261
13272
13302
13374
13670
13694
13749
13832
13889
13949
14050
14150
14219
14364
14394
14418
14441
14463
14593
14642
14648
14653
14711
14734
14799
14866
15006
15057
15148
15216
15261
15306
15382
15412
15549
15649
15710
15825
15931
15946
16099
16105
16111
16117
16241
16243
16271
16331
16430
16447
16450
16469
16474
16600
16702
16747
16930
16966
17016
17093
17095
17123
17141
17156
17217
17294
17314
17359
17406
17498
17502
17582
17760
17793
17842
18079
18160
18237
18418
18486
18508
18551
18628
18653
18655
18705
18719
18747
18763
18792
18846
18862
18917
18948
19113
19225
19260
19340
19376
19448
19516
19641
19803
19950
20169
20378
20461
20469
20527
20586
20848
20852
20868
20919
20986
21009
21237
21327
21460
21486
21497
21665
21727
21744
21870
21938
21993
21996
22024
22102
22187
22207
22247
22293
22342
22343
22387
22395
22542
22595
22655
22664
22721
22751
22790
22910
22930
22941
22952
22959
23061
23112
23202
23203
23316
23467
23475
23493
23520
23525
23538
23543
23559
23569
23657
23679
23727
23764
24021
24082
24101
24137
24176
24260
24305
24343
24367
24404
24465
24492
24496
24584
24595
24606
24865
24967
25141
25174
25206
25220
25239
25291
25330
25334
25337
25358
25395
25497
25516
25538
25560
25566
25605
25673
25674
25728
25894
25923
25999
26038
26065
26144
26145
26169
26174
26361
26412
26446
26568
26777
26866
26874
26886
26898
26966
26985
27011
27023
27119
27139
27157
27321
27406
27413
27491
27541
27598
27711
27737
27804
27864
27886
28237
28261
28628
28635
28808
28873
28924
28933
28944
29019
29099
29206
29292
29338
29567
29574
29707
29861
29878
29914
30019
30119
30143
30252
30594
30605
30643
30645
30899
30960
30969
30986
31158
31191
31235
31239
31250
31328
31337
31591
31601
31636
31674
32249
32274
32300
32499
32502
32567
32863
32874
33082
33151
33178
33206
33214
33298
33462
33466
33495
33507
33545
33611
33684
33823
33908
33997
34137
34374
34452
34489
34528
34605
34647
34690
34763
34877
35044
35084
35227
35363
35463
35667
35674
35741
35743
35787
36067
36071
36130
36453
36477
36637
36682
36869
36948
36983
37013
37028
37041
37079
37141
37185
37201
37208
37216
37386
37669
37676
37836
37917
37928
38145
38281
38283
38317
38426
38470
38497
38575
38679
38703
38774
38780
38784
38864
38878
38895
38954
39061
39130
39138
39283
39442
39761
39917
40095
40288
40297
40405
40471
40589
40599
40643
40656
40702
40719
40866
41204
41218
41265
41469
41599
41744
41877
41991
42236
42308
42338
42384
42429
42485
42632
42903
43024
43281
43282
43317
43365
43701
43751
43751
43830
44009
44132
44239
44265
44386
44440
44461
44530
44540
44688
44705
44747
44831
45021
45074
45144
45319
45485
45490
45511
45775
45798
46146
46246
46365
46427
46483
46494
46547
46550
46576
46678
46769
46833
46895
47120
47228
47398
47482
47492
47598
47641
47646
48146
48195
48216
48348
48416
48633
48672
48678
48892
48897
49024
49118
49254
49266
49612
49660
49731
49774
50074
50094
50245
50267
50273
50291
50386
50463
50847
51104
51109
51149
51324
51342
51450
51468
51487
51499
51586
51693
51826
52042
52075
52337
52411
52488
52539
52647
52743
52832
52922
53080
53240
53304
53348
53613
53684
53886
54025
54147
54181
54195
54467
54509
54603
54812
55113
55182
55261
55382
55436
55563
55604
55611
55809
55939
55998
56058
56099
56129
56152
56341
56433
56490
56562
56585
56616
56688
56714
56814
56830
56843
56976
57131
57461
57522
57540
57663
57678
57796
57818
57912
57918
58024
58186
58262
58348
58366
58450
58532
58574
58677
58899
59016
59059
59227
59374
59390
59544
59577
59603
59673
59949
60061
60375
60402
60531
60541
60596
60614
61078
61421
61482
61522
61535
61750
61807
61857
61922
61992
62190
62245
62272
62311
62326
62328
62459
62497
62702
63326
63339
63646
63675
63761
63771
63778
63788
64027
64099
64489
64682
64811
64933
65081
65221
65404
65538
65880
65899
66037
66328
66368
66464
66550
66597
67052
67061
67199
67309
67333
67345
67488
67523
67529
67539
67668
67695
67765
67945
67971
68113
68277
68278
68291
68428
68505
68544
68633
68636
68797
69052
69241
69461
69485
69958
69958
70020
70115
70287
70331
70351
70492
70868
70984
71247
71324
71653
72084
72484
72634
72658
72700
72735
72927
72966
73153
74247
74466
74687
74722
74885
75018
75231
75452
75644
75928
76363
77584
77751
77982
78147
78913
79146
79475
79641
79921
79989
80099
80652
80684
80922
81862
81878
81926
82736
82816
83304
83540
83541
83668
83881
84787
85372
85479
85504
85514
86359
86668
87532
88669
89013
89328
90960
92748
95232
97568
1000
2261
87423
49747
94732
92857
7442
72321
81765
51202
72294
12844
61760
46342
36243
87587
50033
19536
56110
34737
44902
50304
59711
30940
91752
87661
71910
73850
44351
66822
45658
10616
69616
9590
5988
92771
87920
72411
72620
63817
11598
76275
55234
50533
32105
22440
55424
36859
6443
13892
6932
29651
9914
61660
68190
29924
6198
39885
71117
49401
78593
61141
87237
87058
77314
54365
58628
19364
98760
62267
38880
29190
20422
8011
56932
41668
67738
68400
23783
8969
92614
89845
25766
60006
71276
8426
75813
6079
47848
77363
21669
36053
68682
92046
36858
50763
55354
36056
35936
99847
38559
56877
63970
45147
25326
37167
48500
97316
76240
95390
74070
15126
15254
63547
38813
23857
95547
64922
76838
14935
24968
57670
77623
32916
66489
49116
22403
73516
81036
69448
25576
42483
87682
24813
79096
74049
19457
18237
55473
47181
60054
28259
98398
91435
34571
7976
34826
15742
85038
90667
31386
42211
44945
37258
34533
15226
95798
36641
55192
41530
15005
91805
11486
66830
97275
70182
62142
82067
19420
25787
17429
68690
49447
89306
19773
11982
53427
81004
46039
26658
34397
47685
91756
40075
38417
32993
12152
19430
62332
76764
40564
99973
95129
66010
20966
98096
18451
95154
13497
18151
90822
79843
18786
64454
35880
51161
14256
34445
63334
94670
59092
55337
93148
72441
72704
24216
71377
59197
69433
44647
76043
71958
89125
66651
50741
30778
34729
59316
51949
56915
44268
43152
54141
20849
95746
16030
48629
12928
89924
70525
53854
48895
98164
30111
31792
96225
69081
66344
51392
62880
32044
27003
96445
34698
94462
53032
73965
54354
72072
90119
46381
96619
75155
84212
16154
22517
26313
17686
51987
38161
90002
87438
82165
54329
30068
51990
59265
81811
28294
98100
80201
40195
67870
27895
64106
59496
76661
59130
49564
30902
90923
27008
65741
28314
84830
30124
54074
45980
69587
64840
88791
30909
37719
91202
44614
57143
73704
88737
24774
25245
23416
19880
50683
63968
21744
50628
62287
45309
95097
41605
65055
37733
98919
92801
69459
94611
20532
95021
48600
75617
50447
86255
58827
98570
50085
60756
87168
35313
18122
69680
96235
84834
44775
78071
98062
62564
88981
59399
99832
64648
37476
71933
85308
98961
39640
43391
96744
77695
24769
67871
49777
74510
23581
33999
61158
95728
55777
24016
60082
42571
50769
90257
45670
56701
78176
62640
63289
24792
65484
62162
56355
83728
83347
44824
41617
40076
64703
53188
30879
68736
23024
69101
69233
97100
66022
81531
26197
68161
56670
79532
89039
64327
31362
94320
48401
34698
95854
23445
83243
30984
84208
95521
99925
48248
95985
92278
61128
89792
81556
32735
42672
56881
92235
68718
30772
47496
29250
68276
45330
87815
31126
60960
36937
54919
25397
50724
62382
42363
60708
73485
85924
97603
30303
35393
86285
56449
92598
33194
68524
60575
25787
38868
80262
74019
42395
71001
35281
85288
35137
41134
58824
87570
65262
71148
79089
39266
62316
98981
63575
44624
73940
26694
78661
77414
67403
64543
55899
59980
97608
65406
74784
71904
28912
45091
45551
61774
46553
31246
73186
95509
67601
47707
32314
76804
93317
44899
49295
39811
65110
77092
55285
96179
64390
50198
83535
69005
90087
80654
81210
55794
86665
82994
69517
34605
92813
38755
55658
65918
85809
37033
35667
78852
46769
30792
85635
88404
80604
48426
97966
72468
69493
95032
88475
59446
55234
36137
75123
68831
31925
79772
72226
56832
49681
81227
69791
65853
31942
97407
51427
70410
83297
46018
94243
53960
39192
93806
81222
47499
89080
59575
66265
95911
38054
41168
80227
58318
61793
53539
70879
35873
57688
47919
72155
59201
72673
37704
37272
36754
77844
88836
81941
49112
44507
53645
54063
73173
93170
59446
97995
93099
62721
91276
36462
85488
74286
67368
70388
78199
72933
87039
85392
92328
95196
64789
38493
47678
95541
87459
81863
94698
51885
38471
86682
50888
41366
94779
99519
87885
42944
76442
45228
70286
79228
77854
82432
61028
56928
76446
40611
92239
50562
55777
78047
90745
66052
95161
99723
70894
70883
62494
77700
40073
69131
54740
66230
45704
46250
68921
75352
75219
68128
93922
66765
89834
54225
48447
67040
51997
86897
92377
57770
73488
72764
61742
67047
87113
54258
53125
97828
75317
74582
76452
77010
96817
52102
54213
72487
50064
90514
64948
93590
87974
93120
53409
53150
86688
63829
64872
68165
44688
45324
49485
84890
71029
98106
47052
95632
54862
68715
72877
56265
48402
97239
82329
95019
68655
77972
66057
94166
52778
96294
84316
74070
83037
89572
65658
95689
57631
77162
80132
81505
53969
55289
70621
49374
84968
71881
51585
83918
61674
64960
74884
87192
76915
91110
88631
51585
73820
68134
74324
77469
66446
53866
99456
98943
67277
74392
56601
85047
84601
70515
83653
55383
70505
97604
71393
74194
70327
58321
92693
58968
75744
52513
61868
85643
75114
63462
54787
62381
74450
78182
81563
95058
89424
75891
97355
73199
97204
56447
75954
97310
84538
79454
68552
98928
66226
57023
76219
69987
91126
74790
61728
63646
66409
74027
91566
73592
72590
95689
65470
71708
72203
63103
64120
97763
63079
84411
59929
67751
57533
96010
98972
98297
97566
63074
98657
99620
77204
71389
98674
92516
73883
99869
95623
73529
86265
86470
69539
68767
73719
72156
75271
66102
94083
81199
72532
78780
91841
65916
63925
78850
76280
68838
60055
91801
91188
63678
77695
68157
73918
60621
95656
73137
65828
71173
71077
76839
93786
70255
85908
75123
76618
93909
96175
88052
71055
87537
69023
67597
98216
72235
75670
79531
79852
96145
94113
67972
85250
90860
81605
98037
91105
87347
84448
85206
87194
82040
80125
99241
84546
77498
78045
76369
67481
97244
91487
80686
88230
99163
86767
81703
79398
94214
69900
80169
99635
92025
83394
76225
79710
76568
73943
88884
90647
83758
71775
89889
74788
99928
76244
80752
90079
93808
78076
94458
90886
92891
78399
81976
93505
97655
98606
96430
92595
71059
80151
74683
78124
71010
71403
95731
77957
78003
93947
83845
99896
78727
81888
74982
96468
73816
78126
96450
80229
75910
85080
97248
93885
95610
84747
85877
79916
89889
98507
87454
81802
81922
93256
83728
92877
86320
92037
97514
89676
84951
99279
83404
88245
98941
84177
82893
90983
95633
88318
93635
94586
97142
85429
90181
92503
87085
96836
87330
96581
91959
98166
99777
97887
94186
98384
99261
100
