1000
14
180
228
251
302
375
480
544
551
595
598
776
827
833
927
936
986
990
998
1102
1131
1182
1204
1283
1283
1287
1302
1359
1405
1450
1478
1603
1610
1702
1739
1791
1817
1853
1862
1878
1901
1915
2038
2039
2117
2163
2178
2182
2209
2253
2364
2398
2484
2500
2750
2766
2853
2871
2885
2970
3037
3039
3057
3287
3310
3328
3347
3535
3552
3691
3707
3712
3774
3813
3884
3998
4000
4035
4131
4179
4210
4267
4320
4336
4344
4358
4361
4394
4424
4432
4466
4487
4490
4580
4582
4775
4840
4896
4952
4963
4981
5114
5148
5231
5256
5274
5378
5388
5519
5617
5642
5643
5683
5758
5827
5858
5873
5885
5959
6063
6096
6134
6176
6199
6229
6239
6288
6318
6422
6441
6468
6634
6639
6670
6672
6702
6725
6788
6866
6953
6993
7022
7032
7047
7193
7196
7212
7283
7305
7305
7312
7399
7434
7457
7483
7536
7567
7644
7652
7841
8024
8032
8091
8100
8108
8175
8259
8349
8376
8397
8408
8458
8561
8590
8612
8748
8776
8864
8917
8924
8967
9001
9040
9045
9051
9078
9173
9378
9485
9562
9572
9608
9752
9804
9944
10051
10069
10077
10141
10285
10303
10334
10424
10443
10486
10534
10564
10653
10662
10777
10841
10866
10924
10979
11109
11191
11251
11260
11271
11284
11292
11338
11399
11436
11451
11458
11486
11487
11520
11564
11570
11681
11701
11758
11800
11819
11826
11852
11929
11986
12161
12243
12264
12308
12341
12463
12628
12631
12632
12639
12687
12740
12742
12760
12825
12844
12848
12914
13030
13063
13145
13197
13204
13211
13288
13307
13380
13475
13488
13532
13666
13790
13852
13969
13985
14039
14085
14106
14184
14192
14196
14222
14224
14242
14251
14359
14466
14508
14542
14630
14812
14874
14884
14935
15017
15121
15136
15193
15206
15209
15332
15332
15333
15488
15577
15636
15815
15836
15983
16074
16189
16228
16229
16285
16290
16310
16315
16350
16435
16595
16692
16706
16739
16841
16848
16865
16866
16910
16938
17076
17085
17261
17288
17350
17406
17432
17517
17523
17579
17690
17891
17895
17931
17935
18075
18156
18279
18296
18332
18357
18428
18461
18487
18487
18494
18526
18570
18660
18741
18772
18837
18873
18941
18981
19030
19450
19514
19535
19604
19634
19886
19910
19925
19930
19962
19966
19993
20048
20183
20215
20279
20312
20396
20432
20483
20661
20675
20934
21056
21178
21336
21387
21429
21438
21466
21818
21850
21863
21898
22021
22125
22300
22382
22559
22585
22606
22622
22751
22793
22874
22911
22937
23075
23115
23163
23185
23191
23370
23396
23412
23534
23724
23742
23829
23892
23959
23970
24040
24092
24115
24148
24172
24271
24276
24388
24396
24522
24641
24866
24924
25061
25196
25371
25444
25510
25558
25653
25777
25913
26071
26111
26142
26155
26164
26181
26268
26717
26762
26786
26798
26851
26952
27043
27071
27131
27150
27356
27373
27400
27479
27536
27588
27679
27733
27903
27926
28059
28077
28204
28301
28503
28516
28571
28585
28688
28863
28905
29011
29241
29332
29337
29340
29367
29447
29570
29644
29667
29674
29767
29844
29942
30099
30132
30216
30251
30327
30408
30513
30577
30613
30617
30631
30652
30666
30692
30794
30799
30840
30852
30922
31039
31159
31210
31249
31304
31319
31381
31425
31498
31505
31527
31637
31706
31747
31970
32029
32107
32191
32222
32272
32343
32510
32650
32692
32772
32795
33014
33032
33062
33137
33400
33542
33596
33694
33837
33845
33868
33889
33927
33958
33958
34034
34095
34135
34254
34296
34353
34357
34378
34446
34937
35005
35037
35086
35178
35180
35270
35303
35484
35604
35662
35707
35727
35747
35894
35900
36020
36042
36158
36272
36382
36429
36452
36459
36497
36528
36549
36644
36754
36838
36870
37083
37085
37160
37211
37234
37288
37298
37339
37373
37385
37477
37504
37565
37579
37683
37683
37732
37734
37746
37758
37799
38000
38076
38101
38224
38287
38288
38533
38544
38572
38639
38726
38773
38777
38863
38980
39052
39053
39098
39100
39286
39394
39406
39747
39814
40032
40181
40355
40576
40582
40679
40858
41024
41081
41145
41221
41267
41390
41453
41572
41608
41637
41727
41858
41889
42079
42264
42318
42340
42347
42350
42423
42610
42623
42645
42714
42793
42855
42961
43156
43342
43409
43427
43544
43638
43640
43670
43747
43763
43831
43847
44007
44021
44209
44275
44325
44429
44497
44519
44563
44651
44769
44954
45013
45270
45482
45540
45550
45639
45687
45773
45810
45995
46173
46251
46272
46327
46361
46469
46557
46617
46782
46992
47045
47164
47531
47538
47691
47725
47742
48146
48233
48528
48651
48687
48720
48757
48763
48819
49242
49354
49466
49501
49549
49610
49651
49720
49761
50101
50103
50120
50231
50416
50423
50700
50724
51005
51022
51215
51583
51701
51752
51843
51946
51960
51986
52108
52120
52298
52432
52617
52623
52785
53056
53068
53129
53298
53412
53515
53528
53667
53676
53741
53860
53955
54191
54207
54238
54257
54271
54455
54876
54899
54926
55070
55126
55153
55167
55194
55439
55520
55596
55734
55978
56143
56583
56800
56942
57000
57103
57134
57307
57408
57562
57806
58008
58026
58064
58090
58183
58526
58598
58676
58704
58751
58780
58854
59105
59224
59257
59325
59484
59595
59888
59947
59955
60486
60504
60504
60532
61160
61303
61382
61607
61607
61896
61953
62367
62405
62490
62721
62763
62798
62850
62978
63049
63083
63122
63250
63597
63771
63852
64007
64491
64589
64861
64958
65129
65178
65270
65556
65628
65655
65663
65691
65750
66474
66542
66623
66895
66934
67150
67241
67330
67491
67525
67799
67831
67862
67917
67958
68345
68507
68552
68699
69071
69504
69540
69586
70016
70130
70190
70323
70324
70375
70628
70743
70799
70917
71101
71337
71617
71729
71979
72010
72067
72502
72904
73078
73192
73784
73914
73966
74038
74169
74268
74432
74698
74774
74842
74871
74991
75003
75107
75227
76124
76133
76290
76416
76605
77007
77134
77612
78406
78613
78904
79754
79781
80149
80330
80518
80524
81057
81284
81630
81823
81961
82231
83253
83427
83435
83578
83645
83725
83753
83803
83866
83978
84084
84225
84239
84561
84581
85122
85136
85213
85816
86150
86303
86617
86753
86953
87597
87681
87843
87921
88045
88177
89043
89209
90076
91040
91142
91342
91485
93593
94920
95395
98523
1000
45612
37973
4336
41248
12958
99498
93457
20769
44224
75636
63432
97300
94445
99706
87177
78902
18615
45184
40198
60294
5536
69326
19863
46437
64705
6824
39724
56329
1461
67819
69274
92793
66042
26396
2919
75485
7064
21159
24540
66243
96228
3473
63638
5188
5815
3109
4135
54269
58996
65330
29235
41255
32147
49803
82276
6864
45987
39531
44199
38305
49194
37685
52616
6807
30678
26469
34578
12813
72432
34833
59672
98957
73256
95024
37348
71386
91742
84626
20278
21543
57864
79238
75671
71098
51919
50503
95423
98906
59018
75913
90754
34159
85675
17874
89208
41365
9183
90717
15464
35614
19568
66075
97078
65526
85311
89677
71237
52141
34143
13433
91411
90211
31525
37093
35203
47380
60250
6046
10468
33445
24456
93609
61851
42955
19779
14006
11080
88805
12064
18777
83508
34060
22824
83050
57939
71139
84685
53710
82685
64283
78575
26794
55651
35603
79983
21134
49412
43968
68997
82015
25015
19304
69614
37558
27683
75395
18878
81376
55180
71854
83321
35889
66613
95910
54605
82267
15919
75704
65040
27589
66506
68548
60726
52323
12757
33484
77980
88092
54370
29354
76902
70738
38554
84824
85138
58185
50024
70056
86301
13489
89328
81589
62613
48635
24335
81245
48899
79918
80399
63107
72057
90236
12373
32805
71930
75787
38048
76202
41815
99278
87970
66899
38157
11522
47750
82280
61268
78414
53802
21673
81189
39054
61706
52130
74037
86575
39551
78935
12665
70473
80078
87957
33663
95231
18070
53486
35593
86588
74309
45022
69505
55326
22046
76321
48821
24626
16022
50216
29437
18659
70910
86730
22525
64648
12850
36581
55861
97211
64091
52422
70338
85136
22712
61097
85328
66058
60478
36415
28379
36694
20822
19589
63952
14145
26588
41114
37887
88924
20888
95021
46886
52810
67009
63267
73368
36621
35939
25497
51556
64538
16692
76752
91671
66663
61592
28104
36968
53847
35174
59197
60264
77810
17966
20057
85257
30986
74094
96029
93233
39862
56290
92955
39072
76076
30727
63205
54991
58761
23078
75189
91744
57499
72310
78016
65119
86653
69830
75768
70047
60809
66794
25348
87314
37755
23199
71207
74061
40062
81265
28238
26568
67360
99331
93611
58455
38633
39886
36785
30150
58911
36077
78033
36512
88560
86671
64121
23137
59442
90601
26792
27109
74899
55686
20106
77829
50423
53072
24689
65226
59588
45635
32240
29437
40128
29821
97525
69300
80396
68915
28469
23395
81671
35574
61771
64815
63365
72823
60799
39774
21498
61673
25706
26802
40508
88219
99549
48920
34131
34198
50895
91188
84487
86546
77143
47344
29430
38766
97278
68503
29356
64256
77306
54508
99396
27194
64794
94609
28385
81612
61576
87498
93011
59307
38995
59052
70852
46791
44197
51897
65225
42972
46522
56806
83579
83732
25125
50590
92410
77502
61355
46107
48355
75547
78331
33231
59696
88371
54406
42942
70543
72726
68313
75639
92925
67103
56107
65197
56838
53016
63927
68839
87990
49900
54005
96767
76539
71124
32346
57386
97495
35447
99684
91097
70632
68426
43723
35450
68780
72213
80999
61310
86018
33749
86955
99560
72302
33756
51940
77670
43981
44107
95873
62096
87513
95810
32998
53422
66818
57791
49501
54229
45335
81147
82594
85769
90805
98544
83399
67143
72284
79507
58678
35546
31895
91927
75890
32729
38074
90765
56004
48635
97738
40482
65678
97893
68624
51234
38057
60443
85694
94003
43685
55127
83792
40029
40077
35470
93704
66255
69642
95155
44912
99504
39675
56451
79615
87788
49265
70911
70701
61745
33907
69857
77393
72128
50382
72866
39043
67657
73789
91589
50669
67844
93179
35165
54343
85479
87496
44962
84102
98749
46037
40017
52528
35482
55822
36555
57540
86742
42974
51905
40898
42454
86586
59525
68302
78018
92883
43128
83641
55390
91456
36821
41206
71416
61620
72416
76223
40340
38581
93129
39139
42537
72527
55651
88940
50501
38321
50669
51588
38467
52190
74474
46514
82816
68387
84898
87937
98378
76387
56949
96350
45755
49221
84476
39324
60789
68652
45623
77382
85362
52545
98336
56087
95196
49399
93680
83253
75376
99816
44771
90876
81698
75075
85696
96119
84068
82175
69114
92424
95576
72128
79568
66445
68156
59904
74331
53835
63105
50191
73662
95686
97008
82117
51948
52100
94536
47431
96848
53647
44665
76747
69398
75466
66349
70985
94233
73851
56910
54601
49355
90563
73062
47578
45433
99325
81162
51577
88760
45076
75054
68031
48288
90242
63929
82239
59540
96101
44979
95481
98274
57147
98296
81618
97749
51463
91934
95951
90458
77875
94365
91677
90925
83156
90047
52321
71389
97108
69064
82214
78952
63446
57752
73580
78033
56159
71223
94441
77501
97247
79624
66017
61345
98608
71666
52059
71369
83395
59520
62552
95801
78554
79871
86998
51383
73053
57545
53035
72133
82832
95858
84666
96022
65892
63306
68215
84929
99359
51579
72665
99332
51922
74059
53714
84113
78318
66557
60521
81155
66317
71703
83874
58873
72803
55757
54501
79695
87402
67165
64731
97718
71059
76445
80200
69036
65335
83604
90479
97817
61431
66993
59248
79366
61223
93164
99976
73739
84198
82863
88144
68498
96262
78037
86727
98780
56350
64214
66975
88789
77109
76758
89340
82914
57770
91530
58993
75283
98525
61211
72026
72680
59515
80203
81830
79662
61274
99164
95085
77703
63586
90249
95432
84429
92385
83507
89311
85704
77538
60736
77579
97129
81403
91153
67700
70593
80338
87547
90182
74635
86158
97244
78890
96401
66718
95900
77949
98576
74169
64945
72387
93972
67878
78962
70874
69519
78777
96550
66928
83853
76550
86778
97505
91261
71778
99475
90542
84312
90965
77434
96685
68060
82164
75437
83020
92818
84180
76737
75126
81087
77966
84356
98888
91841
81429
87891
92572
89174
84120
83751
91531
89912
80394
80265
89637
85516
93781
72481
99473
88623
70924
71622
76877
92562
92627
90737
96047
94765
96075
78613
78112
83260
77774
91780
78225
79077
83312
90629
74590
96799
78008
79706
85246
84702
75999
87481
84725
86435
98045
82517
82959
96216
79785
98327
85847
84889
92151
96861
98850
81354
99828
87951
96791
83403
87638
98999
86160
85090
83072
87429
96342
94428
93829
84597
95431
93346
86225
87491
97619
88377
96611
89828
88973
96728
93641
88169
85308
94791
86201
91745
90585
96743
96497
95934
90852
88828
99160
99344
98992
96652
89413
91653
99759
91748
97126
99114
99233
95559
99374
97023
99455
100
