112
82
238
570
607
682
1040
1840
1948
2216
2648
2727
2830
2901
3034
3191
3494
3730
4235
4290
4293
4340
4347
4795
4917
5058
5364
6356
6368
6404
7206
7557
7972
8539
9118
9189
9611
10254
10538
10700
10874
11389
13174
13997
14031
14413
14501
16950
17463
17568
17989
18158
18594
18628
19081
19126
19530
20091
20505
21649
22536
23619
24567
25434
25579
26058
26305
26313
26608
27285
28024
28206
28459
28795
28947
30691
31234
31492
32461
33003
33460
34472
34946
35022
35218
35326
36160
36430
39215
39391
40744
41082
41313
43922
49315
49615
49798
52275
53827
55341
56043
56857
58700
60029
60050
66250
66749
68364
72891
76336
77889
85796
91522
112
26310
25850
53542
72261
44501
32003
33418
62952
16128
56971
34995
58391
3178
73304
95426
60359
49158
14678
20484
45792
71693
65101
97698
56553
55116
12498
47642
18997
90429
73060
8903
85239
17648
90361
45976
58970
94893
93741
50271
67638
58026
19848
61153
85055
59480
38047
60290
96432
51747
95368
33682
99632
30858
99052
47687
90369
93513
55630
32134
82135
89439
98339
56621
93530
64525
70461
47387
70479
87771
66762
90359
36874
92623
32291
31627
33075
88575
95437
53517
91101
45730
90784
59232
48519
54099
95152
98286
88356
56683
53145
87517
61887
53415
72758
73169
73789
66190
74233
61683
72262
90418
71044
88028
90965
86991
78051
75570
99755
95344
98988
92293
96158
11
