109
974
1256
1962
2022
2337
2423
2905
2955
3349
3466
3882
5386
5625
6043
6726
6888
7670
7673
8236
8283
8543
8582
8873
8934
10198
10499
11128
11306
11341
11706
11900
11973
12184
12925
13203
13774
13811
14614
14770
15668
16467
17446
17506
17722
18005
18419
18607
18777
18809
18945
19302
19380
21397
21802
21861
21994
22091
22843
25662
27829
28805
29321
31012
31327
32037
35129
35190
35569
35929
37733
39300
39669
39812
40085
40714
42591
43325
43377
44600
45885
47256
47469
48627
48900
49300
51660
52299
54341
55591
55764
55937
57200
57754
58661
62505
63921
65819
65985
66343
66997
67373
67622
67918
73417
76349
81096
81777
88820
95500
109
87132
75322
62755
36785
25211
67270
44819
69787
32173
48523
84931
47626
42063
6641
89773
89413
38083
73851
73794
13259
88465
88210
49909
45895
39508
49959
29151
44879
65085
46229
33453
79293
59471
67638
23507
52960
23312
54539
60380
73941
52927
19757
68140
29905
95995
69180
36841
22405
48037
28203
78207
45551
54082
67606
48143
23206
27685
90869
73731
73623
59356
78737
66144
54260
62601
70689
89529
95747
39530
71156
41223
72814
55940
45631
83899
80525
87744
55543
64820
75580
68851
90072
79445
52997
87344
62010
56191
55423
85645
64444
79108
87982
86249
70164
90614
89225
94429
96659
67588
69918
97714
79568
97370
86709
78612
87191
85274
99337
98491
8
