1000
78
94
97
118
203
273
306
314
324
362
470
475
550
708
836
844
868
871
976
1071
1095
1102
1149
1212
1271
1306
1419
1426
1444
1456
1490
1494
1521
1534
1555
1569
1654
1656
1666
1667
1683
1778
1843
1915
1926
2051
2074
2121
2160
2304
2394
2552
2721
2789
2909
2945
3003
3158
3164
3166
3184
3316
3376
3530
3533
3581
3605
3631
3813
3848
3941
3979
4019
4040
4140
4172
4174
4184
4320
4341
4351
4413
4416
4620
4736
4754
4853
5059
5108
5178
5193
5248
5280
5291
5357
5602
5612
5739
5752
5947
5980
5992
5996
6047
6182
6198
6241
6241
6372
6458
6467
6485
6542
6578
6648
6688
6749
6754
6848
7064
7075
7125
7250
7301
7330
7395
7397
7434
7527
7541
7572
7604
7682
7753
7780
7879
7883
7965
8020
8217
8252
8255
8342
8343
8429
8467
8473
8521
8583
8595
8765
8767
8847
8922
8971
9193
9342
9362
9429
9429
9452
9577
9645
9674
9803
9832
9850
9860
9939
10039
10063
10070
10077
10086
10197
10259
10311
10337
10353
10418
10472
10513
10542
10640
10656
10662
10721
10737
10763
10800
10802
10828
10873
10948
10960
10993
11022
11054
11059
11137
11155
11192
11205
11559
11565
11578
11757
11918
11965
12056
12110
12270
12299
12583
12605
12645
12662
12755
12960
12976
12982
13003
13074
13081
13095
13160
13226
13296
13309
13322
13459
13466
13493
13538
13607
13761
13991
14058
14088
14108
14112
14202
14283
14338
14376
14399
14404
14524
14780
14781
14897
15116
15129
15167
15305
15425
15498
15534
15539
15547
15613
15639
15750
15862
15956
16009
16033
16124
16205
16216
16221
16247
16324
16337
16348
16429
16455
16510
16539
16615
16758
16851
16899
16946
17017
17047
17060
17141
17184
17185
17185
17224
17268
17282
17316
17358
17459
17508
17547
17554
17566
17567
17691
17724
17754
17775
17809
17858
17876
17935
18024
18056
18065
18191
18203
18242
18246
18264
18296
18378
18398
18418
18447
18467
18510
18558
18565
18705
18733
18752
18811
18853
18909
18968
19020
19042
19073
19075
19118
19158
19190
19200
19288
19292
19301
19331
19333
19349
19359
19390
19440
19520
19534
19640
19945
19987
20006
20039
20161
20169
20240
20264
20361
20371
20489
20499
20511
20568
20614
20689
20697
20728
20735
20738
20753
20759
20783
20789
20800
20805
20897
20944
20959
20965
21092
21180
21515
21534
21677
21753
21814
21821
21826
22002
22012
22033
22038
22096
22173
22257
22270
22299
22329
22430
22432
22501
22561
22591
22592
22668
22716
22807
22861
22903
22981
23016
23079
23201
23203
23222
23308
23329
23355
23416
23516
23524
23612
23841
23885
23970
24110
24123
24131
24138
24146
24222
24310
24324
24348
24436
24472
24492
24539
24555
24562
24636
24657
24658
24903
25013
25260
25328
25348
25381
25422
25606
25914
26131
26131
26132
26157
26163
26211
26235
26410
26573
26764
26857
26951
27017
27047
27093
27242
27250
27304
27368
27398
27442
27460
27496
27640
27747
27852
27879
28061
28243
28280
28400
28426
28485
28546
28561
28586
28652
28763
28786
28876
29154
29308
29327
29406
29463
29482
29508
29520
29560
29833
30071
30123
30305
30335
30431
30531
30541
30608
30758
30759
30776
30846
30873
30939
30953
31056
31110
31161
31188
31225
31355
31368
31425
31430
31457
31590
31766
31810
31835
32039
32057
32075
32092
32193
32245
32289
32348
32382
32421
32484
32494
32621
32837
33023
33138
33186
33258
33303
33401
33609
33624
33662
33762
33765
33939
34018
34071
34133
34191
34226
34272
34456
34496
34552
34556
34582
34827
34912
35014
35206
35245
35247
35282
35339
35519
35588
35592
35626
35659
35669
35707
35812
35840
36011
36222
36259
36272
36405
36666
36826
36873
36874
36990
37002
37024
37095
37330
37364
37542
37656
38021
38150
38156
38158
38180
38231
38320
38327
38369
38446
38800
38894
38955
38994
38996
39013
39022
39127
39196
39256
39326
39380
39404
39627
39839
39848
39876
40067
40078
40088
40128
40216
40260
40311
40350
40404
40458
40493
40580
40801
40882
41090
41139
41498
41653
41695
41729
41752
41883
41934
41992
42204
42293
42418
42588
42781
42790
42817
42917
42930
42993
43017
43038
43386
43438
43567
43634
43659
43732
43746
43939
43990
44043
44084
44208
44318
44478
44488
44544
44651
44686
44697
44726
44778
44778
44816
44862
44945
45033
45083
45230
45297
45324
45410
45416
45483
45534
45592
45747
45765
45821
46054
46102
46136
46277
46291
46388
46712
46829
46869
46871
46940
47042
47071
47224
47242
47248
47288
47330
47340
47375
47452
47733
47780
47984
47984
48051
48075
48076
48130
48227
48306
48474
48481
48506
48627
48712
48727
48851
48867
48902
49293
49320
49340
49459
49477
49543
49810
49947
50129
50255
50311
50708
51187
51296
51305
51328
51379
51464
51504
51606
51980
52043
52168
52278
52618
52862
52879
52889
52919
52959
53125
53144
53157
53189
53216
53220
53695
53811
53815
53903
53915
53919
53940
54090
54290
54350
54438
54447
54526
54527
54530
54661
54832
54888
55067
55230
55333
55367
55867
55896
55933
56299
56376
56397
56511
56625
56650
56738
57052
57081
57107
57225
57303
57355
57361
57447
57621
57621
57992
58052
58356
58698
58699
58801
58815
58857
58861
58977
59132
59155
59190
59306
59326
59470
59760
59766
59819
60054
60183
60187
60320
60354
60495
60513
60592
60704
61049
61056
61147
61150
61154
61258
61354
61367
61452
61632
61680
61689
61746
61930
62284
62290
62328
62383
62387
62462
62565
62901
62946
62976
63047
63102
63329
63559
63594
64038
64194
64228
64523
64673
64826
65224
65440
65510
65790
66093
66150
66318
66393
66708
66995
67503
67524
67716
67936
68024
68395
68429
68838
68865
68967
69082
69092
69146
69371
69533
69592
69756
69756
70348
70819
71009
71044
71054
71167
71193
71753
71755
72102
72213
72405
72583
72613
72836
73033
73202
73288
73370
73856
74012
74318
74407
74419
74538
74918
75024
75028
75430
75618
75738
75906
75928
76150
76427
76586
76648
76664
76899
76939
77126
77141
77305
77823
78521
78686
78848
82410
82425
82473
82913
83349
83423
83502
84149
84241
84472
85754
85890
86053
86059
86197
86657
86767
86866
87351
87634
87761
87855
89391
89945
90169
90178
91217
91335
91587
92820
93555
94011
94224
95043
95099
96073
1000
86301
12401
97814
16654
82705
67424
12497
62698
13701
1005
99532
47870
61879
69148
38391
16587
39468
54098
88161
13191
17538
66257
88923
53697
70291
15508
85543
23194
45773
26424
34661
99084
89326
82153
15451
81617
16549
8502
81852
40877
48251
87829
15034
9340
40173
48587
96229
48541
29158
94910
83158
98371
17028
28526
62075
91750
44982
32174
98818
73349
23787
13245
22142
26448
41450
22041
97162
24047
94068
32653
33429
35047
59790
30040
91255
43900
6957
53047
7193
11798
52328
24150
16152
81020
59555
29950
62070
60958
5366
50887
15390
35501
85509
68448
61764
57999
21739
65724
63008
37576
12586
39260
42486
21957
40846
20831
66769
70888
79280
67851
68217
26772
40593
56570
82354
92587
14527
42917
73269
20722
43364
48610
17810
56056
70125
67878
81338
48682
29702
29794
77718
14789
67579
96472
20976
16256
77468
18447
27020
82691
54229
55631
40588
81325
39335
20960
27173
64261
37954
45389
19678
83859
34983
77617
50260
22524
93054
53296
38147
87850
83328
39519
94685
33577
61928
12680
21064
70792
16135
91743
96415
65070
65408
10269
92906
93838
52465
47758
93917
57717
80301
64577
39235
15223
94997
23542
76175
77164
33818
43494
60716
71705
89349
61691
75979
94894
70297
15803
87184
62560
28381
39610
99816
74845
75987
44231
38487
80947
48665
44719
78010
18076
88838
46308
29086
41307
26504
61449
61903
21415
68400
98404
13363
16500
28312
33622
22219
18236
13883
18985
67661
77504
91186
70798
44299
95009
45489
21336
36144
19205
26998
20697
40585
33607
56434
90372
40419
58436
80958
52775
77695
76170
26509
77365
56388
66333
50305
16066
19987
21443
37115
89498
31401
23018
79466
61592
79553
68785
64443
75413
76738
86432
63995
44147
55352
56676
57772
56388
62965
75979
51236
28239
52369
98515
36499
42335
17321
44366
90718
20441
20790
56959
95151
59634
42228
82670
82650
87537
87965
65872
93737
22216
90121
35976
28617
18117
70848
83632
22778
51353
65405
94012
33131
59347
64627
77341
28488
36827
19362
47396
24151
92894
66067
72670
51817
78441
96915
64663
28387
50002
78004
32909
36190
51478
61812
25722
85771
88316
68825
87804
50441
45830
30763
86035
35369
19495
96828
81906
59968
31661
61690
87127
65239
79959
85592
23557
95505
25171
63291
30774
49295
94815
94152
51602
94529
77951
92479
87892
28192
80533
33519
69348
47511
68781
55663
79983
48089
26608
22191
83399
55904
83446
76389
67673
56392
92957
58791
88850
26231
61569
90049
90801
89694
28930
71476
34814
85545
80534
71084
41139
71885
26457
30059
88681
71745
84909
36481
82854
47989
87455
72879
76243
73447
65367
26382
65737
82207
59386
60091
40043
68625
48991
30117
98211
85057
69763
58875
48481
26646
35091
74496
36680
41977
43726
64214
89326
84325
33504
48152
97641
85995
63044
42832
80825
65513
62508
75740
39004
95778
57667
95573
31722
99961
66084
72696
74027
77905
62198
91010
40703
66618
89063
53221
88340
62919
45942
77480
36615
43984
73770
31997
50800
99089
72711
80178
62159
55019
72059
30305
70912
94004
50255
36215
64683
46897
49493
88614
48624
95942
79246
87484
60251
88838
70983
47409
92858
95398
60559
87619
54733
41747
30387
33064
48719
71711
48212
63039
60412
93079
39404
82316
74968
72073
97798
31528
50353
33164
38937
42105
32248
64903
84113
95893
57670
69258
57409
82395
65452
61175
86217
83089
38229
67706
68400
36637
66546
72442
48445
48474
81217
47451
58290
82281
94410
39350
46414
34056
77950
99322
70880
93081
46387
54125
47070
79466
49639
77623
51143
82347
73961
36586
61997
62935
46729
54914
91584
96343
92062
92984
43703
59940
94418
88778
86990
53147
80263
99469
86932
53970
61874
46978
49677
56182
87990
38725
60015
63182
90213
63302
98056
97112
44096
76783
94661
72297
40323
51250
47178
89836
83191
90580
93260
47485
63874
57437
69028
54719
63502
81895
58963
92204
82061
42158
85756
72744
52177
86312
77774
88550
85388
67456
42167
72593
75206
92009
48837
62276
90177
71362
65278
69819
96586
91644
57676
58781
53662
56758
90307
82476
97894
47443
49967
84507
72148
44875
63905
48122
48708
73798
99959
66430
86306
88898
42062
42197
89197
43873
52474
68159
51572
81414
86529
91880
45432
51135
43848
44297
52761
66119
47846
73765
86441
49154
89305
44071
53128
49110
82767
85192
87784
49763
55772
55989
84822
66591
49223
54092
89359
82620
84863
65574
69711
98168
57510
76622
78492
67991
55028
95258
66930
70497
70869
64092
69169
58925
65450
51879
96804
89095
62093
80150
91413
53643
64304
84493
66027
95634
66290
82070
95594
55459
93830
96004
72607
78674
79704
55163
95746
61019
60117
55728
76051
88324
63959
91978
84988
82800
93060
62973
94815
50232
59254
64681
85446
74359
82468
98395
62427
57097
54444
65484
79371
98188
90869
66797
84455
62650
74603
59338
54280
73534
62197
97220
55433
65980
58133
76022
74950
66693
94626
87535
78662
76781
93027
60909
70331
85701
62639
96170
66538
69938
88475
54946
73872
86227
74970
98953
86979
83089
77592
93055
63000
80397
77109
74957
69742
72464
77152
57662
72945
84083
79601
71760
65970
61568
58826
59773
91976
77753
60397
87308
93663
59317
73871
66558
63629
77208
89271
65132
66147
57693
76700
80109
77217
74864
81777
93404
99373
67655
71150
70381
69973
83196
74832
99973
59477
82415
88872
65558
73925
86389
94219
71221
68898
86443
63908
81701
75110
80686
74772
77611
62104
91615
67038
82585
79000
73371
87938
81760
64336
86451
72634
71126
92937
88724
76264
64482
66125
66132
85194
82051
65588
99431
72887
94216
88019
86668
97918
64031
67874
69977
86129
77539
91467
72323
90592
70781
87187
97005
69539
84489
97530
91309
92975
96073
77487
91848
74636
99301
75680
86307
70393
70039
84295
75261
74975
73829
92191
75287
87959
79778
97566
76713
70160
74277
76023
84919
99434
74223
73436
82776
82831
84130
88540
97735
72327
73399
99258
83779
96505
82439
95192
95652
91028
76791
86846
83203
89813
75806
93625
82858
75975
74970
76771
80438
85609
91795
89736
93790
86253
90547
91027
79594
80271
88371
86387
91006
88132
82200
82494
86873
85259
79423
84673
91244
89993
98033
91003
97684
86035
98448
98338
87416
90108
90931
92119
93504
96383
92931
87378
94997
95766
96084
95292
94829
92710
90058
92188
98942
95177
91648
92804
91954
96684
95514
95155
97784
96297
98393
98698
100
