343
31
347
658
670
822
926
939
961
1053
1064
1174
1184
1355
1361
1536
1878
1963
2255
2444
2558
2672
2748
3075
3125
3606
3663
3683
3709
4311
4466
4668
4790
4900
5001
5154
5217
5237
5405
5990
5995
6142
6425
6446
6507
6583
6650
6711
6733
6774
6899
7281
7340
7362
7399
7723
8325
8438
8861
9017
9096
9098
9365
9486
9664
9934
9955
10051
10295
10432
10564
10570
10992
11132
11575
11642
11777
11784
11791
11851
11899
11957
12087
12497
12723
13172
13413
13887
13934
13971
14640
14694
14905
15335
15721
15776
15798
15922
16260
16488
16540
16932
17720
18185
18190
18817
18860
19219
19305
19594
19806
19916
19935
20020
20095
20128
20153
20854
21121
21245
21270
21309
21387
21704
22043
22182
22198
22352
22533
22574
22605
22955
22958
23173
23287
23383
23429
23788
23876
23920
24031
24177
24221
24791
25063
25219
25353
25362
25394
25845
26273
26344
26652
26800
26816
26925
27089
27322
27336
27584
27668
27815
27956
28068
28399
28578
28790
28994
29205
29392
30127
30298
31537
31542
32232
32476
32588
32701
32934
33379
33519
33590
33891
33991
34155
34226
34448
34574
34674
34970
35380
35822
35991
36105
36354
36504
36611
36837
37089
37290
37526
38271
38284
38378
38723
38840
39849
39852
40141
40436
40529
40854
40866
41352
41552
42440
42588
43182
43486
43882
44235
44267
44823
45054
45083
45488
45563
45692
46040
46082
46093
46591
46913
47284
47644
48154
48160
48413
49155
49208
49518
50031
50254
50263
50354
50400
50552
50574
50908
51239
51477
51743
52507
52529
52716
52806
53199
53667
54117
54167
54388
54553
54820
55082
55711
55806
55857
56729
56869
57523
57794
58271
58744
58956
59212
59416
60000
60100
61076
61730
61797
62761
63037
63292
63611
63828
63859
63982
64030
64286
64795
65003
65418
65422
66705
66951
67058
67819
67858
68826
68978
69087
69634
69912
70038
70338
71727
72556
72642
72662
73481
74296
74581
75056
75224
75635
75641
75777
77018
77691
78469
78763
79208
79263
80227
81495
81520
81713
84173
84265
84851
84858
85206
86507
86764
87666
87983
89369
90245
90416
92123
92686
94950
97491
343
92374
60236
48567
2451
21893
49292
32558
82934
25172
70348
65155
92378
91762
51137
26970
4314
12298
76591
46580
69830
7830
9366
50544
10140
71523
75483
9212
42724
17956
94315
91639
13074
75552
22326
23944
49719
77561
58706
71339
86355
73680
34563
50775
89301
26622
26815
94019
35711
39644
52161
60872
57465
13084
45831
60009
41724
74124
13564
78225
13900
18658
31490
39007
98434
14654
84101
50324
11018
52494
40050
58233
76377
15351
93094
18903
91172
12351
24394
61853
45487
16171
47516
93419
23288
75359
92539
22327
66798
39863
82196
79335
78131
42699
52434
74763
48721
88821
52064
74803
73110
26088
84281
53196
71560
23404
28829
39022
61957
80309
49251
31350
41806
25384
29650
63951
32622
43438
62950
88712
22072
47085
42590
38702
35625
93246
97279
91500
45197
66329
56852
30444
94986
42492
98824
39933
75267
74883
91282
42660
26718
33484
80711
88264
76126
60270
63971
61529
96981
56290
49123
63134
33150
42734
74571
34048
32920
72380
54155
92727
79422
34714
39037
59427
30640
92394
34141
44919
71233
49614
86594
90033
99905
67717
76788
65982
67280
64046
99485
90001
67771
43769
98977
72762
81033
70889
73379
38958
59632
90637
84813
37458
94584
39876
77419
67869
41889
77218
43025
50110
41893
63639
60998
78180
65405
95529
61042
76365
85678
74316
60911
91088
87561
74113
74977
87335
91310
99135
85949
50187
52041
95022
76983
58110
89436
57473
56838
71138
60184
54604
77108
78342
88968
70073
89619
93142
88422
66128
52387
83175
93070
72306
81487
89160
99427
76218
96893
53715
53960
93470
97315
87331
54011
88955
98899
76883
66834
68012
95821
98481
74134
55200
92735
89115
79970
96777
76988
62807
80903
86060
65156
94985
96181
93615
66343
97488
80596
88778
68365
90193
85405
62845
68507
77376
98090
89127
87091
90597
69560
90931
66949
88132
79665
98383
96912
82031
99709
75106
73814
79297
80155
77686
89686
93500
73538
80929
75475
89673
92736
98572
93011
74549
82339
96964
85148
95012
84279
87484
80953
85906
88157
92973
99760
89684
80968
99182
86743
85270
94428
95736
90180
89745
95961
99016
87678
95512
90182
91299
95355
98507
96533
94978
99356
97526
34
