1000
65
155
217
254
346
407
444
487
515
575
713
722
746
858
868
886
941
962
981
1071
1083
1089
1092
1112
1114
1146
1154
1164
1201
1207
1241
1242
1256
1316
1413
1436
1463
1594
1626
1667
1686
1696
1833
1913
2060
2165
2187
2207
2236
2325
2350
2362
2401
2464
2485
2502
2504
2676
2690
2697
2698
2735
2815
2903
2978
3095
3142
3208
3353
3473
3538
3566
3609
3654
3786
3851
3934
4017
4062
4063
4073
4091
4108
4131
4206
4213
4297
4309
4312
4316
4326
4390
4405
4406
4446
4477
4488
4519
4599
4607
4636
4713
4775
4818
4828
4940
4985
5010
5011
5129
5197
5198
5271
5334
5345
5351
5474
5487
5495
5606
5639
5684
5738
5777
5840
5853
5955
6022
6052
6074
6127
6201
6222
6231
6322
6408
6414
6423
6578
6646
6669
6682
6686
6686
6761
6767
6817
6830
6880
6905
6945
6995
7001
7027
7035
7085
7093
7145
7200
7223
7239
7247
7273
7481
7608
7737
7758
7765
7785
7889
7919
7994
8028
8130
8293
8355
8375
8417
8491
8514
8530
8626
8629
8742
8928
8958
8991
9001
9054
9175
9272
9340
9432
9487
9521
9579
9609
9615
9618
9619
9646
9676
9818
10024
10060
10072
10092
10095
10123
10175
10207
10225
10266
10271
10418
10499
10509
10545
10637
10680
10748
10813
10820
10980
11066
11238
11257
11267
11273
11321
11352
11377
11428
11750
11794
11797
11868
11874
12033
12081
12149
12281
12685
12714
12819
12859
12973
12975
13071
13194
13266
13272
13315
13324
13329
13373
13389
13405
13406
13715
13721
13737
13769
13812
13815
13872
13885
13918
14008
14056
14083
14142
14149
14181
14192
14198
14198
14315
14386
14514
14520
14538
14584
14588
14684
14801
14817
14836
14858
14927
15058
15082
15088
15210
15265
15278
15339
15531
15634
15690
15896
15935
15940
16051
16075
16091
16095
16117
16156
16355
16355
16455
16493
16523
16534
16577
16634
16646
16707
16841
16895
16930
16997
17035
17073
17247
17384
17406
17445
17575
17649
17742
17809
17834
17882
17973
18165
18235
18449
18476
18568
18771
18903
18943
18962
19069
19077
19101
19160
19162
19164
19185
19226
19266
19279
19291
19327
19423
19427
19447
19481
19503
19593
19655
19744
19837
20050
20162
20173
20246
20296
20408
20486
20549
20562
20767
20802
20836
20871
20895
20911
20975
20994
21028
21101
21113
21141
21234
21264
21295
21298
21439
21711
21820
21833
21839
21990
22005
22034
22041
22046
22105
22148
22164
22233
22286
22364
22377
22430
22446
22461
22513
22653
22892
23095
23294
23294
23299
23305
23305
23353
23440
23448
23563
23592
23601
23784
23974
24030
24066
24255
24291
24346
24506
24746
24773
24777
24808
24811
24911
25034
25188
25312
25380
25399
25525
25568
25579
25678
25684
25770
25843
25862
25917
25964
26006
26034
26036
26047
26049
26161
26244
26399
26429
26449
26461
26592
26599
26651
26669
26723
26725
26844
26897
26954
26968
27024
27085
27094
27125
27264
27357
27441
27490
27513
27705
27841
27844
27942
27992
28135
28188
28240
28371
28527
28675
28726
28726
28805
28807
28844
28945
28955
28963
29087
29216
29226
29297
29525
29710
29716
29781
29905
29929
29937
30028
30236
30258
30276
30293
30366
30389
30466
30702
30707
30775
30835
30933
31018
31021
31186
31225
31427
31487
31586
31637
31640
31727
31736
31739
31785
31791
31795
31810
31882
32070
32073
32089
32095
32121
32311
32340
32893
32934
32950
32977
33084
33200
33238
33522
33597
33684
33765
33777
33787
33851
33873
34003
34195
34206
34304
34310
34432
34823
34856
34883
34919
35067
35110
35129
35134
35181
35241
35307
35411
35414
35553
35591
35673
35691
35720
35734
35937
36028
36159
36187
36256
36274
36433
36438
36516
36764
36908
36939
36952
37021
37063
37092
37130
37139
37200
37265
37282
37460
37464
37473
37569
37575
37591
37640
37644
37877
37998
38039
38050
38383
38387
38462
38470
38525
38679
38715
38716
38762
38810
38848
38865
38990
39170
39571
39829
39864
39886
39961
40147
40554
40563
40651
40736
40774
40779
40871
40876
40960
40994
41037
41129
41148
41248
41321
41403
41449
41458
41594
41630
41635
41793
41980
42196
42300
42497
42509
42794
42839
42865
43002
43077
43172
43260
43454
43456
43768
43821
43846
43886
43915
44037
44102
44236
44301
44406
44496
44537
44551
44721
44789
44904
45043
45136
45270
45401
45415
45529
45703
45787
45819
46116
46128
46185
46239
46245
46247
46292
46524
46589
46711
46769
46795
46832
46850
47272
47352
47367
47453
47661
47929
48065
48131
48268
48335
48360
48431
48523
48530
48567
48688
49382
49543
49611
49638
49738
49759
49885
49888
50012
50124
50178
50467
50500
50532
50628
50701
50732
50742
50748
50790
50820
50827
51014
51174
51185
51214
51334
51560
51788
51820
51821
52066
52098
52353
52545
52684
52792
52912
53101
53362
53763
53802
53868
53885
54033
54104
54672
54763
54864
54886
55052
55231
55252
55324
55505
55577
55577
55634
55747
55973
55978
56257
56408
56469
56491
56555
56657
56726
56789
56904
57116
57230
57261
57309
57513
57571
57603
57841
57977
58001
58002
58070
58092
58457
58548
58733
58909
59169
59474
59738
59785
59804
59834
60107
60261
60280
60495
60499
60675
60738
60752
60979
61088
61192
61982
62052
62566
62924
63085
63161
63221
63250
63479
63488
63492
63525
64050
64183
64361
64526
64933
65030
65197
65320
65323
65376
65383
65386
65738
65841
65876
66144
66174
66560
66713
66781
66822
66826
67183
67235
67610
67703
67732
67877
67931
68072
68108
68117
68145
68147
68570
68975
69029
69378
69488
69969
70124
70270
70312
70445
70563
70570
70758
70802
70920
71018
71436
71476
71775
71824
71893
72250
72658
72693
73040
73192
73210
73274
73289
74104
74367
74503
74972
75011
75077
75097
75114
75261
75677
75816
76173
76308
76654
76774
77058
77359
77505
77668
77752
77949
77972
78517
79187
79270
79323
79346
79471
79744
80060
80390
80527
80839
80844
80923
80948
81093
81410
81469
81628
81653
81660
81661
81702
81735
81807
82540
82607
83234
84268
84274
84622
84634
85093
85189
85247
85427
86156
86667
87068
87080
87212
87720
87728
87943
88309
89023
89618
89839
89839
89886
89950
90086
90643
91077
91736
91743
91798
92732
92995
94733
94760
95174
96775
97455
1000
26802
14086
58607
40565
64758
87663
98919
25277
33387
15210
65966
91108
46543
3297
56480
83203
18874
33916
16169
34432
23060
72002
92436
53769
17175
60810
33336
47776
88783
70270
38763
98112
35609
93469
36830
27537
58258
68613
5666
63142
15856
34943
9700
34629
36759
21451
99028
65667
13047
45902
72622
21381
19081
97940
61354
93702
38700
91705
58437
13618
95367
74802
61065
23599
66377
32782
21409
42653
66104
89482
14645
79705
77771
13135
51577
62295
61256
21214
66698
36768
64779
84363
27158
27198
18603
79831
30971
79184
4839
63794
66065
43916
98923
50809
47572
69797
69590
55077
52951
86456
46169
66445
93997
72029
43705
53917
59356
78540
74065
84026
84706
49795
88689
10186
11613
40551
23438
33985
63566
96829
60105
13078
14501
9493
33429
47190
14817
8275
70289
68497
93590
86336
56133
24473
34871
68340
28924
8136
71479
86747
99221
23781
27774
30437
70250
16217
34047
39532
22896
70928
19717
13935
45746
49017
92596
17279
47472
79945
95777
52005
83172
81885
69817
89376
62259
47535
86481
12597
31903
33905
50611
47375
17202
92407
42368
56792
20172
79173
13995
37200
29376
56912
86406
80184
29330
32229
43957
90853
11051
84720
67712
93136
75781
18125
56689
12174
26918
69665
73341
60287
66583
69167
83032
38181
62315
59816
24860
95191
71488
25791
36155
25567
19605
78187
38567
79240
21788
47894
73295
80019
23821
66468
84943
93722
92347
38312
88612
28985
92302
97700
81275
53189
66974
96159
95317
52575
66859
50655
95810
91385
34347
97923
17082
77625
87998
84121
43189
15996
89003
15401
72673
62767
69367
95028
23280
93508
28997
57326
47138
55870
91958
91492
18394
30510
40069
46563
28041
71942
17874
83018
84928
98978
40164
49239
58210
27665
87601
46962
99679
23428
85427
40221
54284
26198
93398
54720
96880
91047
64015
32061
61130
18514
45383
38549
31980
72021
17660
86106
45226
54841
62831
63439
95075
93275
36334
65684
69398
96436
60293
59510
69616
77172
19701
59139
71909
18131
22705
58344
25106
27370
59235
55412
31753
83676
62167
19102
86222
62593
96783
46334
96940
21124
20798
51594
52631
54569
66407
88787
78188
64923
75861
39206
90295
84275
29766
55160
66048
88315
57160
93931
24452
30906
81816
37121
62858
49965
47997
86814
30851
23740
39844
65731
92380
44492
55564
44043
32823
64894
94605
88637
39785
59017
28788
29519
32556
50754
65199
78860
61298
30569
21895
63730
70720
46452
61687
48507
34359
44020
79861
36079
42950
32049
66878
95023
86737
51477
59221
87532
83548
32947
79909
76131
36504
77501
40911
91183
76487
90528
66076
26401
89324
99394
87199
74456
85759
34703
72163
24505
46848
72636
32732
82693
45390
81859
36673
96914
45179
27302
36220
59865
82058
66819
66609
72806
34597
47568
54947
36978
33274
73333
93094
42086
68304
43103
43068
87505
61637
85889
40415
74619
52493
59811
94768
96184
28137
35879
83423
99344
34723
99898
95023
42482
55767
44170
45487
93732
58995
48882
35884
32039
80637
52733
80549
98604
67735
31368
96880
57221
35340
56918
78385
32277
60794
61565
40401
55118
75868
44096
60549
59929
67556
73628
93641
50083
76846
91663
39603
53287
87759
32074
45495
93326
56592
49196
77338
88311
83086
97821
57861
67995
31265
34822
89728
46073
61824
98203
91845
55300
51681
89772
88412
79842
88990
87787
77555
90776
44048
40973
60393
78227
95124
56619
79934
97583
50860
34562
89966
94466
93108
37343
54076
36352
69185
61805
33223
99320
51971
97552
83746
46869
78605
58381
91753
72619
83438
61343
48788
39049
91431
97915
80260
86904
63853
99173
71909
34634
79631
75526
34752
62422
81561
49809
96153
47452
37228
50998
43593
65523
46855
84543
98306
50257
73403
88790
40889
69509
82894
75457
86878
39583
54107
37546
83573
65959
98735
59953
68296
55197
66502
72375
72889
90062
38090
56188
70492
88175
65758
81725
86433
64829
90703
99403
74006
80255
71182
91926
75766
43050
49178
69793
47179
56272
63352
72125
61919
48096
78691
48453
43273
38718
51193
94961
39120
92060
95275
76510
67214
67298
72224
61718
50071
58055
45267
90429
73631
49647
70593
73998
51501
89234
85713
77883
56700
53385
56748
53007
46019
87087
60924
62501
62993
82866
64165
83954
69381
85508
86030
80207
79374
95552
77026
71715
55789
65045
91252
52605
84655
44534
66462
69208
95808
45258
77055
93369
56425
76256
53643
56218
93882
52622
91744
97248
88516
45005
53883
93246
86207
52928
64399
50187
48709
84833
85673
94058
69908
55608
85746
50472
97686
55328
75112
84008
75572
90980
67184
56392
90987
54632
77964
99657
82467
77123
67339
74818
51173
51020
95957
69793
78251
76235
87689
98452
92613
81107
83539
68819
70246
91404
98699
85523
56123
93801
83782
66903
73866
89409
56803
92790
81435
64937
82341
79541
53204
54978
52862
76013
66147
80942
97653
71691
54404
66952
74873
73479
87711
67107
80124
66195
93788
86773
74551
83568
71446
82024
90116
69884
85740
86481
56067
88012
84580
72053
63795
76673
69840
67238
63768
62576
72632
67799
80880
57237
90885
79083
65975
81601
71972
85481
84397
64815
73877
78069
88981
99617
82841
99227
87126
95732
85992
95799
58219
78824
99539
66996
63496
64958
88876
64431
61648
90539
97486
96201
79520
89492
84155
76260
95490
90460
92352
92499
68207
90866
66484
65204
60858
68592
80460
67362
78866
91607
95925
79783
66593
64968
95446
75083
81343
97148
87601
92432
97711
94551
99775
66587
82197
89292
98507
66468
88117
94375
89742
99368
84565
72486
98024
71691
76898
94851
97058
99051
90174
96272
84217
98033
82680
94819
82380
84196
83033
71167
78146
78964
70280
95253
79847
80164
94522
73848
99866
72981
74932
86531
88629
78517
78175
88031
75227
81164
80230
95676
78416
84922
84785
99196
76078
83856
88020
95669
82132
86344
97931
98740
76225
97875
95998
99862
95670
96594
77729
80287
89606
89936
86158
85337
85107
84673
89073
92087
84100
93786
78829
86285
98341
86584
99466
88435
98257
79219
89596
86339
86529
81352
96003
95972
83087
84637
92781
88359
93641
82445
84029
96729
98958
95467
97006
97828
82824
97248
92957
98731
92740
98877
86272
89869
84762
98456
92397
99373
90699
99131
92940
87694
88732
98813
93791
95557
94233
99118
88115
92490
92454
91473
94716
93054
99259
90591
96395
96781
93945
98753
96178
98215
96601
97639
95089
94816
98627
96665
98935
97872
100
