0 0
1 1
2 3
3 2
4 3
5 5
6 3
7 5
8 4
9 5
10 4
11 5
12 7
13 5
14 7
15 5
16 7
17 6
18 7
19 6
20 7
21 6
22 7
23 9
24 7
25 9
26 7
27 9
28 7
29 9
30 8
31 9
32 8
33 9
34 8
35 9
36 8
37 9
38 11
39 9
40 11
41 9
42 11
43 9
44 11
45 9
46 11
47 10
48 11
49 10
50 11
51 10
52 11
53 10
54 11
55 10
56 11
57 13
58 11
59 13
60 11
61 13
62 11
63 13
64 11
65 13
66 11
67 13
68 12
69 13
70 12
71 13
72 12
73 13
74 12
75 13
76 12
77 13
78 12
79 13
80 15
81 13
82 15
83 13
84 15
85 13
86 15
87 13
88 15
89 13
90 15
91 13
92 15
93 14
94 15
95 14
96 15
97 14
98 15
99 14
100 15
101 14
102 15
103 14
104 15
105 14
106 15
107 17
108 15
109 17
110 15
111 17
112 15
113 17
114 15
115 17
116 15
117 17
118 15
119 17
120 15
121 17
122 16
123 17
124 16
125 17
126 16
127 17
128 16
129 17
130 16
131 17
132 16
133 17
134 16
135 17
136 16
137 17
138 19
139 17
140 19
141 17
142 19
143 17
144 19
145 17
146 19
147 17
148 19
149 17
150 19
151 17
152 19
153 17
154 19
155 18
156 19
157 18
158 19
159 18
160 19
161 18
162 19
163 18
164 19
165 18
166 19
167 18
168 19
169 18
170 19
171 18
172 19
173 21
174 19
175 21
176 19
177 21
178 19
179 21
180 19
181 21
182 19
183 21
184 19
185 21
186 19
187 21
188 19
189 21
190 19
191 21
192 20
193 21
194 20
195 21
196 20
197 21
198 20
199 21
200 20
201 21
202 20
203 21
204 20
205 21
206 20
207 21
208 20
209 21
210 20
211 21
212 23
213 21
214 23
215 21
216 23
217 21
218 23
219 21
220 23
221 21
222 23
223 21
224 23
225 21
226 23
227 21
228 23
229 21
230 23
231 21
232 23
233 22
234 23
235 22
236 23
237 22
238 23
239 22
240 23
241 22
242 23
243 22
244 23
245 22
246 23
247 22
248 23
249 22
250 23
251 22
252 23
253 22
254 23
255 25
256 23
257 25
258 23
259 25
260 23
261 25
262 23
263 25
264 23
265 25
266 23
267 25
268 23
269 25
270 23
271 25
272 23
273 25
274 23
275 25
276 23
277 25
278 24
279 25
280 24
281 25
282 24
283 25
284 24
285 25
286 24
287 25
288 24
289 25
290 24
291 25
292 24
293 25
294 24
295 25
296 24
297 25
298 24
299 25
300 24
301 25
302 27
303 25
304 27
305 25
306 27
307 25
308 27
309 25
310 27
311 25
312 27
313 25
314 27
315 25
316 27
317 25
318 27
319 25
320 27
321 25
322 27
323 25
324 27
325 25
326 27
327 26
328 27
329 26
330 27
331 26
332 27
333 26
334 27
335 26
336 27
337 26
338 27
339 26
340 27
341 26
342 27
343 26
344 27
345 26
346 27
347 26
348 27
349 26
350 27
351 26
352 27
353 29
354 27
355 29
356 27
357 29
358 27
359 29
360 27
361 29
362 27
363 29
364 27
365 29
366 27
367 29
368 27
369 29
370 27
371 29
372 27
373 29
374 27
375 29
376 27
377 29
378 27
379 29
380 28
381 29
382 28
383 29
384 28
385 29
386 28
387 29
388 28
389 29
390 28
391 29
392 28
393 29
394 28
395 29
396 28
397 29
398 28
399 29
400 28
401 29
402 28
403 29
404 28
405 29
406 28
407 29
408 31
409 29
410 31
411 29
412 31
413 29
414 31
415 29
416 31
417 29
418 31
419 29
420 31
421 29
422 31
423 29
424 31
425 29
426 31
427 29
428 31
429 29
430 31
431 29
432 31
433 29
434 31
435 29
436 31
437 30
438 31
439 30
440 31
441 30
442 31
443 30
444 31
445 30
446 31
447 30
448 31
449 30
450 31
451 30
452 31
453 30
454 31
455 30
456 31
457 30
458 31
459 30
460 31
461 30
462 31
463 30
464 31
465 30
466 31
467 33
468 31
469 33
470 31
471 33
472 31
473 33
474 31
475 33
476 31
477 33
478 31
479 33
480 31
481 33
482 31
483 33
484 31
485 33
486 31
487 33
488 31
489 33
490 31
491 33
492 31
493 33
494 31
495 33
496 31
497 33
498 32
499 33
500 32
501 33
502 32
503 33
504 31
505 33
506 31
507 33
508 31
509 33
510 31
511 33
512 31
513 33
514 31
515 33
516 31
517 33
518 31
519 33
520 31
521 33
522 31
523 33
524 31
525 33
526 31
527 33
528 31
529 33
530 31
531 33
532 31
533 33
534 31
535 30
536 31
537 30
538 31
539 30
540 31
541 30
542 31
543 30
544 31
545 30
546 31
547 30
548 31
549 30
550 31
551 30
552 31
553 30
554 31
555 30
556 31
557 30
558 31
559 30
560 31
561 30
562 31
563 30
564 31
565 29
566 31
567 29
568 31
569 29
570 31
571 29
572 31
573 29
574 31
575 29
576 31
577 29
578 31
579 29
580 31
581 29
582 31
583 29
584 31
585 29
586 31
587 29
588 31
589 29
590 31
591 29
592 31
593 29
594 28
595 29
596 28
597 29
598 28
599 29
600 28
601 29
602 28
603 29
604 28
605 29
606 28
607 29
608 28
609 29
610 28
611 29
612 28
613 29
614 28
615 29
616 28
617 29
618 28
619 29
620 28
621 29
622 27
623 29
624 27
625 29
626 27
627 29
628 27
629 29
630 27
631 29
632 27
633 29
634 27
635 29
636 27
637 29
638 27
639 29
640 27
641 29
642 27
643 29
644 27
645 29
646 27
647 29
648 27
649 26
650 27
651 26
652 27
653 26
654 27
655 26
656 27
657 26
658 27
659 26
660 27
661 26
662 27
663 26
664 27
665 26
666 27
667 26
668 27
669 26
670 27
671 26
672 27
673 26
674 27
675 25
676 27
677 25
678 27
679 25
680 27
681 25
682 27
683 25
684 27
685 25
686 27
687 25
688 27
689 25
690 27
691 25
692 27
693 25
694 27
695 25
696 27
697 25
698 27
699 25
700 24
701 25
702 24
703 25
704 24
705 25
706 24
707 25
708 24
709 25
710 24
711 25
712 24
713 25
714 24
715 25
716 24
717 25
718 24
719 25
720 24
721 25
722 24
723 25
724 23
725 25
726 23
727 25
728 23
729 25
730 23
731 25
732 23
733 25
734 23
735 25
736 23
737 25
738 23
739 25
740 23
741 25
742 23
743 25
744 23
745 25
746 23
747 22
748 23
749 22
750 23
751 22
752 23
753 22
754 23
755 22
756 23
757 22
758 23
759 22
760 23
761 22
762 23
763 22
764 23
765 22
766 23
767 22
768 23
769 21
770 23
771 21
772 23
773 21
774 23
775 21
776 23
777 21
778 23
779 21
780 23
781 21
782 23
783 21
784 23
785 21
786 23
787 21
788 23
789 21
790 20
791 21
792 20
793 21
794 20
795 21
796 20
797 21
798 20
799 21
800 20
801 21
802 20
803 21
804 20
805 21
806 20
807 21
808 20
809 21
810 19
811 21
812 19
813 21
814 19
815 21
816 19
817 21
818 19
819 21
820 19
821 21
822 19
823 21
824 19
825 21
826 19
827 21
828 19
829 18
830 19
831 18
832 19
833 18
834 19
835 18
836 19
837 18
838 19
839 18
840 19
841 18
842 19
843 18
844 19
845 18
846 19
847 17
848 19
849 17
850 19
851 17
852 19
853 17
854 19
855 17
856 19
857 17
858 19
859 17
860 19
861 17
862 19
863 17
864 16
865 17
866 16
867 17
868 16
869 17
870 16
871 17
872 16
873 17
874 16
875 17
876 16
877 17
878 16
879 17
880 15
881 17
882 15
883 17
884 15
885 17
886 15
887 17
888 15
889 17
890 15
891 17
892 15
893 17
894 15
895 14
896 15
897 14
898 15
899 14
900 15
901 14
902 15
903 14
904 15
905 14
906 15
907 14
908 15
909 13
910 15
911 13
912 15
913 13
914 15
915 13
916 15
917 13
918 15
919 13
920 15
921 13
922 12
923 13
924 12
925 13
926 12
927 13
928 12
929 13
930 12
931 13
932 12
933 13
934 11
935 13
936 11
937 13
938 11
939 13
940 11
941 13
942 11
943 13
944 11
945 10
946 11
947 10
948 11
949 10
950 11
951 10
952 11
953 10
954 11
955 9
956 11
957 9
958 11
959 9
960 11
961 9
962 11
963 9
964 8
965 9
966 8
967 9
968 8
969 9
970 8
971 9
972 7
973 9
974 7
975 9
976 7
977 9
978 7
979 6
980 7
981 6
982 7
983 6
984 7
985 5
986 7
987 5
988 7
989 5
990 4
991 5
992 4
993 5
994 3
995 5
996 3
997 2
998 3
999 1
33
