43 15 30
957317 766715 761421 958061 807451 63369 78742 891848 199197 4788 902502 188235 93129 270572 377449 
687876 817254 641872 669330 562294 433720 973472 738821 725765 681080 142631 594411 688081 266114 863343 
398139 248383 146045 698829 998394 863576 800981 109001 945597 5948 767371 266088 506544 952734 262853 
490262 376825 554401 982381 370779 871858 373424 59499 567015 252846 261663 468510 726611 596850 709219 
19291 775056 285744 518556 236386 606535 86276 877322 811152 921227 775252 694460 632784 316715 366438 
337880 907699 914101 383138 94286 445879 918285 470343 164916 45961 63068 735141 810708 543567 320729 
563 466364 241970 242891 712624 222279 917314 245762 127011 834841 576979 646001 207395 734508 187657 
166552 761787 993432 554545 880740 408777 507585 74253 374109 275515 991455 595020 783029 466672 592371 
756664 867948 684025 424544 916855 306009 114982 780553 986289 768164 508360 411020 255380 195357 419462 
408488 308354 743900 985789 794245 369881 582467 738284 665275 300237 318910 898568 621835 847940 69685 
169652 289550 709267 747468 111 619590 486328 97774 625582 889296 607937 637875 245436 558232 566973 
983029 319799 139071 874588 766298 369090 102647 29091 958112 966613 957464 872113 923782 551952 329231 
703322 453214 655129 371951 228601 288960 949755 289993 655195 403331 48633 353560 858778 67780 118633 
263273 86384 839082 237154 132623 398522 297957 609819 275592 366901 400197 874121 762705 733600 207130 
527145 859176 140871 818417 204600 947081 874619 764289 279453 648129 552801 87663 744841 279150 486386 
66584 924516 630660 114879 245960 918562 668383 728049 884055 49441 351382 218771 702029 340252 367545 
405870 117596 872470 722711 508173 605924 552126 256220 298851 461432 111244 447847 725870 766671 841395 
94611 26393 731065 109525 559362 439520 693621 681563 171662 303726 479435 5950 622091 137323 486261 
260094 159929 385123 716382 226367 766469 171024 112723 966640 463518 608794 769365 359179 61957 356772 
988342 751356 160837 768490 979729 467121 474903 910313 439617 633348 853947 32852 702673 725812 846524 
191737 482606 29608 380634 587867 391554 941413 997926 814041 59154 634258 221734 588296 988140 42252 
961259 292695 194161 251139 949930 919876 804599 794293 225634 814563 443277 193237 590647 783874 929465 
627485 742193 54120 333843 499329 78860 800263 44146 205717 127128 292173 908749 344001 174371 261399 
961293 589546 808929 612301 792144 652193 973564 314784 344273 69802 384010 246222 614487 624514 415770 
432532 245358 345820 649487 546857 739817 364255 509755 549815 962616 166538 762967 647298 458878 625761 
77413 580192 638232 754175 412464 814878 180325 494785 527834 306751 759528 45000 377430 199610 412145 
155365 372452 32813 651980 124135 132408 793584 567601 614260 388311 900754 115892 379322 673226 965254 
613930 236097 730554 530662 784859 827492 822964 542921 40769 181688 816527 455473 835220 655642 138205 
382952 288093 458446 181371 449475 741963 996177 225318 525827 958414 223345 662572 485980 551036 468130 
657289 959849 700979 505618 417724 447839 619509 888930 194927 829969 471807 825200 332256 559830 323277 
703489 527897 102820 161865 91138 192417 580319 904492 180684 918399 991121 119749 689962 705652 311019 
275978 379947 518662 931479 112229 225064 225236 971507 591309 178969 955680 304120 7324 349678 79393 
378954 356979 151854 889296 708272 548476 140205 966963 128033 708820 483532 534036 609469 152469 652611 
350235 67271 706779 506266 969046 143280 289076 675328 712688 225364 659038 375767 974535 803084 818676 
926185 559556 44157 517400 963665 852094 757887 120634 244925 888048 400195 971331 336768 825666 106911 
631683 56806 396315 579653 176242 973586 637592 897807 64761 517961 200913 710404 463431 101086 214201 
48586 984468 230485 3989 955201 495687 380101 145496 328200 161103 804429 367184 793918 507137 687803 
74490 456579 239726 20790 446723 860596 340606 842320 638692 420722 617775 898515 469863 575707 671284 
334627 916420 723802 194331 897645 452376 423259 101463 103132 46737 760721 808309 161025 86948 380509 
188412 19398 556001 278315 361897 534000 695646 592534 514963 280540 813755 558822 694287 976537 200011 
614663 578174 314494 106636 374989 284572 506839 804822 964892 98414 250561 889958 344093 258744 889776 
832769 330414 900416 816637 519892 223348 254370 654833 24135 828929 195144 240880 510907 39055 425808 
132538 535204 604422 927448 951035 351950 119417 767760 81939 778551 635184 352187 581097 959686 470525 
697923 260364 229182 173013 233252 472203 635496 61537 933455 302209 446981 608032 220831 632096 566715 
1 2
2 4
3 5
4 5
5 6
6 7
7 8
8 9
9 10
10 14
11 13
12 13
13 14
14 15
1 4
2 3
3 4
4 6
5 7
6 9
7 10
8 10
9 11
10 11
11 12
12 14
1 5
2 6
3 6
4 10
