50 21 30
485625 190185 861460 320300 242217 614741 796852 387847 892923 376894 138616 358050 251362 493650 717232 657797 326124 50697 487445 995251 596239 
472432 59360 715936 821266 577802 718388 632438 563949 215121 815425 423895 542776 127904 934990 116287 990846 634144 657258 216333 313262 385579 
157105 384203 157032 978221 884687 878631 938644 262368 205649 103845 497318 829750 70126 941274 607864 845417 246681 415349 360980 50958 986815 
52706 72190 233308 794906 874528 613615 483716 179309 398898 369450 997496 456030 409027 487867 984399 458986 946663 677519 98854 70580 616204 
113384 810724 830560 53222 421175 979035 422676 240703 89437 63280 542916 594751 813014 788851 172493 502949 84084 182982 225848 543209 232707 
710179 442307 158268 804115 633911 984471 127359 428618 124947 222305 977657 949664 733638 449899 191735 348657 168509 153013 259114 96281 276725 
779105 684614 252074 739963 292980 464378 948270 291148 805632 719754 325634 338740 552521 451195 677598 889425 836872 984959 93321 488949 628019 
437402 320518 406393 512614 423581 691357 587941 988595 903869 535671 282464 521650 965135 176426 439872 891892 985651 981218 630011 342655 916526 
863902 905495 396393 98035 24971 192547 456188 836122 831566 483590 412972 954866 871161 512111 40776 928110 269695 623324 31535 118475 634415 
155495 440424 846876 673078 421358 825628 705223 485575 490173 198840 24040 168184 554418 350531 633891 82607 594897 502013 885896 831939 517517 
505322 869685 839228 295579 24461 861973 443488 243636 111582 750527 439195 162031 251296 669259 933420 82213 863444 492313 368707 326629 526594 
963927 431227 482727 842734 972982 195297 429393 618062 559010 721378 596125 150523 814241 701053 717816 455181 871293 957152 606053 94974 524678 
930418 647627 412466 26262 622740 820850 25008 517720 452431 210377 837826 393582 208328 118660 513498 801194 658226 164830 698823 551349 332554 
360880 469469 556228 337425 876432 174278 776407 580501 21273 631602 353931 530699 899078 414550 427295 377128 423653 100060 919578 154671 138152 
607225 697085 505021 975016 5220 854178 238696 86896 925665 985601 595119 405118 313724 581618 43755 99569 538588 74576 304914 838123 604158 
410717 140583 160143 340963 568009 298441 637306 121171 317407 545202 588720 451621 352963 830318 457136 31753 760895 263236 784611 810832 84364 
751852 203848 255452 341111 745550 989448 526235 571749 349224 668089 886772 260933 408960 287257 275346 774703 959724 872890 851820 627495 734887 
37108 817393 452501 684947 785402 429366 732745 502757 134475 997918 335776 783696 222867 206865 876492 490792 799941 813757 594060 419898 578098 
475310 295564 346023 169086 676900 693520 471721 407393 550149 834054 995777 862877 276834 433798 895194 882904 708009 224375 186767 616304 536631 
767582 269187 903726 567670 136426 975159 743186 152400 825422 83115 910261 995057 534873 410054 203854 175776 854582 89556 716163 945049 482746 
999453 940471 601632 398401 652264 829548 298920 377371 228202 783960 598583 811580 438997 976030 363502 707657 550931 365582 966421 996363 82152 
94046 393171 988455 185158 525094 348016 669809 753862 813967 391174 641879 693087 987031 913053 548027 774380 969711 823433 121952 465773 943302 
430188 518880 895609 137538 997037 296203 318479 437124 544089 82575 984510 423597 915124 368763 178124 137847 923880 944156 361675 578723 851432 
168658 704972 796580 966195 940528 904657 586037 158217 778348 806814 836585 350258 15861 51558 802601 601237 431514 527534 526476 948911 36163 
553267 303807 745109 167508 962174 787538 567897 50056 723225 564467 345409 766834 79562 980558 943572 836577 376115 525915 341290 615736 91860 
112639 408695 88461 852928 168344 650843 418456 652122 695712 843581 681613 208810 35691 405484 521546 948439 972435 180939 222765 986482 792841 
404551 600119 741176 593599 278275 280688 498843 405589 229821 437783 49806 94735 449221 768047 637904 834621 238851 566976 935363 42343 947071 
302439 769143 308116 264736 827178 438735 682268 539875 557581 517391 380697 563007 725882 716044 832273 721356 83639 741976 60621 247376 901987 
318198 389306 40538 972596 914784 685496 920177 358884 525083 499828 899152 542600 115306 308952 476378 254007 623791 79596 118397 653662 828232 
232726 880607 884380 490471 794025 721358 859123 404054 781474 75281 214504 835084 615935 282583 259858 879564 298042 604638 17830 274688 852787 
519952 756095 711623 629631 469631 963155 231507 463220 874718 796484 249140 175914 371693 90640 396145 720069 818084 6430 911866 979806 933388 
941 492288 979198 846680 369569 510364 478901 518000 151448 221502 174489 497206 290321 226245 663573 753077 957431 869320 358970 552989 701630 
636153 911133 24559 748608 251682 524563 733217 804410 769246 657549 613686 223709 700814 292868 248106 939615 49655 116336 198471 56164 813980 
46959 980040 424060 279946 48524 953749 902745 995178 466738 827492 579043 400499 779778 12005 34383 725557 900176 783134 273211 121293 900671 
624271 472954 905354 49329 270129 535874 891083 293772 249301 216406 773456 607622 25385 828935 695848 958329 912489 68786 584309 586159 532775 
622924 608262 123873 723925 93336 796390 842857 513345 74999 937748 767896 343968 887384 474577 615944 960837 830538 592147 24363 499758 869943 
989597 222904 928382 945282 579295 593789 423805 691656 590688 601984 442218 35566 235294 566257 429939 321852 819488 54191 12681 423833 53527 
966430 708708 973415 657618 119926 982639 147527 719546 951358 156126 442308 993880 933552 861642 651960 143982 674466 76326 412495 793894 803065 
614564 895430 25502 106873 276941 878054 914330 172233 742281 99360 985475 390041 878777 805590 187705 750019 134969 117487 791267 160663 166375 
417699 539822 388028 304416 584228 829842 148410 750159 20936 603766 464762 137762 192833 730273 481220 506195 448804 365255 858132 700517 372305 
327684 87475 615114 482412 55545 245709 501760 63806 274673 723793 321173 990216 875230 883514 577144 681481 556510 158306 49185 565050 59512 
851210 18384 100849 215786 494308 670761 331581 332990 572064 639734 928567 938586 430201 7586 94443 21175 571392 338664 294894 523304 448199 
770364 157762 563992 670178 871090 400798 189830 293713 100570 675861 266532 131466 6712 47514 418097 800051 770805 1124 680889 623723 43821 
375817 268366 868378 463373 552613 50381 444077 607901 297042 662619 284476 891920 545944 970764 322782 202059 423583 685468 406153 812552 116462 
605896 721618 762430 369628 876992 592287 945461 13457 154993 379002 143240 276412 980385 51971 483514 782671 198309 783986 486121 739358 667246 
477298 530880 848200 659703 129784 536168 588420 495970 740138 189830 567800 554619 417219 868806 810816 63838 818316 57130 823025 659916 649967 
547473 644497 850161 269779 974280 370372 385325 305446 160781 255578 876559 513955 352116 554609 949622 644609 121946 151853 236096 484212 879011 
600161 43283 260911 298283 822111 792302 989861 459636 318021 312685 696007 446606 672709 565778 320625 240050 956994 276545 299417 291625 27082 
377062 341986 855639 424204 347508 156023 647014 95296 484852 554184 85699 917858 447801 990357 921090 921802 874500 978011 326675 598296 111529 
479692 64648 2582 513294 892521 956169 352416 277477 868525 213054 394765 282488 855796 88520 642694 354807 709506 492232 585379 241350 451231 
904210 783388 914633 790975 742985 987271 214554 912912 159389 943165 659939 764689 780608 352663 121159 12817 389176 508978 669493 285378 422030 
1 5
2 3
3 5
4 5
5 6
6 8
7 8
8 9
9 11
10 11
11 12
12 14
13 14
14 16
15 17
16 17
17 19
18 19
19 20
20 21
1 3
2 5
3 4
4 6
5 7
6 9
7 9
8 10
9 10
10 12
