10269
692778
692778
692778
636916
747794
238336
885387
760493
516650
641422
641422
641422
641422
641422
641422
202363
202363
202363
202363
202363
202363
490028
490028
368691
520060
520060
520060
520060
897764
513927
513927
513927
180541
180541
180541
383427
89173
89173
455737
5212
5212
5212
5212
5212
5212
5212
5212
5212
595369
595369
595369
702568
702568
956430
956430
956430
465783
21531
21531
722863
722863
665124
665124
665124
665124
174068
174068
703136
513930
513930
979803
979803
979803
979803
979803
979803
979803
979803
979803
979803
634023
634023
723059
133070
898168
898168
898168
961394
961394
961394
18457
175012
175012
175012
175012
175012
478043
478043
176230
377374
377374
484422
544920
413785
898538
898538
575199
575199
594325
798316
664371
664371
664371
566414
803527
803527
803527
803527
803527
803527
776092
268981
268981
268981
759957
759957
759957
241874
241874
806863
999171
999171
999171
906997
906997
906997
906997
497282
702306
702306
702306
702306
702306
702306
702306
702306
702306
702306
702306
420926
420926
420926
477085
477085
336328
336328
336328
336328
660337
660337
126506
750847
750847
750847
750847
750847
621730
661314
661314
925858
925858
925858
925858
925858
616125
616125
616125
616125
616125
353896
353896
353896
353896
353896
819583
100546
100546
100546
100546
898815
898815
898815
898815
233368
515435
990365
990365
344044
313751
171088
426809
117277
117277
947179
947179
947179
947179
695789
695789
695789
393585
705404
502652
392755
392755
612400
999933
95061
549677
549677
549677
549677
549677
993369
993369
993369
947740
947740
947740
210013
210013
636227
698587
348095
297540
297540
297540
297540
297540
297540
140796
480571
480571
651435
960379
960379
960379
97468
66602
66602
710098
710098
612903
612903
612903
612903
573318
570493
926653
926653
926653
926653
260757
260757
260757
997302
997302
560281
724287
724287
724287
209442
209442
209442
953866
953866
429690
429690
228445
346620
558441
744730
744730
744730
744730
744730
958032
958032
958032
958032
958032
108118
738098
738098
738098
738098
738098
905772
905772
905772
905772
834482
834482
834482
890676
120710
698928
698928
698928
704568
704568
777857
777857
179498
179498
872354
872354
254587
254587
276966
455307
455307
964684
964684
406220
28625
51529
51529
332872
332872
332872
332872
332872
332872
805733
48830
48830
409504
409504
409504
409504
409504
409504
530020
530020
258271
363369
363369
363369
363369
363369
363369
959709
486716
226341
518150
518150
518150
747797
700724
142619
142619
2246
122847
122847
493452
892922
243556
243556
243556
243556
192380
192380
597489
537765
537765
888229
469842
792351
792351
792351
165194
165194
441501
757035
87765
87765
470125
470125
470125
324915
324915
324915
936988
936988
275857
373744
346492
322228
322228
322228
322228
322228
148366
148366
148366
148366
148366
148366
148366
709860
709860
709860
281937
281937
281937
151433
151433
151433
151433
452552
452552
452552
452552
316438
316438
316438
899229
153276
153276
153276
975408
901475
901475
276122
276122
468859
468859
468859
468859
468859
794396
36030
36030
661238
661238
908236
908236
573794
65819
894429
894429
366144
366144
231012
231012
335929
335929
639530
639530
639530
318777
318777
318777
318777
318777
318777
318777
318777
318777
322405
964444
964444
255764
255764
255764
255764
255764
114614
114614
114614
114614
854539
854539
118607
118607
118607
118607
118607
118607
692778
636916
636916
636916
747794
238336
238336
238336
238336
885387
760493
760493
516650
516650
516650
516650
516650
641422
641422
641422
641422
202363
490028
368691
368691
368691
368691
520060
520060
520060
520060
520060
520060
520060
897764
897764
897764
897764
897764
897764
513927
513927
513927
180541
180541
383427
89173
89173
455737
5212
5212
595369
702568
702568
702568
702568
956430
956430
956430
465783
465783
465783
465783
21531
722863
722863
722863
722863
722863
665124
665124
665124
665124
665124
174068
174068
174068
703136
703136
703136
703136
703136
513930
513930
979803
979803
979803
979803
979803
979803
979803
979803
634023
723059
723059
133070
898168
898168
898168
898168
898168
961394
961394
961394
961394
961394
961394
961394
961394
18457
18457
175012
175012
478043
176230
377374
377374
377374
377374
377374
484422
544920
413785
898538
575199
575199
575199
594325
594325
798316
798316
664371
566414
566414
566414
566414
803527
776092
268981
268981
759957
759957
241874
806863
806863
999171
906997
906997
906997
906997
497282
702306
420926
477085
336328
336328
660337
660337
660337
660337
660337
660337
660337
126506
126506
126506
126506
126506
126506
750847
750847
750847
750847
750847
750847
750847
750847
750847
621730
621730
661314
661314
661314
661314
661314
661314
925858
925858
925858
925858
616125
616125
353896
819583
819583
100546
100546
898815
898815
233368
233368
515435
990365
344044
344044
344044
344044
313751
313751
313751
313751
313751
313751
171088
171088
171088
171088
171088
171088
426809
117277
117277
117277
117277
947179
695789
695789
695789
393585
393585
705404
705404
502652
392755
392755
392755
392755
392755
612400
612400
612400
612400
999933
999933
95061
95061
95061
95061
549677
993369
947740
210013
636227
636227
636227
698587
698587
348095
297540
140796
480571
480571
480571
651435
651435
960379
97468
97468
97468
66602
710098
612903
573318
570493
570493
926653
926653
926653
260757
997302
997302
997302
560281
560281
724287
209442
209442
953866
429690
429690
228445
346620
346620
346620
346620
346620
346620
346620
558441
558441
558441
744730
744730
744730
744730
744730
958032
958032
958032
108118
108118
738098
738098
738098
738098
738098
738098
905772
905772
905772
905772
905772
834482
890676
890676
890676
890676
120710
120710
120710
120710
120710
120710
120710
698928
704568
777857
179498
179498
179498
872354
254587
254587
254587
254587
254587
254587
254587
276966
455307
455307
455307
455307
455307
455307
964684
406220
28625
28625
51529
51529
51529
51529
51529
332872
332872
332872
805733
48830
409504
409504
530020
530020
530020
258271
258271
258271
258271
363369
959709
959709
486716
226341
226341
226341
226341
226341
226341
518150
747797
747797
747797
747797
747797
700724
700724
142619
142619
142619
2246
122847
122847
122847
122847
493452
892922
892922
892922
892922
243556
243556
192380
597489
597489
597489
597489
597489
597489
597489
597489
597489
597489
597489
597489
597489
597489
537765
888229
469842
469842
792351
165194
165194
441501
441501
757035
757035
757035
757035
87765
87765
87765
470125
470125
324915
324915
324915
936988
936988
275857
275857
275857
275857
373744
346492
322228
322228
148366
709860
709860
709860
281937
281937
281937
281937
151433
452552
316438
316438
316438
899229
899229
899229
899229
899229
153276
153276
153276
975408
901475
276122
276122
276122
276122
468859
468859
468859
468859
468859
468859
794396
794396
36030
36030
661238
661238
908236
573794
573794
573794
573794
573794
573794
573794
573794
573794
65819
65819
65819
894429
366144
366144
366144
366144
366144
231012
231012
335929
335929
639530
318777
318777
322405
322405
322405
322405
322405
322405
964444
255764
255764
114614
854539
854539
118607
118607
118607
118607
692778
692778
636916
636916
747794
747794
747794
747794
747794
238336
238336
885387
885387
885387
760493
760493
760493
760493
760493
516650
641422
641422
202363
202363
202363
490028
490028
490028
490028
368691
368691
520060
520060
520060
897764
897764
513927
513927
180541
180541
383427
383427
89173
89173
89173
89173
89173
89173
455737
5212
5212
595369
595369
595369
595369
595369
595369
702568
702568
956430
465783
21531
21531
21531
21531
722863
665124
665124
174068
703136
703136
513930
979803
979803
634023
723059
133070
133070
898168
898168
898168
898168
898168
961394
961394
961394
961394
18457
18457
18457
175012
175012
175012
478043
176230
176230
377374
484422
544920
544920
544920
544920
544920
544920
413785
898538
898538
575199
575199
575199
575199
575199
575199
575199
575199
594325
798316
664371
566414
566414
566414
803527
803527
803527
803527
776092
268981
268981
268981
759957
759957
759957
759957
241874
806863
806863
999171
999171
906997
906997
906997
906997
497282
702306
702306
702306
420926
420926
477085
477085
477085
477085
477085
477085
336328
336328
660337
660337
126506
126506
126506
126506
750847
621730
621730
621730
621730
621730
621730
621730
661314
925858
925858
925858
616125
616125
353896
353896
353896
819583
100546
100546
100546
100546
100546
898815
233368
233368
233368
233368
233368
515435
990365
990365
344044
344044
313751
313751
313751
313751
313751
313751
313751
171088
426809
426809
117277
117277
117277
117277
117277
947179
947179
947179
947179
695789
695789
695789
393585
393585
393585
705404
705404
705404
502652
502652
392755
612400
612400
612400
612400
999933
999933
999933
95061
549677
549677
993369
993369
993369
993369
947740
210013
636227
636227
698587
348095
348095
348095
348095
297540
140796
480571
480571
480571
651435
651435
651435
651435
960379
960379
97468
66602
66602
66602
710098
710098
612903
573318
570493
926653
926653
260757
997302
997302
560281
724287
724287
724287
209442
209442
209442
209442
209442
953866
429690
228445
228445
228445
346620
346620
346620
346620
346620
558441
744730
744730
744730
744730
744730
744730
744730
744730
958032
958032
108118
738098
905772
834482
834482
890676
890676
120710
120710
120710
120710
120710
698928
698928
704568
704568
777857
179498
872354
872354
254587
276966
276966
276966
276966
455307
964684
406220
406220
28625
28625
28625
51529
332872
332872
332872
805733
48830
409504
409504
409504
409504
409504
409504
530020
258271
258271
258271
363369
363369
959709
486716
486716
486716
486716
226341
226341
226341
226341
518150
518150
518150
747797
700724
700724
700724
142619
142619
142619
142619
142619
2246
2246
2246
122847
493452
493452
493452
493452
493452
892922
243556
243556
243556
243556
243556
192380
192380
597489
597489
597489
597489
537765
537765
888229
888229
888229
888229
469842
469842
469842
469842
469842
469842
469842
792351
792351
792351
792351
792351
792351
792351
792351
792351
792351
165194
165194
165194
165194
165194
165194
441501
441501
441501
441501
757035
87765
87765
87765
87765
470125
324915
936988
936988
936988
936988
936988
936988
275857
373744
346492
346492
322228
322228
322228
322228
322228
322228
148366
709860
709860
709860
709860
281937
151433
151433
452552
452552
452552
452552
452552
316438
316438
899229
153276
153276
153276
153276
975408
901475
276122
276122
276122
276122
468859
468859
468859
794396
36030
36030
661238
661238
661238
661238
661238
908236
908236
573794
573794
573794
573794
65819
894429
894429
366144
231012
335929
639530
639530
318777
322405
322405
322405
322405
322405
322405
964444
255764
255764
255764
255764
255764
255764
255764
255764
114614
114614
854539
854539
118607
118607
692778
636916
747794
747794
747794
238336
238336
238336
885387
885387
885387
760493
516650
516650
516650
516650
516650
641422
641422
202363
202363
490028
490028
368691
368691
368691
368691
368691
520060
520060
520060
897764
513927
513927
513927
513927
513927
513927
513927
513927
513927
513927
513927
513927
513927
513927
513927
513927
513927
180541
383427
89173
89173
89173
455737
5212
595369
595369
595369
702568
702568
702568
956430
956430
465783
465783
465783
21531
21531
21531
21531
722863
722863
722863
665124
174068
703136
703136
513930
513930
979803
634023
634023
723059
723059
133070
133070
133070
133070
133070
898168
961394
961394
18457
18457
175012
478043
478043
478043
478043
176230
176230
377374
377374
484422
544920
413785
898538
575199
594325
798316
664371
566414
566414
566414
566414
566414
566414
566414
566414
803527
803527
803527
803527
803527
803527
776092
776092
776092
776092
776092
268981
268981
268981
268981
268981
268981
268981
268981
268981
268981
268981
268981
759957
759957
759957
759957
759957
759957
759957
241874
241874
241874
806863
806863
806863
806863
806863
806863
999171
999171
906997
906997
906997
906997
497282
702306
420926
420926
420926
477085
477085
477085
336328
660337
660337
126506
126506
750847
750847
621730
661314
925858
616125
353896
353896
819583
819583
819583
819583
819583
819583
819583
100546
898815
898815
233368
233368
233368
515435
515435
515435
515435
990365
990365
990365
990365
344044
344044
344044
344044
344044
344044
313751
313751
313751
313751
313751
313751
171088
426809
117277
117277
947179
695789
393585
705404
705404
705404
705404
705404
502652
502652
392755
612400
999933
95061
95061
95061
95061
549677
993369
947740
210013
636227
698587
698587
348095
348095
297540
140796
480571
651435
960379
97468
66602
710098
710098
710098
612903
573318
570493
926653
926653
260757
260757
260757
997302
997302
997302
997302
997302
997302
560281
560281
560281
560281
560281
560281
724287
724287
209442
209442
953866
953866
953866
953866
953866
953866
953866
953866
429690
429690
228445
228445
346620
346620
346620
346620
558441
744730
958032
958032
958032
958032
958032
958032
958032
108118
108118
738098
738098
738098
738098
738098
905772
834482
890676
120710
120710
698928
704568
777857
179498
872354
872354
254587
254587
276966
276966
276966
276966
455307
964684
406220
406220
406220
28625
51529
51529
51529
332872
332872
332872
332872
332872
332872
805733
805733
805733
48830
409504
409504
530020
258271
258271
258271
258271
363369
363369
959709
959709
486716
226341
226341
226341
226341
226341
226341
226341
226341
226341
518150
747797
700724
142619
2246
2246
2246
2246
2246
2246
122847
493452
493452
892922
892922
243556
243556
243556
192380
597489
537765
888229
888229
888229
888229
469842
792351
792351
165194
165194
165194
165194
165194
165194
441501
441501
441501
441501
441501
757035
87765
87765
470125
470125
324915
324915
936988
936988
936988
936988
275857
275857
373744
346492
322228
322228
322228
148366
148366
148366
148366
709860
709860
281937
281937
281937
281937
281937
151433
151433
151433
151433
452552
452552
452552
452552
452552
316438
899229
153276
975408
901475
901475
276122
276122
276122
276122
276122
276122
276122
276122
468859
468859
468859
468859
794396
36030
661238
661238
661238
661238
908236
908236
573794
573794
573794
573794
573794
573794
573794
573794
573794
573794
573794
65819
65819
894429
366144
366144
366144
231012
231012
335929
335929
335929
335929
639530
639530
639530
639530
639530
639530
639530
639530
639530
639530
639530
318777
318777
322405
964444
255764
114614
114614
854539
118607
692778
692778
692778
692778
636916
636916
636916
636916
636916
747794
747794
747794
747794
747794
238336
885387
760493
760493
760493
760493
516650
641422
202363
202363
202363
202363
490028
490028
368691
520060
897764
897764
897764
897764
897764
897764
513927
180541
383427
383427
89173
455737
5212
595369
595369
702568
956430
956430
956430
956430
956430
956430
465783
465783
21531
21531
722863
722863
665124
174068
174068
174068
174068
703136
703136
703136
703136
513930
513930
979803
979803
979803
979803
634023
634023
723059
133070
898168
961394
961394
961394
961394
18457
175012
175012
175012
175012
175012
175012
175012
478043
176230
377374
377374
377374
377374
377374
484422
544920
413785
898538
575199
575199
594325
798316
798316
798316
798316
798316
798316
664371
664371
566414
803527
803527
803527
803527
803527
803527
776092
776092
776092
268981
268981
268981
268981
268981
268981
268981
268981
759957
241874
241874
806863
999171
906997
906997
906997
906997
906997
497282
497282
702306
420926
420926
420926
420926
477085
336328
660337
660337
126506
126506
750847
750847
621730
661314
661314
661314
661314
925858
925858
616125
353896
353896
819583
100546
100546
898815
898815
233368
515435
990365
344044
313751
313751
313751
313751
313751
313751
171088
171088
171088
171088
171088
426809
426809
426809
426809
117277
947179
947179
695789
695789
695789
695789
695789
695789
393585
393585
393585
705404
705404
705404
502652
502652
392755
392755
392755
392755
612400
612400
999933
999933
999933
999933
95061
95061
95061
549677
549677
549677
549677
549677
993369
993369
993369
993369
947740
947740
947740
947740
947740
210013
210013
210013
636227
636227
636227
698587
348095
348095
348095
297540
297540
297540
140796
480571
651435
960379
97468
97468
97468
97468
97468
66602
710098
710098
710098
612903
612903
573318
570493
926653
926653
926653
260757
260757
260757
260757
260757
260757
997302
997302
997302
997302
560281
560281
724287
724287
209442
953866
429690
228445
228445
228445
228445
228445
228445
346620
558441
744730
744730
958032
108118
738098
738098
738098
738098
738098
905772
905772
834482
890676
120710
698928
698928
698928
698928
698928
698928
698928
698928
704568
704568
777857
179498
179498
872354
872354
872354
254587
254587
254587
276966
276966
276966
276966
455307
964684
406220
28625
28625
51529
332872
332872
332872
805733
805733
805733
48830
48830
409504
409504
530020
530020
258271
363369
959709
486716
486716
226341
518150
747797
747797
700724
700724
142619
142619
2246
122847
122847
122847
122847
122847
493452
892922
243556
192380
597489
597489
537765
888229
888229
469842
792351
792351
165194
165194
165194
441501
757035
757035
87765
470125
324915
936988
936988
936988
275857
275857
275857
275857
275857
275857
373744
373744
373744
373744
346492
322228
148366
709860
281937
151433
452552
452552
316438
899229
153276
975408
901475
276122
276122
468859
794396
794396
794396
36030
36030
36030
36030
661238
908236
908236
908236
908236
908236
573794
573794
573794
65819
894429
894429
894429
894429
894429
366144
366144
366144
231012
231012
231012
335929
639530
318777
322405
964444
964444
255764
255764
114614
114614
114614
114614
114614
854539
854539
854539
118607
118607
692778
692778
636916
636916
747794
747794
238336
885387
760493
516650
641422
641422
202363
490028
368691
520060
520060
897764
897764
897764
897764
513927
180541
383427
383427
383427
383427
383427
89173
89173
89173
89173
455737
455737
5212
5212
595369
595369
595369
702568
702568
956430
956430
956430
956430
956430
956430
956430
956430
956430
465783
465783
465783
21531
21531
722863
665124
174068
174068
174068
703136
513930
979803
979803
979803
634023
634023
634023
634023
634023
634023
723059
723059
133070
133070
133070
133070
898168
898168
898168
898168
898168
961394
961394
18457
18457
18457
175012
478043
478043
478043
176230
176230
176230
176230
176230
176230
176230
377374
377374
484422
544920
544920
544920
544920
413785
413785
898538
898538
898538
898538
898538
575199
575199
575199
575199
575199
575199
575199
575199
594325
798316
664371
566414
566414
566414
566414
566414
803527
803527
803527
776092
776092
776092
268981
759957
759957
759957
241874
806863
999171
906997
906997
497282
702306
420926
420926
477085
336328
336328
336328
660337
660337
660337
126506
126506
126506
126506
750847
750847
621730
621730
621730
661314
925858
925858
616125
616125
353896
819583
100546
100546
100546
100546
100546
100546
898815
898815
898815
233368
233368
515435
990365
990365
344044
313751
171088
171088
171088
171088
426809
117277
117277
117277
947179
947179
947179
695789
695789
695789
695789
393585
705404
502652
502652
502652
502652
502652
392755
612400
612400
999933
95061
549677
549677
549677
993369
993369
947740
210013
210013
636227
698587
348095
297540
140796
140796
140796
140796
140796
140796
480571
480571
480571
651435
651435
651435
651435
960379
960379
960379
97468
97468
66602
66602
66602
66602
710098
710098
710098
612903
573318
570493
926653
260757
997302
997302
560281
560281
560281
560281
724287
724287
209442
209442
209442
209442
953866
953866
953866
953866
953866
953866
429690
429690
429690
429690
429690
429690
228445
346620
346620
346620
558441
744730
744730
744730
744730
744730
958032
958032
108118
108118
738098
738098
905772
834482
890676
120710
120710
120710
120710
120710
698928
698928
698928
698928
698928
698928
698928
698928
698928
698928
704568
777857
777857
777857
179498
872354
254587
276966
276966
276966
276966
276966
276966
276966
455307
455307
964684
406220
28625
28625
28625
28625
28625
51529
51529
332872
332872
332872
332872
332872
332872
805733
805733
48830
48830
48830
409504
409504
530020
530020
258271
258271
258271
258271
258271
258271
258271
258271
363369
363369
363369
959709
486716
486716
226341
518150
518150
518150
747797
747797
700724
142619
142619
142619
2246
122847
122847
493452
493452
493452
892922
243556
192380
597489
537765
888229
469842
469842
792351
165194
441501
441501
757035
87765
87765
470125
324915
936988
936988
936988
936988
275857
275857
373744
373744
373744
346492
322228
322228
148366
148366
709860
281937
151433
452552
316438
899229
153276
153276
975408
975408
975408
901475
901475
901475
276122
276122
468859
794396
36030
36030
661238
908236
908236
573794
65819
894429
894429
366144
366144
366144
366144
231012
231012
231012
335929
335929
335929
639530
318777
318777
318777
322405
322405
322405
322405
964444
255764
255764
255764
255764
255764
255764
114614
114614
114614
854539
854539
118607
692778
692778
692778
692778
692778
692778
636916
636916
747794
747794
747794
747794
747794
747794
747794
747794
238336
885387
885387
885387
885387
885387
760493
760493
516650
641422
202363
202363
490028
368691
368691
520060
520060
897764
897764
513927
513927
180541
180541
180541
383427
383427
89173
89173
455737
455737
5212
5212
595369
595369
595369
595369
595369
702568
956430
956430
465783
465783
465783
465783
21531
722863
722863
722863
722863
722863
665124
174068
174068
703136
703136
703136
513930
979803
979803
634023
634023
634023
723059
723059
133070
898168
898168
898168
898168
898168
898168
898168
961394
18457
175012
478043
176230
377374
484422
484422
484422
484422
484422
484422
484422
544920
544920
413785
413785
898538
898538
575199
575199
575199
575199
594325
798316
664371
664371
566414
566414
566414
566414
566414
566414
803527
803527
803527
776092
268981
759957
759957
759957
759957
759957
759957
241874
806863
999171
906997
906997
497282
497282
497282
497282
497282
497282
497282
497282
497282
702306
702306
702306
420926
477085
336328
660337
126506
126506
126506
750847
621730
661314
925858
616125
616125
353896
819583
819583
100546
100546
100546
898815
898815
233368
515435
990365
990365
344044
344044
313751
171088
426809
426809
117277
947179
695789
393585
705404
502652
502652
392755
392755
612400
999933
95061
95061
549677
549677
549677
993369
993369
993369
993369
993369
947740
210013
210013
210013
636227
698587
698587
348095
297540
297540
297540
297540
297540
140796
480571
651435
651435
960379
960379
960379
960379
960379
960379
960379
97468
97468
66602
66602
66602
66602
66602
66602
66602
66602
710098
710098
612903
573318
570493
570493
570493
570493
570493
570493
570493
926653
926653
260757
260757
997302
997302
560281
724287
209442
209442
953866
429690
228445
346620
346620
346620
558441
744730
958032
108118
108118
738098
905772
905772
834482
834482
890676
890676
890676
120710
120710
120710
120710
120710
120710
120710
120710
698928
698928
704568
704568
777857
179498
179498
872354
872354
872354
254587
254587
254587
276966
455307
455307
455307
455307
455307
455307
455307
455307
964684
964684
406220
406220
28625
51529
332872
805733
48830
48830
48830
409504
409504
409504
409504
530020
530020
530020
530020
530020
258271
363369
363369
959709
959709
486716
486716
486716
486716
486716
226341
226341
518150
518150
747797
747797
747797
747797
747797
747797
700724
142619
142619
2246
122847
122847
493452
493452
892922
243556
192380
597489
537765
888229
888229
888229
469842
792351
792351
165194
165194
165194
441501
441501
757035
87765
470125
470125
324915
324915
324915
936988
275857
275857
275857
373744
346492
346492
346492
322228
322228
148366
148366
148366
148366
148366
148366
148366
148366
148366
148366
148366
148366
148366
148366
148366
709860
709860
709860
281937
281937
151433
151433
151433
452552
452552
452552
316438
316438
316438
316438
316438
899229
153276
975408
975408
975408
975408
901475
901475
901475
276122
276122
468859
794396
794396
794396
36030
36030
36030
36030
661238
661238
661238
908236
908236
908236
908236
573794
65819
65819
65819
65819
65819
65819
65819
894429
894429
366144
231012
335929
335929
335929
335929
335929
639530
639530
318777
318777
322405
964444
964444
964444
964444
964444
964444
964444
255764
255764
255764
114614
114614
854539
854539
118607
692778
636916
747794
747794
747794
747794
238336
238336
885387
885387
760493
760493
760493
760493
760493
760493
760493
760493
516650
516650
641422
202363
490028
368691
368691
368691
520060
520060
520060
520060
520060
520060
897764
513927
513927
513927
513927
180541
383427
383427
89173
89173
455737
455737
455737
455737
5212
595369
702568
702568
702568
956430
956430
956430
465783
465783
21531
722863
722863
722863
665124
665124
665124
174068
174068
703136
703136
703136
703136
513930
979803
979803
634023
723059
133070
133070
898168
961394
961394
18457
18457
18457
175012
175012
478043
176230
176230
176230
377374
377374
377374
377374
484422
544920
544920
413785
898538
575199
575199
575199
575199
575199
594325
798316
664371
566414
566414
803527
776092
776092
776092
776092
268981
268981
268981
268981
268981
759957
759957
241874
806863
999171
999171
999171
906997
497282
497282
497282
497282
702306
420926
477085
336328
660337
660337
126506
126506
126506
126506
126506
126506
750847
621730
661314
661314
661314
661314
925858
925858
616125
616125
616125
616125
353896
353896
353896
819583
819583
100546
100546
100546
898815
898815
898815
898815
898815
233368
515435
515435
515435
515435
515435
515435
990365
990365
344044
313751
171088
171088
171088
171088
171088
171088
426809
426809
426809
426809
426809
426809
426809
426809
426809
117277
117277
117277
117277
117277
117277
947179
695789
393585
393585
705404
705404
705404
705404
502652
392755
392755
392755
392755
392755
612400
999933
95061
95061
549677
993369
993369
993369
993369
993369
947740
210013
210013
210013
210013
210013
210013
210013
636227
698587
698587
698587
698587
348095
348095
297540
140796
480571
480571
651435
651435
651435
960379
960379
960379
97468
97468
97468
97468
97468
97468
97468
97468
97468
66602
66602
66602
710098
612903
612903
573318
573318
573318
573318
570493
926653
926653
926653
926653
260757
997302
997302
997302
997302
997302
997302
997302
997302
997302
997302
560281
560281
724287
724287
209442
209442
953866
953866
953866
953866
429690
228445
228445
228445
346620
346620
346620
558441
744730
744730
958032
958032
958032
108118
738098
738098
738098
738098
738098
738098
905772
905772
905772
834482
834482
834482
834482
834482
890676
120710
120710
698928
698928
704568
704568
704568
704568
777857
777857
777857
179498
179498
872354
872354
872354
254587
254587
276966
455307
455307
964684
406220
406220
406220
406220
28625
51529
332872
805733
48830
409504
409504
409504
409504
409504
530020
258271
363369
363369
363369
363369
363369
363369
959709
959709
486716
226341
226341
518150
747797
700724
142619
142619
142619
142619
142619
2246
2246
2246
2246
2246
122847
493452
493452
493452
493452
493452
493452
493452
493452
493452
892922
243556
192380
597489
537765
537765
537765
537765
537765
537765
888229
888229
469842
792351
165194
165194
165194
441501
441501
441501
441501
441501
757035
87765
87765
87765
87765
470125
470125
470125
470125
324915
324915
936988
936988
936988
936988
275857
275857
373744
346492
346492
346492
322228
148366
709860
709860
281937
151433
452552
452552
316438
899229
899229
153276
153276
975408
901475
901475
276122
276122
276122
276122
468859
468859
794396
794396
36030
661238
661238
908236
908236
908236
908236
908236
573794
65819
65819
894429
366144
231012
231012
231012
335929
335929
335929
335929
335929
335929
335929
639530
639530
318777
322405
322405
322405
322405
322405
322405
964444
964444
964444
255764
114614
114614
114614
854539
854539
854539
854539
854539
854539
118607
118607
118607
118607
692778
692778
636916
636916
636916
747794
238336
885387
885387
885387
885387
885387
760493
760493
516650
516650
516650
641422
641422
202363
490028
368691
368691
368691
368691
368691
520060
520060
897764
897764
513927
180541
180541
383427
383427
383427
383427
383427
383427
89173
89173
89173
89173
89173
455737
455737
5212
5212
595369
702568
702568
956430
465783
465783
465783
465783
21531
21531
722863
665124
174068
703136
513930
513930
979803
634023
723059
723059
133070
133070
898168
898168
961394
18457
175012
478043
176230
377374
377374
377374
484422
544920
413785
413785
413785
413785
898538
898538
898538
575199
575199
594325
798316
798316
798316
798316
798316
664371
664371
664371
664371
664371
566414
566414
566414
803527
803527
776092
268981
268981
759957
759957
759957
241874
806863
806863
806863
999171
906997
906997
497282
497282
497282
497282
497282
497282
497282
497282
497282
497282
497282
702306
702306
702306
420926
477085
477085
477085
477085
477085
336328
336328
660337
660337
126506
750847
621730
621730
661314
925858
925858
616125
616125
616125
616125
353896
819583
819583
100546
100546
100546
100546
898815
898815
233368
515435
515435
515435
515435
990365
344044
344044
344044
344044
344044
344044
313751
313751
171088
426809
426809
426809
426809
117277
117277
117277
947179
947179
695789
393585
393585
705404
705404
705404
705404
705404
705404
502652
392755
612400
999933
999933
999933
95061
95061
549677
549677
993369
993369
993369
993369
947740
947740
947740
210013
210013
210013
636227
698587
348095
348095
348095
297540
140796
140796
140796
140796
480571
480571
651435
651435
651435
651435
651435
651435
960379
960379
97468
66602
710098
612903
612903
573318
573318
573318
570493
570493
926653
926653
260757
997302
560281
724287
209442
953866
429690
429690
228445
346620
558441
744730
958032
108118
108118
108118
108118
738098
738098
905772
834482
834482
890676
890676
120710
120710
698928
698928
698928
704568
777857
777857
777857
777857
777857
777857
179498
179498
872354
254587
254587
254587
276966
455307
455307
964684
964684
406220
28625
51529
51529
51529
332872
332872
332872
805733
48830
48830
48830
48830
409504
409504
530020
530020
530020
258271
363369
363369
959709
486716
486716
486716
486716
486716
486716
226341
226341
226341
518150
747797
747797
747797
747797
700724
142619
142619
2246
122847
122847
122847
122847
122847
493452
493452
892922
892922
892922
243556
192380
192380
597489
597489
537765
537765
888229
469842
469842
792351
792351
792351
165194
165194
165194
165194
165194
165194
165194
165194
165194
441501
441501
441501
441501
441501
441501
441501
441501
441501
441501
441501
441501
441501
757035
757035
757035
757035
757035
87765
87765
87765
470125
324915
324915
936988
936988
936988
936988
936988
936988
275857
275857
373744
346492
322228
148366
148366
148366
148366
148366
709860
281937
281937
151433
151433
151433
151433
452552
316438
316438
316438
316438
316438
316438
316438
899229
153276
153276
975408
901475
901475
276122
276122
468859
468859
468859
794396
794396
794396
794396
36030
661238
661238
908236
908236
573794
573794
65819
894429
894429
366144
231012
335929
639530
639530
639530
318777
322405
322405
964444
255764
114614
114614
854539
118607
118607
692778
636916
636916
636916
636916
747794
747794
238336
885387
885387
760493
516650
641422
641422
641422
202363
490028
368691
368691
520060
520060
897764
513927
513927
180541
383427
383427
383427
89173
89173
89173
455737
455737
5212
5212
595369
702568
702568
702568
956430
465783
465783
465783
21531
722863
665124
174068
703136
703136
513930
513930
513930
979803
979803
634023
723059
723059
723059
723059
723059
133070
898168
898168
961394
961394
961394
961394
961394
961394
961394
961394
18457
18457
175012
478043
478043
478043
478043
478043
176230
176230
176230
176230
176230
176230
377374
484422
484422
544920
413785
898538
575199
575199
594325
798316
664371
664371
664371
664371
566414
803527
803527
776092
776092
776092
776092
776092
268981
759957
241874
806863
806863
806863
806863
806863
806863
806863
999171
999171
999171
906997
906997
906997
906997
906997
497282
497282
702306
702306
420926
420926
477085
477085
477085
477085
336328
660337
660337
126506
750847
750847
750847
750847
621730
621730
621730
621730
621730
621730
621730
621730
621730
661314
661314
661314
925858
925858
616125
616125
353896
819583
819583
100546
898815
898815
233368
515435
515435
515435
515435
515435
990365
344044
344044
344044
344044
313751
171088
171088
171088
171088
426809
117277
117277
117277
117277
947179
695789
695789
695789
393585
393585
705404
705404
705404
705404
705404
502652
392755
392755
392755
392755
612400
612400
999933
999933
999933
95061
549677
993369
993369
993369
993369
993369
993369
993369
947740
947740
947740
947740
210013
210013
636227
636227
636227
698587
348095
348095
297540
297540
297540
140796
140796
480571
480571
480571
480571
480571
480571
651435
651435
960379
960379
97468
97468
97468
66602
66602
66602
710098
710098
710098
612903
573318
570493
570493
926653
926653
260757
260757
260757
260757
260757
997302
997302
560281
560281
560281
560281
560281
560281
560281
560281
724287
724287
209442
209442
953866
953866
429690
228445
346620
346620
558441
558441
558441
558441
558441
744730
744730
744730
958032
108118
108118
108118
108118
108118
738098
738098
905772
905772
905772
905772
905772
834482
890676
890676
890676
120710
698928
698928
704568
777857
777857
179498
179498
179498
179498
872354
872354
254587
276966
276966
455307
455307
964684
406220
28625
51529
51529
51529
51529
332872
805733
805733
48830
48830
409504
409504
409504
530020
530020
258271
258271
363369
959709
959709
959709
959709
959709
959709
959709
959709
959709
486716
486716
486716
226341
226341
518150
518150
747797
747797
700724
142619
2246
122847
493452
892922
243556
243556
243556
243556
243556
192380
192380
597489
597489
597489
537765
537765
537765
537765
537765
888229
469842
792351
792351
165194
165194
165194
441501
441501
441501
757035
87765
87765
87765
470125
470125
324915
324915
324915
324915
324915
324915
324915
324915
936988
275857
275857
373744
373744
373744
373744
346492
322228
322228
148366
148366
709860
709860
709860
281937
281937
281937
151433
151433
151433
452552
452552
316438
899229
153276
975408
975408
975408
975408
975408
975408
975408
901475
901475
901475
901475
276122
468859
468859
468859
794396
36030
36030
661238
661238
661238
908236
908236
908236
573794
65819
65819
65819
894429
366144
366144
366144
366144
366144
366144
231012
231012
231012
335929
639530
318777
318777
322405
322405
964444
255764
114614
114614
114614
854539
118607
118607
692778
692778
636916
636916
636916
747794
238336
238336
885387
760493
760493
760493
516650
516650
641422
202363
490028
368691
368691
368691
368691
368691
368691
368691
368691
368691
520060
897764
513927
513927
513927
513927
513927
180541
383427
383427
89173
455737
455737
455737
5212
5212
595369
702568
956430
465783
21531
722863
722863
722863
722863
665124
174068
703136
513930
979803
634023
634023
723059
133070
133070
898168
898168
898168
961394
961394
18457
175012
175012
175012
175012
175012
175012
175012
175012
175012
478043
176230
176230
176230
176230
377374
377374
484422
484422
484422
544920
544920
413785
898538
898538
575199
594325
594325
594325
798316
664371
566414
566414
566414
566414
566414
566414
803527
803527
803527
776092
776092
776092
268981
759957
241874
241874
241874
806863
806863
806863
999171
999171
999171
999171
999171
999171
999171
999171
999171
999171
906997
906997
906997
906997
497282
497282
702306
702306
420926
420926
477085
477085
336328
336328
336328
660337
660337
660337
660337
660337
126506
126506
750847
621730
621730
661314
661314
925858
616125
616125
616125
353896
819583
819583
100546
898815
233368
515435
990365
344044
344044
344044
344044
344044
313751
313751
171088
171088
426809
426809
117277
947179
695789
393585
705404
502652
502652
392755
392755
392755
392755
612400
612400
612400
612400
612400
612400
612400
999933
95061
549677
549677
549677
549677
549677
549677
993369
993369
947740
947740
210013
636227
698587
698587
698587
348095
348095
297540
140796
140796
140796
140796
480571
480571
651435
651435
960379
97468
97468
97468
66602
66602
710098
710098
612903
612903
612903
612903
573318
570493
570493
570493
926653
260757
260757
260757
260757
997302
997302
997302
560281
724287
724287
209442
209442
209442
209442
953866
953866
953866
953866
953866
953866
953866
429690
429690
228445
346620
346620
346620
558441
558441
558441
744730
744730
744730
744730
744730
744730
744730
958032
958032
958032
958032
108118
108118
108118
738098
738098
905772
834482
834482
834482
890676
120710
120710
698928
698928
698928
704568
704568
704568
704568
704568
777857
179498
179498
872354
872354
254587
254587
254587
276966
276966
276966
455307
964684
406220
28625
51529
332872
332872
332872
332872
332872
332872
332872
332872
805733
48830
48830
409504
530020
258271
258271
258271
363369
959709
959709
959709
959709
959709
959709
959709
486716
226341
226341
518150
747797
747797
700724
142619
2246
2246
2246
2246
122847
493452
493452
892922
892922
892922
892922
892922
892922
243556
192380
192380
192380
192380
192380
597489
537765
888229
888229
888229
888229
888229
888229
888229
469842
469842
469842
469842
469842
469842
792351
792351
792351
165194
165194
441501
441501
757035
757035
87765
470125
470125
324915
324915
936988
936988
936988
275857
275857
275857
275857
275857
373744
373744
373744
346492
346492
346492
346492
322228
322228
148366
148366
709860
281937
281937
151433
151433
151433
452552
452552
452552
452552
452552
452552
452552
316438
316438
316438
316438
316438
316438
899229
899229
899229
153276
975408
975408
901475
901475
901475
276122
276122
276122
276122
276122
468859
468859
468859
794396
794396
794396
794396
36030
36030
36030
36030
36030
36030
36030
661238
661238
661238
661238
908236
573794
573794
573794
573794
573794
65819
65819
65819
65819
894429
366144
366144
231012
231012
231012
335929
639530
639530
639530
318777
322405
964444
255764
255764
255764
255764
114614
854539
118607
118607
118607
692778
636916
636916
636916
636916
636916
636916
636916
636916
636916
636916
747794
747794
238336
885387
760493
516650
516650
516650
516650
641422
202363
202363
202363
490028
368691
368691
520060
520060
897764
897764
513927
513927
513927
180541
383427
89173
89173
89173
89173
89173
89173
89173
89173
89173
89173
455737
455737
5212
595369
702568
702568
956430
956430
465783
21531
21531
21531
722863
722863
665124
665124
665124
665124
174068
174068
174068
174068
703136
513930
979803
634023
634023
723059
723059
133070
133070
133070
898168
898168
898168
961394
18457
18457
18457
175012
175012
175012
175012
478043
478043
176230
176230
176230
176230
176230
377374
377374
377374
484422
544920
544920
413785
413785
413785
413785
898538
898538
898538
575199
575199
594325
594325
594325
594325
798316
798316
798316
798316
798316
798316
798316
798316
664371
664371
664371
566414
566414
566414
566414
803527
776092
776092
268981
759957
759957
241874
806863
806863
999171
999171
906997
906997
906997
497282
497282
702306
702306
420926
477085
477085
336328
336328
660337
660337
660337
660337
660337
660337
660337
660337
660337
660337
660337
660337
660337
126506
126506
126506
750847
750847
621730
621730
661314
661314
661314
661314
925858
925858
925858
616125
353896
819583
819583
819583
819583
100546
898815
898815
898815
898815
898815
898815
233368
515435
515435
515435
515435
990365
344044
344044
344044
313751
313751
171088
426809
117277
117277
947179
947179
947179
695789
695789
695789
695789
393585
393585
393585
393585
393585
705404
502652
392755
612400
999933
999933
999933
999933
999933
999933
999933
95061
549677
993369
947740
210013
210013
636227
698587
698587
698587
698587
698587
698587
698587
698587
698587
698587
698587
348095
348095
297540
140796
140796
140796
480571
480571
480571
480571
480571
480571
480571
651435
651435
651435
960379
97468
66602
710098
710098
612903
573318
570493
570493
570493
570493
570493
570493
570493
570493
570493
926653
260757
260757
260757
997302
997302
997302
997302
997302
997302
560281
724287
724287
209442
209442
209442
953866
429690
429690
429690
228445
228445
228445
346620
346620
346620
346620
346620
558441
558441
558441
744730
958032
108118
108118
108118
108118
108118
108118
108118
738098
738098
738098
738098
738098
738098
738098
905772
905772
905772
905772
905772
905772
905772
905772
905772
834482
834482
834482
834482
834482
834482
834482
834482
834482
834482
834482
834482
890676
890676
120710
698928
698928
698928
698928
698928
704568
777857
777857
777857
777857
179498
179498
179498
179498
179498
872354
872354
254587
276966
276966
276966
276966
455307
964684
406220
406220
406220
406220
406220
406220
406220
406220
28625
28625
51529
332872
332872
332872
332872
332872
332872
805733
48830
48830
48830
48830
409504
409504
530020
258271
363369
363369
363369
959709
959709
486716
226341
226341
226341
226341
226341
518150
518150
518150
518150
747797
700724
142619
142619
2246
2246
122847
493452
892922
243556
192380
192380
597489
537765
537765
537765
888229
469842
469842
469842
469842
469842
469842
792351
165194
165194
441501
757035
87765
87765
87765
470125
324915
936988
936988
275857
373744
346492
346492
346492
322228
322228
322228
148366
148366
148366
148366
148366
148366
709860
709860
709860
709860
281937
281937
281937
281937
281937
151433
452552
452552
316438
316438
316438
899229
153276
975408
901475
276122
468859
794396
794396
794396
794396
794396
794396
794396
794396
36030
36030
661238
661238
908236
908236
908236
908236
908236
908236
908236
573794
573794
65819
894429
894429
894429
366144
366144
366144
366144
231012
335929
335929
335929
335929
335929
335929
639530
639530
318777
322405
322405
964444
964444
964444
255764
114614
114614
114614
114614
854539
854539
854539
854539
854539
854539
854539
118607
692778
636916
636916
747794
238336
885387
885387
760493
516650
641422
202363
202363
490028
368691
520060
520060
520060
897764
897764
513927
513927
180541
180541
383427
89173
89173
89173
89173
89173
455737
455737
5212
595369
702568
956430
956430
956430
465783
465783
465783
21531
21531
722863
722863
665124
174068
703136
703136
703136
703136
513930
979803
979803
979803
634023
723059
133070
133070
133070
133070
133070
898168
898168
898168
961394
18457
18457
18457
175012
478043
478043
478043
478043
176230
377374
377374
484422
544920
544920
544920
544920
413785
413785
413785
413785
413785
413785
413785
413785
898538
898538
575199
594325
594325
798316
798316
798316
798316
798316
798316
798316
798316
664371
566414
566414
803527
803527
803527
803527
776092
268981
759957
759957
759957
759957
759957
241874
241874
806863
806863
806863
806863
806863
999171
906997
906997
497282
497282
702306
420926
420926
420926
420926
420926
420926
420926
420926
420926
420926
477085
477085
477085
336328
336328
660337
126506
750847
750847
750847
750847
621730
661314
925858
925858
616125
353896
353896
353896
353896
353896
353896
819583
819583
100546
100546
898815
898815
898815
898815
898815
898815
233368
233368
233368
515435
515435
515435
990365
990365
344044
344044
344044
344044
344044
344044
344044
344044
344044
344044
344044
344044
344044
313751
313751
313751
171088
426809
117277
117277
117277
117277
117277
947179
947179
695789
393585
705404
502652
392755
392755
612400
999933
999933
999933
999933
95061
549677
549677
549677
993369
993369
947740
947740
947740
210013
210013
636227
636227
636227
636227
698587
698587
348095
297540
140796
480571
651435
651435
651435
651435
960379
97468
97468
97468
66602
710098
612903
573318
570493
570493
926653
926653
926653
926653
926653
260757
260757
260757
260757
997302
997302
997302
560281
560281
560281
724287
724287
209442
209442
953866
953866
953866
953866
429690
429690
429690
228445
228445
228445
346620
558441
558441
558441
744730
958032
108118
738098
738098
738098
738098
738098
905772
834482
834482
834482
890676
890676
890676
120710
120710
120710
120710
120710
698928
698928
704568
704568
704568
777857
179498
872354
872354
872354
872354
872354
872354
254587
254587
276966
276966
276966
276966
276966
276966
276966
455307
455307
455307
455307
964684
406220
406220
406220
406220
406220
28625
28625
28625
28625
51529
51529
51529
51529
51529
332872
805733
805733
48830
409504
409504
409504
409504
409504
409504
409504
530020
258271
258271
258271
258271
363369
363369
959709
959709
959709
486716
486716
226341
226341
518150
747797
700724
700724
700724
700724
142619
142619
142619
142619
142619
2246
122847
122847
493452
892922
892922
243556
243556
192380
597489
597489
537765
537765
537765
537765
537765
537765
537765
537765
888229
888229
888229
888229
888229
888229
469842
469842
792351
792351
165194
441501
441501
441501
441501
441501
441501
441501
757035
87765
87765
470125
324915
936988
936988
275857
275857
275857
275857
275857
275857
373744
346492
346492
346492
346492
322228
322228
322228
148366
709860
709860
281937
151433
151433
452552
452552
452552
452552
452552
316438
899229
899229
153276
153276
153276
153276
153276
975408
901475
901475
276122
468859
794396
794396
794396
36030
36030
661238
661238
661238
908236
908236
573794
65819
65819
65819
65819
65819
894429
894429
894429
894429
366144
231012
231012
335929
335929
639530
318777
318777
318777
318777
318777
318777
322405
964444
964444
964444
964444
964444
964444
964444
964444
255764
255764
255764
255764
255764
255764
255764
114614
114614
854539
118607
118607
118607
118607
692778
692778
692778
692778
692778
636916
636916
636916
747794
747794
238336
885387
885387
885387
885387
760493
516650
516650
516650
516650
516650
641422
202363
490028
368691
368691
520060
520060
897764
897764
897764
897764
897764
897764
513927
180541
180541
180541
180541
180541
180541
180541
180541
383427
89173
89173
455737
455737
455737
5212
595369
702568
702568
956430
465783
465783
21531
722863
665124
174068
174068
174068
174068
703136
513930
513930
979803
979803
979803
979803
979803
634023
723059
133070
133070
898168
898168
898168
898168
898168
961394
961394
961394
18457
175012
175012
175012
175012
175012
175012
478043
176230
377374
377374
484422
484422
544920
413785
898538
898538
898538
898538
898538
898538
898538
898538
575199
575199
594325
594325
798316
664371
566414
566414
803527
776092
268981
268981
759957
759957
759957
241874
806863
806863
806863
999171
906997
906997
906997
906997
497282
497282
702306
420926
420926
420926
420926
477085
477085
477085
477085
336328
660337
660337
660337
126506
750847
621730
661314
925858
616125
616125
616125
353896
819583
819583
819583
100546
100546
100546
100546
100546
100546
100546
100546
898815
898815
898815
233368
515435
990365
990365
344044
313751
313751
171088
426809
426809
117277
117277
117277
117277
117277
947179
947179
695789
695789
695789
695789
695789
393585
705404
502652
502652
502652
392755
392755
612400
999933
95061
95061
95061
95061
95061
95061
549677
549677
993369
993369
993369
993369
993369
947740
947740
947740
210013
210013
210013
210013
636227
698587
348095
297540
140796
140796
140796
480571
480571
651435
651435
651435
651435
960379
97468
97468
97468
97468
66602
66602
710098
710098
612903
612903
612903
612903
612903
573318
570493
926653
926653
926653
260757
997302
997302
560281
560281
560281
560281
724287
724287
209442
953866
429690
228445
346620
346620
346620
346620
558441
558441
558441
744730
744730
744730
744730
744730
744730
744730
744730
958032
958032
958032
108118
108118
108118
108118
108118
108118
738098
905772
905772
834482
834482
834482
890676
890676
120710
698928
698928
704568
704568
777857
179498
872354
872354
254587
254587
276966
276966
455307
455307
964684
406220
406220
28625
28625
28625
28625
28625
28625
28625
28625
28625
28625
51529
332872
332872
332872
805733
805733
805733
805733
805733
48830
48830
409504
409504
530020
530020
258271
363369
959709
959709
486716
486716
486716
486716
486716
226341
518150
747797
747797
747797
747797
700724
142619
2246
2246
2246
122847
122847
122847
122847
493452
892922
243556
243556
243556
243556
192380
192380
192380
597489
597489
537765
537765
537765
537765
537765
537765
537765
888229
469842
469842
792351
792351
792351
792351
165194
165194
441501
757035
87765
87765
87765
470125
470125
470125
470125
324915
324915
936988
936988
936988
275857
275857
275857
275857
275857
373744
346492
322228
322228
322228
322228
148366
148366
709860
281937
281937
281937
151433
452552
316438
316438
316438
316438
316438
899229
153276
153276
153276
975408
975408
975408
901475
276122
276122
276122
276122
276122
276122
276122
468859
794396
36030
36030
36030
36030
36030
36030
36030
661238
661238
661238
661238
908236
908236
573794
65819
894429
894429
366144
231012
335929
335929
335929
639530
639530
318777
318777
322405
322405
964444
255764
114614
854539
854539
854539
854539
854539
854539
118607
118607
692778
692778
636916
636916
636916
636916
636916
636916
747794
747794
238336
885387
885387
885387
760493
516650
516650
516650
516650
516650
516650
516650
516650
641422
202363
490028
490028
490028
490028
490028
368691
368691
520060
897764
513927
513927
513927
513927
513927
513927
513927
513927
180541
383427
383427
383427
383427
89173
455737
455737
455737
455737
455737
5212
5212
5212
595369
595369
702568
702568
702568
702568
702568
956430
956430
465783
465783
21531
21531
722863
665124
174068
174068
703136
703136
513930
979803
634023
634023
723059
723059
133070
898168
961394
18457
175012
175012
478043
478043
176230
377374
377374
377374
377374
377374
377374
377374
377374
484422
484422
484422
544920
544920
413785
898538
575199
594325
594325
798316
798316
798316
798316
798316
798316
798316
798316
798316
798316
664371
664371
664371
566414
566414
566414
803527
776092
776092
268981
268981
759957
759957
759957
241874
241874
241874
241874
241874
806863
999171
999171
999171
999171
999171
999171
999171
906997
906997
906997
906997
906997
497282
702306
420926
420926
420926
420926
477085
477085
477085
336328
336328
660337
660337
126506
126506
750847
750847
621730
661314
925858
925858
616125
353896
819583
819583
819583
100546
898815
233368
515435
515435
515435
990365
990365
990365
344044
313751
313751
313751
313751
313751
171088
171088
426809
117277
947179
947179
947179
695789
695789
695789
695789
695789
695789
695789
393585
393585
705404
705404
705404
502652
392755
392755
612400
999933
999933
95061
549677
549677
549677
993369
947740
210013
210013
636227
698587
698587
698587
348095
348095
348095
348095
297540
140796
140796
140796
140796
480571
480571
480571
651435
651435
651435
960379
97468
97468
66602
710098
612903
612903
612903
573318
573318
570493
570493
570493
926653
260757
260757
997302
997302
560281
560281
560281
724287
209442
953866
953866
953866
953866
429690
429690
429690
228445
228445
228445
346620
346620
346620
558441
744730
744730
958032
108118
108118
108118
738098
905772
834482
834482
890676
890676
890676
120710
120710
120710
120710
120710
120710
698928
698928
698928
704568
704568
777857
777857
179498
872354
254587
276966
276966
455307
455307
455307
455307
455307
455307
455307
455307
455307
455307
455307
455307
964684
964684
964684
406220
28625
28625
28625
28625
51529
51529
332872
332872
805733
805733
48830
409504
530020
258271
258271
258271
258271
258271
363369
959709
486716
486716
486716
226341
518150
518150
747797
747797
747797
747797
747797
700724
700724
700724
142619
2246
2246
122847
122847
122847
493452
493452
493452
493452
493452
493452
493452
493452
892922
243556
243556
192380
597489
597489
597489
597489
597489
597489
597489
597489
537765
537765
537765
537765
537765
537765
537765
888229
888229
888229
888229
469842
792351
792351
792351
165194
441501
757035
757035
757035
87765
87765
87765
87765
87765
470125
470125
324915
324915
324915
324915
324915
324915
324915
936988
275857
373744
346492
322228
322228
322228
322228
148366
709860
709860
709860
281937
281937
281937
281937
281937
151433
452552
316438
316438
316438
316438
899229
153276
153276
153276
975408
901475
276122
276122
276122
468859
468859
468859
794396
794396
36030
661238
908236
573794
573794
573794
573794
573794
573794
65819
65819
65819
65819
65819
65819
65819
894429
894429
894429
366144
366144
366144
366144
366144
231012
335929
335929
639530
639530
318777
318777
318777
322405
964444
255764
255764
255764
255764
114614
114614
114614
854539
854539
118607
692778
636916
636916
747794
238336
885387
760493
760493
760493
760493
516650
516650
516650
516650
516650
516650
516650
516650
641422
641422
641422
202363
202363
490028
490028
490028
490028
490028
490028
490028
490028
368691
368691
520060
520060
520060
520060
520060
897764
513927
513927
180541
180541
383427
383427
383427
89173
89173
89173
89173
89173
89173
89173
89173
89173
89173
89173
89173
89173
455737
455737
455737
455737
5212
595369
595369
595369
595369
595369
595369
595369
702568
702568
956430
465783
465783
465783
21531
722863
722863
722863
722863
722863
722863
722863
665124
665124
665124
665124
665124
665124
174068
703136
513930
513930
513930
979803
634023
634023
634023
723059
723059
723059
723059
723059
723059
723059
133070
898168
898168
898168
898168
961394
18457
175012
175012
478043
478043
478043
478043
478043
176230
176230
176230
176230
377374
377374
377374
377374
377374
484422
484422
544920
544920
544920
544920
413785
413785
413785
898538
575199
575199
575199
594325
594325
594325
594325
798316
798316
664371
664371
664371
664371
664371
566414
803527
803527
776092
776092
268981
268981
268981
268981
759957
241874
806863
806863
806863
806863
999171
999171
999171
906997
497282
702306
420926
477085
477085
477085
477085
336328
336328
660337
660337
660337
660337
660337
660337
660337
126506
126506
126506
126506
126506
126506
126506
126506
750847
621730
621730
621730
621730
661314
661314
661314
661314
661314
661314
661314
661314
925858
925858
616125
616125
353896
353896
819583
819583
819583
819583
819583
100546
100546
898815
898815
233368
233368
515435
515435
515435
515435
515435
990365
990365
990365
990365
990365
344044
344044
344044
344044
344044
313751
313751
171088
426809
426809
426809
426809
426809
117277
117277
117277
117277
117277
947179
947179
947179
947179
695789
695789
393585
705404
705404
502652
392755
392755
392755
612400
999933
95061
549677
993369
947740
947740
947740
947740
210013
210013
636227
636227
698587
698587
698587
698587
698587
698587
698587
348095
348095
297540
297540
297540
297540
140796
480571
651435
651435
651435
651435
651435
651435
960379
960379
960379
960379
97468
97468
97468
97468
66602
66602
66602
710098
612903
612903
612903
573318
570493
570493
570493
926653
260757
260757
260757
997302
997302
997302
997302
560281
724287
724287
724287
724287
209442
953866
953866
953866
429690
228445
228445
346620
558441
744730
958032
108118
108118
108118
738098
738098
738098
738098
905772
834482
890676
890676
890676
890676
120710
698928
698928
698928
698928
704568
777857
777857
777857
777857
777857
777857
179498
872354
254587
276966
455307
964684
406220
28625
28625
51529
51529
332872
805733
805733
805733
48830
409504
530020
530020
530020
530020
530020
258271
363369
363369
363369
363369
959709
486716
486716
486716
486716
226341
226341
226341
226341
518150
518150
518150
747797
700724
142619
2246
122847
122847
122847
122847
493452
493452
892922
892922
243556
243556
192380
597489
537765
537765
888229
469842
469842
469842
469842
792351
792351
792351
792351
165194
165194
165194
165194
165194
165194
165194
441501
757035
87765
87765
87765
87765
87765
87765
87765
87765
87765
87765
470125
324915
936988
275857
373744
373744
346492
322228
148366
148366
148366
148366
709860
709860
709860
709860
709860
281937
151433
151433
151433
151433
151433
452552
452552
316438
316438
316438
316438
899229
899229
899229
153276
153276
153276
153276
153276
975408
901475
901475
276122
468859
468859
794396
794396
794396
794396
794396
794396
794396
794396
794396
794396
794396
794396
36030
36030
661238
908236
908236
908236
908236
573794
573794
65819
894429
366144
366144
366144
366144
231012
231012
231012
231012
231012
231012
231012
231012
335929
639530
639530
639530
639530
639530
318777
322405
964444
255764
255764
114614
114614
114614
114614
114614
114614
114614
854539
854539
118607
118607
692778
692778
692778
692778
692778
692778
636916
636916
636916
747794
747794
238336
238336
238336
885387
760493
760493
760493
516650
641422
202363
202363
490028
490028
490028
490028
368691
368691
368691
368691
368691
368691
520060
520060
897764
897764
513927
513927
513927
180541
180541
180541
180541
383427
383427
89173
455737
455737
5212
595369
595369
702568
956430
956430
956430
956430
956430
465783
21531
21531
21531
21531
21531
21531
21531
21531
722863
722863
665124
665124
665124
665124
174068
703136
513930
979803
634023
723059
723059
723059
723059
133070
133070
133070
133070
133070
898168
961394
961394
18457
175012
478043
478043
478043
478043
176230
176230
377374
377374
377374
377374
484422
544920
544920
413785
898538
575199
575199
594325
594325
798316
798316
798316
798316
664371
664371
566414
566414
566414
566414
566414
566414
566414
566414
566414
566414
566414
803527
803527
776092
776092
776092
776092
776092
776092
776092
268981
759957
241874
806863
806863
806863
999171
906997
906997
906997
906997
906997
906997
497282
497282
497282
702306
702306
420926
420926
420926
420926
420926
420926
420926
420926
477085
336328
660337
660337
660337
126506
126506
126506
126506
126506
750847
750847
750847
750847
621730
621730
621730
621730
621730
661314
661314
661314
925858
616125
353896
819583
819583
100546
100546
100546
898815
898815
233368
233368
515435
515435
515435
990365
344044
313751
171088
171088
171088
171088
171088
171088
426809
426809
117277
117277
117277
117277
117277
947179
695789
393585
393585
393585
393585
705404
502652
392755
392755
392755
392755
612400
999933
95061
549677
549677
549677
993369
993369
947740
947740
210013
210013
210013
210013
210013
636227
636227
636227
698587
348095
348095
297540
140796
480571
651435
651435
960379
97468
66602
66602
66602
710098
710098
612903
573318
570493
570493
570493
570493
570493
926653
260757
997302
997302
997302
997302
560281
560281
560281
560281
724287
724287
724287
724287
724287
724287
724287
209442
209442
953866
953866
953866
429690
429690
429690
429690
429690
228445
228445
228445
228445
346620
346620
346620
558441
744730
744730
958032
958032
108118
108118
108118
108118
108118
108118
108118
108118
108118
108118
738098
738098
738098
738098
738098
905772
834482
890676
890676
120710
698928
698928
698928
698928
698928
704568
704568
777857
179498
872354
872354
254587
254587
254587
254587
276966
455307
455307
455307
455307
455307
455307
964684
406220
28625
28625
51529
332872
805733
805733
805733
48830
48830
409504
409504
530020
530020
530020
258271
258271
258271
258271
258271
258271
363369
363369
363369
959709
959709
486716
486716
486716
486716
486716
226341
518150
518150
518150
747797
747797
747797
747797
747797
747797
747797
747797
747797
747797
700724
700724
142619
2246
2246
2246
2246
2246
122847
493452
493452
493452
892922
243556
192380
597489
597489
597489
537765
537765
537765
537765
888229
469842
792351
792351
165194
441501
757035
757035
757035
87765
87765
87765
470125
324915
936988
936988
936988
275857
275857
275857
275857
373744
373744
346492
322228
322228
322228
322228
148366
709860
281937
151433
151433
452552
452552
452552
316438
316438
899229
153276
975408
975408
975408
901475
276122
276122
468859
468859
468859
468859
468859
468859
468859
794396
794396
36030
36030
661238
661238
661238
661238
908236
573794
65819
65819
65819
65819
65819
65819
894429
894429
894429
366144
231012
231012
335929
639530
639530
318777
322405
322405
322405
322405
964444
964444
964444
964444
964444
964444
964444
255764
255764
255764
255764
255764
114614
854539
854539
118607
118607
118607
692778
636916
747794
238336
238336
238336
238336
238336
238336
885387
760493
760493
516650
516650
516650
516650
516650
516650
641422
641422
202363
202363
490028
490028
490028
490028
490028
490028
490028
368691
520060
520060
897764
897764
897764
513927
513927
180541
180541
383427
383427
383427
89173
89173
89173
89173
89173
89173
455737
5212
5212
595369
595369
702568
702568
956430
956430
465783
465783
465783
465783
465783
21531
21531
21531
21531
21531
722863
665124
174068
174068
174068
703136
703136
703136
703136
513930
513930
513930
979803
979803
979803
979803
979803
979803
634023
634023
723059
133070
133070
133070
133070
898168
898168
961394
961394
961394
961394
961394
961394
18457
18457
175012
478043
478043
478043
478043
176230
176230
176230
377374
484422
544920
544920
544920
544920
544920
544920
413785
413785
898538
898538
575199
575199
575199
594325
798316
664371
664371
566414
566414
803527
803527
803527
776092
268981
759957
241874
806863
806863
806863
999171
999171
999171
999171
999171
999171
906997
497282
497282
497282
702306
702306
702306
702306
702306
702306
420926
420926
420926
477085
336328
336328
660337
660337
126506
126506
126506
750847
750847
621730
621730
661314
661314
925858
616125
616125
616125
353896
353896
353896
353896
819583
819583
819583
819583
819583
819583
819583
100546
898815
898815
898815
233368
233368
515435
990365
990365
990365
344044
344044
344044
344044
344044
344044
344044
344044
313751
313751
171088
171088
426809
426809
117277
117277
947179
947179
695789
695789
695789
695789
695789
695789
695789
695789
695789
695789
695789
695789
695789
393585
705404
502652
502652
502652
502652
502652
502652
392755
612400
612400
612400
999933
999933
999933
999933
999933
95061
549677
549677
549677
549677
549677
549677
549677
993369
993369
947740
210013
210013
210013
636227
636227
636227
636227
636227
636227
636227
698587
698587
348095
348095
297540
297540
297540
297540
297540
140796
480571
480571
651435
651435
651435
651435
960379
960379
960379
960379
97468
97468
66602
66602
66602
710098
710098
612903
612903
573318
570493
926653
926653
926653
260757
260757
260757
997302
997302
997302
997302
997302
997302
997302
997302
997302
997302
997302
997302
560281
560281
560281
560281
724287
209442
209442
209442
953866
429690
429690
228445
346620
346620
346620
346620
346620
346620
346620
346620
346620
346620
346620
346620
346620
558441
558441
558441
558441
744730
958032
958032
108118
108118
108118
108118
738098
738098
905772
834482
890676
890676
120710
698928
698928
704568
777857
179498
872354
872354
254587
276966
455307
455307
455307
455307
455307
455307
455307
964684
964684
964684
964684
406220
406220
28625
28625
51529
51529
51529
332872
332872
805733
805733
805733
48830
48830
48830
409504
409504
409504
409504
530020
530020
258271
258271
258271
258271
363369
959709
959709
486716
486716
226341
518150
518150
518150
518150
518150
518150
518150
518150
518150
518150
747797
700724
700724
700724
700724
142619
2246
122847
122847
493452
493452
493452
892922
243556
192380
597489
537765
537765
888229
469842
469842
469842
469842
792351
165194
441501
757035
757035
757035
757035
757035
757035
757035
87765
470125
470125
324915
324915
324915
324915
324915
324915
324915
324915
324915
324915
324915
936988
275857
275857
373744
346492
322228
148366
148366
148366
709860
709860
281937
281937
151433
151433
151433
151433
151433
452552
452552
452552
452552
452552
316438
899229
153276
153276
153276
153276
153276
975408
975408
975408
975408
901475
901475
276122
468859
794396
794396
36030
36030
36030
661238
661238
908236
573794
65819
894429
894429
894429
894429
366144
231012
231012
231012
335929
639530
639530
639530
639530
318777
318777
318777
322405
322405
322405
964444
255764
255764
255764
114614
854539
854539
118607
118607
118607
692778
692778
692778
692778
636916
747794
238336
885387
885387
885387
885387
760493
760493
516650
516650
516650
516650
516650
516650
516650
516650
516650
516650
641422
202363
202363
202363
202363
490028
490028
368691
520060
897764
897764
513927
180541
383427
383427
89173
89173
455737
455737
5212
595369
595369
595369
595369
595369
702568
956430
956430
465783
465783
21531
722863
722863
665124
665124
665124
174068
174068
174068
174068
174068
174068
174068
703136
513930
979803
979803
979803
634023
634023
634023
723059
133070
133070
133070
898168
898168
898168
898168
961394
961394
961394
18457
18457
175012
175012
175012
478043
176230
176230
176230
377374
484422
484422
484422
544920
544920
413785
413785
413785
413785
413785
898538
898538
575199
594325
594325
798316
664371
664371
566414
566414
803527
776092
776092
268981
759957
241874
241874
806863
999171
906997
906997
906997
906997
497282
497282
497282
497282
702306
702306
420926
420926
420926
420926
420926
477085
477085
477085
477085
336328
336328
336328
336328
660337
126506
126506
750847
621730
661314
925858
616125
616125
616125
616125
353896
353896
819583
819583
100546
100546
100546
898815
233368
233368
515435
990365
990365
990365
990365
990365
990365
990365
990365
344044
344044
313751
313751
313751
171088
171088
171088
426809
117277
947179
947179
947179
947179
695789
393585
393585
393585
393585
393585
393585
705404
705404
705404
705404
502652
502652
392755
392755
612400
999933
999933
999933
95061
95061
549677
549677
549677
993369
947740
947740
210013
636227
636227
636227
698587
348095
348095
348095
348095
348095
348095
348095
297540
140796
140796
140796
140796
140796
480571
480571
480571
651435
651435
651435
651435
651435
651435
960379
960379
960379
960379
960379
960379
960379
960379
960379
97468
66602
66602
66602
66602
66602
66602
66602
710098
612903
573318
570493
570493
570493
926653
926653
926653
926653
260757
260757
260757
260757
997302
560281
560281
724287
209442
953866
953866
953866
429690
429690
429690
429690
429690
228445
228445
228445
346620
346620
346620
558441
558441
558441
558441
558441
744730
958032
958032
958032
958032
958032
108118
738098
905772
905772
905772
834482
834482
834482
834482
890676
890676
120710
120710
698928
698928
704568
704568
704568
777857
777857
179498
179498
872354
872354
872354
254587
276966
455307
455307
964684
964684
964684
964684
964684
964684
964684
964684
964684
406220
28625
28625
28625
28625
28625
51529
332872
332872
805733
48830
48830
48830
48830
409504
409504
409504
409504
409504
409504
409504
530020
530020
530020
258271
258271
363369
363369
959709
959709
959709
959709
486716
486716
226341
226341
226341
226341
226341
518150
518150
518150
518150
518150
747797
747797
747797
747797
747797
747797
747797
700724
700724
700724
142619
142619
2246
2246
2246
2246
122847
493452
493452
892922
892922
243556
243556
192380
192380
597489
537765
537765
537765
537765
888229
888229
888229
469842
469842
469842
469842
469842
469842
469842
469842
792351
792351
165194
165194
441501
441501
441501
757035
87765
470125
470125
470125
470125
470125
324915
324915
324915
936988
936988
936988
275857
275857
373744
346492
346492
322228
148366
148366
148366
709860
709860
709860
709860
709860
709860
709860
281937
151433
151433
452552
316438
899229
899229
153276
153276
153276
153276
153276
153276
153276
975408
901475
901475
276122
276122
276122
468859
794396
794396
36030
36030
36030
661238
908236
908236
573794
573794
65819
65819
894429
894429
894429
366144
231012
231012
335929
335929
335929
335929
335929
335929
335929
335929
639530
318777
318777
318777
322405
322405
964444
255764
114614
854539
118607
692778
692778
692778
692778
692778
692778
692778
636916
636916
747794
238336
238336
238336
885387
885387
885387
885387
885387
760493
516650
641422
202363
202363
202363
490028
490028
368691
368691
368691
520060
520060
520060
520060
897764
897764
897764
513927
180541
180541
383427
89173
89173
89173
455737
455737
5212
5212
5212
595369
595369
595369
702568
702568
956430
956430
465783
465783
465783
465783
465783
21531
722863
665124
665124
665124
665124
665124
665124
665124
174068
174068
703136
513930
979803
634023
634023
634023
634023
723059
723059
723059
723059
723059
133070
898168
898168
961394
961394
18457
18457
175012
175012
478043
478043
176230
176230
176230
176230
176230
377374
377374
484422
544920
544920
413785
413785
898538
898538
575199
575199
575199
575199
594325
594325
594325
798316
664371
664371
566414
566414
566414
803527
803527
803527
803527
803527
803527
776092
776092
268981
759957
241874
806863
806863
806863
806863
806863
806863
999171
906997
497282
497282
497282
497282
497282
702306
702306
702306
702306
702306
702306
420926
420926
420926
477085
477085
477085
477085
477085
336328
336328
336328
660337
660337
126506
126506
750847
621730
621730
621730
661314
925858
616125
616125
353896
353896
353896
819583
100546
100546
100546
898815
898815
233368
233368
233368
233368
233368
515435
990365
990365
990365
344044
313751
313751
171088
171088
171088
426809
117277
117277
117277
117277
117277
947179
947179
947179
947179
947179
947179
695789
393585
393585
393585
705404
705404
502652
502652
502652
392755
612400
612400
999933
999933
999933
999933
999933
999933
999933
95061
95061
549677
549677
993369
993369
947740
947740
210013
210013
210013
210013
636227
698587
698587
698587
698587
698587
698587
348095
348095
348095
348095
348095
348095
297540
297540
297540
140796
480571
651435
960379
960379
960379
97468
97468
97468
66602
66602
710098
710098
612903
573318
573318
573318
573318
570493
926653
926653
926653
926653
926653
926653
926653
260757
260757
260757
260757
260757
997302
560281
560281
560281
724287
724287
724287
724287
209442
953866
953866
429690
228445
228445
228445
228445
346620
346620
346620
558441
558441
558441
558441
558441
744730
744730
744730
744730
744730
744730
958032
958032
958032
958032
108118
108118
738098
738098
738098
905772
905772
834482
834482
834482
890676
890676
120710
120710
698928
704568
704568
777857
777857
777857
777857
777857
179498
872354
254587
254587
276966
455307
455307
455307
964684
964684
964684
964684
964684
406220
406220
406220
28625
51529
332872
332872
332872
805733
805733
48830
48830
48830
409504
530020
530020
530020
530020
258271
258271
258271
363369
363369
363369
363369
959709
959709
486716
486716
226341
518150
518150
518150
518150
747797
747797
747797
747797
747797
700724
142619
142619
142619
142619
142619
142619
2246
122847
493452
493452
493452
493452
493452
892922
243556
192380
597489
537765
537765
537765
888229
888229
888229
888229
888229
888229
888229
888229
469842
792351
792351
165194
165194
441501
441501
441501
441501
757035
87765
87765
470125
470125
470125
470125
470125
470125
324915
324915
324915
324915
324915
324915
324915
324915
324915
324915
936988
275857
373744
373744
373744
373744
373744
346492
346492
322228
322228
322228
148366
148366
709860
709860
709860
709860
281937
151433
151433
151433
452552
316438
316438
316438
899229
899229
899229
899229
153276
975408
975408
901475
276122
468859
468859
468859
794396
794396
36030
36030
36030
36030
36030
661238
908236
573794
573794
573794
65819
894429
366144
231012
231012
231012
231012
231012
335929
639530
318777
322405
322405
322405
964444
964444
964444
964444
964444
255764
114614
114614
114614
854539
854539
854539
854539
854539
854539
854539
118607
118607
118607
692778
692778
692778
692778
636916
747794
747794
747794
238336
238336
885387
760493
760493
760493
760493
760493
760493
516650
516650
641422
641422
641422
641422
202363
202363
490028
490028
490028
368691
520060
520060
520060
520060
520060
897764
513927
180541
180541
180541
383427
383427
383427
89173
455737
5212
595369
595369
702568
702568
956430
956430
956430
956430
465783
465783
21531
722863
665124
665124
665124
665124
665124
174068
174068
174068
703136
703136
703136
513930
513930
513930
513930
979803
979803
979803
979803
979803
634023
634023
634023
723059
133070
898168
898168
961394
961394
961394
961394
18457
18457
175012
175012
175012
478043
176230
176230
377374
377374
377374
484422
544920
413785
413785
2943
