20 24 30
121601 268383 286545 874986 10070 914824 244856 746769 391679 138928 962870 408275 419422 429238 442558 617321 419790 224813 210243 826684 375803 687542 543153 525068 
122988 516289 145108 25034 578833 587282 393504 93233 473428 675751 983986 774971 730020 15024 121866 908575 214218 343819 769794 398201 858535 426792 813358 710120 
600546 891794 446613 683080 850970 407519 255831 352499 483550 53658 517191 176769 130809 409427 184873 276653 360118 764994 105612 667442 783732 140708 715269 160764 
976802 411923 900738 909259 926979 355047 451195 378164 873584 71911 907085 338774 733788 335233 548770 21308 573763 294485 426149 504136 44631 631699 278595 245627 
717051 176135 519816 945069 204592 832600 670372 741570 107602 327397 920411 312874 533593 513012 101129 570901 641513 602380 186540 967070 232852 908415 73865 946885 
479612 124645 124992 909128 354442 661400 857398 872496 40007 821292 598912 49539 397883 759454 528319 695124 797004 425981 637809 676874 279938 534181 399900 444294 
488250 190144 41819 971947 825076 65776 978282 618777 130331 848336 552129 107449 196198 798163 973662 457248 174338 860815 885196 466631 928808 587857 123326 98344 
879667 310016 32851 251143 633076 300524 755866 370013 790030 653381 812974 214158 612557 759224 61354 720007 250953 651377 511363 973939 116212 777267 794295 554310 
159683 127397 896010 309297 13645 556736 758766 3659 617004 83904 649405 701847 82956 865951 766176 153628 75964 680153 763712 19785 837988 764117 515278 785252 
517291 950684 295221 512000 574791 20243 22312 106837 585263 267661 601270 34715 502279 241067 12958 509900 618851 812020 315299 6644 245969 808177 896502 376047 
835489 417721 12482 329250 15712 868348 84845 218477 106797 306079 198257 768237 5663 75640 754640 286480 210488 778267 963101 101607 932092 400357 74899 173347 
276871 161634 179002 703591 614385 448059 661128 134595 705987 758098 987090 541236 803728 242969 106501 761465 443541 389789 840211 841884 63224 507832 431624 69157 
938715 305813 724170 425753 870163 884882 357936 928236 721672 566425 703071 202867 757594 831129 685627 912334 332200 61304 186127 476689 734242 592490 368420 362682 
794416 31924 457799 406453 880269 182962 14890 806502 979184 688994 117421 719614 261043 500027 677251 632957 176433 242307 889893 598965 470903 167907 952091 724720 
564303 808135 718276 585993 573433 449595 202770 819044 337948 566428 206796 496965 884794 339167 942095 214485 728559 133322 14667 856871 376743 335593 393155 171130 
218546 994548 559273 589781 958797 511698 700247 333541 670107 584401 747644 923782 59415 571776 234218 389303 423893 397012 326869 234276 926138 467799 387433 248738 
145767 173587 315693 280505 162961 399460 569616 716396 576386 329282 573064 676269 512565 909079 418426 90505 481116 508527 591587 397741 35724 162909 21551 793060 
965421 725098 694080 733019 938318 199158 162031 620722 464052 221072 729529 76023 641600 138953 613257 22750 817077 365705 123649 606688 860634 92015 428658 401060 
594211 132277 125801 440017 250171 686073 690556 445443 414787 267915 553587 20130 348284 213588 841588 845732 477660 337586 762200 895720 254572 379270 440704 15654 
389597 940442 985299 528149 468238 574227 865022 37929 111995 432564 724328 288748 994199 472932 981191 834891 91331 885724 891618 905130 745308 27184 859540 603375 
318434 409147 149490 627132 2872 860156 739037 419480 597147 363085 228877 595875 26385 396386 65888 30546 669250 202901 671987 184309 117414 910913 623528 52951 
1 2
2 3
3 4
4 7
5 6
6 7
7 9
8 11
9 10
10 12
11 12
12 13
13 14
14 15
15 16
16 17
17 18
18 19
19 20
20 22
21 23
22 23
23 24
1 3
2 4
3 5
4 5
5 9
6 8
7 8
