20 24 30
380509 188412 19398 556001 278315 361897 534000 695646 592534 514963 280540 813755 558822 694287 976537 200011 614663 578174 314494 106636 374989 284572 506839 804822 
964892 98414 250561 889958 344093 258744 889776 832769 330414 900416 816637 519892 223348 254370 654833 24135 828929 195144 240880 510907 39055 425808 132538 535204 
604422 927448 951035 351950 119417 767760 81939 778551 635184 352187 581097 959686 470525 697923 260364 229182 173013 233252 472203 635496 61537 933455 302209 446981 
608032 220831 632096 566715 913113 612137 629938 122010 215686 842920 884382 869611 899909 211610 899440 532868 996120 811267 75000 444521 974516 242578 459923 197143 
203981 335882 826886 910031 756326 812437 146995 343946 452603 923234 628481 963457 292835 676518 198882 708782 433459 362806 174993 574161 848652 616202 708543 953945 
49636 207556 321873 57444 947323 637014 378442 284782 885780 669519 547161 861730 864956 459083 729365 903033 819314 459196 434329 22505 619856 437712 403882 811611 
99905 392552 177617 996762 948865 645406 432123 965114 4944 48637 585119 52995 952189 253744 517640 274503 70344 655071 336220 848213 703318 209933 427783 274098 
47860 447074 335591 244820 344011 780912 853016 934979 228543 996046 48271 560563 903009 273984 531100 440710 838214 18551 642952 254666 3503 251618 614954 135300 
17917 707585 911870 367443 823504 41516 74330 507258 713383 90265 109353 605155 532527 116028 378756 449260 2953 707387 267423 559130 243787 595550 741880 229199 
278891 498604 414687 632444 568828 293586 300199 488588 470818 134032 173477 867462 131564 550215 906384 386833 329723 325512 132792 682872 506143 164734 431554 378031 
222381 478705 864916 798888 837111 66682 411559 848787 111434 304041 862660 521937 617563 676939 949755 154527 233527 929713 227596 898622 581178 810342 369159 783055 
606021 77198 864728 832452 659463 610333 22938 900805 446058 454406 200908 799944 294259 256540 217344 383698 222282 332966 181458 875606 490118 68413 485625 190185 
861460 320300 242217 614741 796852 387847 892923 376894 138616 358050 251362 493650 717232 657797 326124 50697 487445 995251 596239 472432 59360 715936 821266 577802 
718388 632438 563949 215121 815425 423895 542776 127904 934990 116287 990846 634144 657258 216333 313262 385579 157105 384203 157032 978221 884687 878631 938644 262368 
205649 103845 497318 829750 70126 941274 607864 845417 246681 415349 360980 50958 986815 52706 72190 233308 794906 874528 613615 483716 179309 398898 369450 997496 
456030 409027 487867 984399 458986 946663 677519 98854 70580 616204 113384 810724 830560 53222 421175 979035 422676 240703 89437 63280 542916 594751 813014 788851 
172493 502949 84084 182982 225848 543209 232707 710179 442307 158268 804115 633911 984471 127359 428618 124947 222305 977657 949664 733638 449899 191735 348657 168509 
153013 259114 96281 276725 779105 684614 252074 739963 292980 464378 948270 291148 805632 719754 325634 338740 552521 451195 677598 889425 836872 984959 93321 488949 
628019 437402 320518 406393 512614 423581 691357 587941 988595 903869 535671 282464 521650 965135 176426 439872 891892 985651 981218 630011 342655 916526 863902 905495 
396393 98035 24971 192547 456188 836122 831566 483590 412972 954866 871161 512111 40776 928110 269695 623324 31535 118475 634415 155495 440424 846876 673078 421358 
825628 705223 485575 490173 198840 24040 168184 554418 350531 633891 82607 594897 502013 885896 831939 517517 505322 869685 839228 295579 24461 861973 443488 243636 
1 6
2 5
3 4
4 5
5 6
6 7
7 8
8 9
9 11
10 11
11 12
12 14
13 14
14 15
15 18
16 18
17 19
18 19
19 23
20 21
21 22
22 23
23 24
1 2
2 3
3 7
4 10
5 8
6 8
7 11
