10269
692778
636916
747794
238336
885387
760493
516650
641422
202363
490028
368691
520060
897764
513927
180541
383427
89173
455737
5212
595369
702568
956430
465783
21531
722863
665124
174068
703136
513930
979803
634023
723059
133070
898168
961394
18457
175012
478043
176230
377374
484422
544920
413785
898538
575199
594325
798316
664371
566414
803527
776092
268981
759957
241874
806863
999171
906997
497282
702306
420926
477085
336328
660337
126506
750847
621730
661314
925858
616125
353896
819583
100546
898815
233368
515435
990365
344044
313751
171088
426809
117277
947179
695789
393585
705404
502652
392755
612400
999933
95061
549677
993369
947740
210013
636227
698587
348095
297540
140796
480571
651435
960379
97468
66602
710098
612903
573318
570493
926653
260757
997302
560281
724287
209442
953866
429690
228445
346620
558441
744730
958032
108118
738098
905772
834482
890676
120710
698928
704568
777857
179498
872354
254587
276966
455307
964684
406220
28625
51529
332872
805733
48830
409504
530020
258271
363369
959709
486716
226341
518150
747797
700724
142619
2246
122847
493452
892922
243556
192380
597489
537765
888229
469842
792351
165194
441501
757035
87765
470125
324915
936988
275857
373744
346492
322228
148366
709860
281937
151433
452552
316438
899229
153276
975408
901475
276122
468859
794396
36030
661238
908236
573794
65819
894429
366144
231012
335929
639530
318777
322405
964444
255764
114614
854539
118607
436841
2905
344819
235129
670689
797370
67918
569918
466997
43325
987744
259471
512184
298491
295500
689773
206726
385645
755591
617506
268140
502955
469787
907670
338083
308543
388465
110198
939508
759356
228805
376349
278612
573623
127829
949300
887344
195747
35569
354341
755423
23312
613811
267606
321802
425662
473731
44879
811306
229321
178737
79445
248627
648523
503466
586709
473417
408283
213259
412925
167638
442063
305625
962601
532037
433453
911900
419380
145551
947469
290072
900974
487132
903882
684931
808934
845895
158661
370164
657200
387982
548900
252997
152960
713774
272814
739669
187191
681096
952927
116467
365085
911341
422091
327685
443377
855543
755937
379108
517446
219757
669180
418419
706888
89413
103349
32173
451660
262010
402337
625211
166343
467588
878207
319302
697714
667373
575322
401256
864820
44600
517722
229905
955940
939812
73941
915668
311706
346229
811128
829151
565985
996659
763921
789225
602423
867270
821397
54082
645631
740085
679293
811973
207673
73851
647626
905386
741223
739300
306641
606043
783899
340714
352299
256191
280525
942591
688210
108582
288820
499337
937733
371156
495995
218005
160380
614770
85274
981777
668851
247256
721861
348143
575580
445885
421994
223206
867622
679568
962505
690614
801962
262755
31327
154260
518945
828203
613203
723507
936785
902022
222843
390869
789529
235190
608873
949909
849959
210499
448037
518809
457754
686249
383304
33334
132134
321649
772891
999755
517568
251747
690369
319530
514501
238047
473789
549798
66250
86991
273304
3034
505364
12498
910254
294893
247687
519126
761153
613997
245976
209189
649158
703730
895437
32461
253415
543922
870461
26305
60029
388028
278051
266749
707557
308903
504795
697698
858700
571044
301040
132003
90429
806404
144501
682
617648
908539
36160
895152
522536
282135
104340
171693
502216
516128
720505
755630
60050
590965
298286
636430
495344
576336
903178
202901
885239
407972
416950
260290
495368
717989
392293
585796
40744
53145
102830
658391
961683
655341
553542
570
453827
174233
172262
956043
690361
409118
228024
266762
82
526310
903191
495426
618997
806368
214678
504235
730691
631627
764525
226058
349615
673169
328206
390359
726313
947387
565101
204347
602727
634995
204917
56553
325579
893530
528947
532291
302648
756971
799052
819081
799632
218594
830858
418628
541313
561887
439215
788356
193513
720091
14413
59480
909611
858970
966190
152275
806356
47642
356621
925434
198988
77889
498339
524567
487771
27285
56857
790418
300607
372261
125850
100238
107206
473060
35218
648519
34946
990784
436874
228459
710874
967638
804290
620484
826608
770479
772758
149315
334472
645730
591101
533460
723619
89439
58026
211389
633075
631234
518158
933682
3494
160359
550271
110700
633418
101840
275570
668364
92623
228795
413174
319848
196432
217463
456683
539391
504293
745792
205058
355116
391522
796158
888575
631492
401948
462952
359232
35022
610538
393741
485055
614031
554099
35326
241082
187517
653517
33003
372232
746140
261797
785405
582339
974581
519219
39022
513971
539863
784813
235380
894978
692686
31537
299905
324177
433484
279208
199760
984858
889745
593500
469912
20128
663951
505237
777561
367819
675106
810564
740050
421245
588712
41806
519935
563292
77376
558956
593615
133590
343769
828994
544919
552806
376883
844823
876983
326718
124031
593094
311575
530127
186594
781487
550254
850544
803075
327815
734714
478180
138378
474763
415776
727089
32920
935711
806733
110295
11018
400347
760236
871138
745692
305154
423944
122574
666329
300926
449292
306711
894019
277218
836837
596964
575056
387091
963859
378131
714905
698572
372662
369634
689686
304790
613074
722605
756852
419806
349251
767869
336504
109486
639007
82196
414640
62950
721121
80968
880227
686764
387678
290597
963982
740866
887561
539037
127956
367771
433519
359212
66343
322533
245197
272380
627322
858271
994985
384173
794428
344235
152041
647284
970073
307399
245831
901064
370348
966951
982031
250574
653715
886060
57523
134048
626925
945083
189436
271233
829205
622955
630444
411899
945487
875641
684279
89160
250263
679263
989684
561042
539849
141724
208325
26273
449123
454155
927336
335822
937458
909366
102748
591172
311777
160270
725219
938702
621704
914654
209934
450908
53960
356729
862807
515798
748721
547085
121309
515335
742699
110992
76377
798899
252716
801053
825172
218190
771560
752507
554011
709017
178225
173110
816540
490001
333379
58110
945054
955082
489115
671339
405990
59427
28068
785148
575224
776788
332232
696533
292123
591282
323876
884851
390180
576591
202255
215351
311132
973814
967858
381495
199182
146082
554604
15721
152434
887983
590182
97488
359416
79297
768826
765405
138723
796893
550552
230298
90033
399135
443182
898507
990416
767058
299709
380596
860000
501963
112298
687484
475777
80155
68978
191310
742588
139933
723383
895022
544267
313564
508861
903683
909212
277686
669087
564286
590931
735991
794584
197315
651477
754117
95821
641893
37526
395529
538840
897526
897491
651137
101361
889619
247644
170338
80929
506583
826622
804311
917956
370889
634226
426816
274571
543438
220854
460009
107723
811784
712351
418658
9098
363828
689127
621270
522072
726652
533150
60911
140529
430640
228399
241889
836611
992394
928578
433891
498977
755200
754553
416932
126088
388778
360100
400658
448567
580953
377018
72642
392736
89369
491299
918185
453196
696777
55806
975267
423429
588955
552529
80309
19594
297279
322198
372556
289673
250775
806446
305001
522326
560998
238284
648413
466128
598383
565422
914694
179335
942440
987335
88422
548160
994986
522958
1355
691762
578763
492973
631542
167717
561853
711851
703663
375483
550400
76218
665155
801174
399016
486507
839852
476365
724791
488264
942492
323173
570038
373538
18860
28829
360872
107281
576988
355857
146591
578342
563971
725353
587666
195512
893070
149518
907362
113084
41352
974113
189301
706507
291639
104668
709365
131490
581033
434155
136105
39876
273680
706142
413413
292539
734970
290637
916171
311957
162845
62761
406650
726815
304466
994315
922327
713887
660184
346040
826970
701536
320153
532622
924394
611791
637290
150110
259632
734674
584265
395736
774549
374296
101878
704314
666834
353199
994950
99356
665156
157794
678469
588157
400961
982934
98824
323287
213172
275359
185678
40141
493246
22182
572762
933991
150324
210051
84101
409955
461076
668365
322043
235625
42660
423920
456290
225845
293470
451239
841552
474977
125384
520020
63134
526344
19305
161957
365982
232476
953667
68012
788968
446913
90193
361730
380903
756869
88132
465003
683175
549208
649719
5217
301184
692378
945488
757473
434574
238958
725063
276126
713934
366798
312497
293419
893142
848154
971727
775475
596981
925394
843486
385949
372306
450031
264030
269560
206899
352161
734563
406425
417720
384281
411642
718903
593011
873481
992727
27584
628790
234141
303709
342724
600939
132558
152494
10432
980711
124221
785906
577691
49614
629392
963639
938271
79422
227668
207830
802672
96181
458744
209096
513900
843025
137089
749155
952387
10570
258233
979970
155711
492374
800031
498434
609664
932588
167280
620095
429650
291500
922352
7340
857465
551743
487331
312087
147516
231350
519916
950187
843882
495012
675635
874134
854388
812723
623288
806774
339644
881520
786743
495355
890245
103125
510140
16260
552064
677419
636354
981713
485270
558706
505405
342734
626800
992735
654820
774316
740436
691088
240854
100670
702451
916488
974803
556838
245563
598090
363611
585206
995961
666705
596912
402558
769830
623404
418817
321893
300822
571523
303606
302444
646580
325362
161529
273379
834448
332701
564046
574883
23788
804900
675552
242590
721387
650354
799427
966949
764795
163037
68507
277108
346093
665418
679665
115922
288821
98481
954167
105995
186355
774124
408438
832934
99485
86318
106313
933932
419018
186710
25166
959157
991609
217070
201746
712996
867423
1172
196296
148570
680560
264802
425677
26653
446572
105341
658926
251744
720173
613092
874090
906528
903567
798879
255813
3051
885197
362125
453334
304214
65187
478500
263371
56795
695569
465116
286142
79343
982640
482438
744264
663199
263591
169940
206203
226514
791632
865129
478258
511805
994572
352347
934684
898139
151226
190496
417541
36422
68973
387227
340635
134159
865726
120357
190953
77646
585473
993447
673340
568112
475884
417604
747662
255826
587543
470217
482340
379175
335345
960597
407331
846268
829295
342014
260758
980520
48861
194651
533293
117833
581877
390280
251991
963954
510636
959296
41599
96108
952742
714938
180571
944977
132541
444585
200802
720084
914801
199493
615610
766497
676441
22940
612764
505736
881305
389874
2607
930165
584524
52252
564350
682752
442531
816340
646705
953166
291987
688303
565626
761080
919592
262548
222408
568485
707132
939562
804920
621932
139054
420529
388428
815495
959820
517544
837582
841124
423769
840188
287640
524644
892439
851989
207395
851321
184681
854099
804487
993019
58753
886464
754099
494696
149011
976506
63180
856143
916067
868099
994426
571473
804979
382854
386967
764798
416749
224548
122273
840517
581087
409913
365160
989878
261901
572554
841198
962933
943004
162036
955952
518108
48499
710050
529155
713862
202907
592335
570004
635326
976785
564429
206798
781764
463634
110116
546561
880382
851015
185186
720898
432101
595098
602409
938330
373350
691314
295880
852635
634317
457915
808586
668776
22766
34987
197931
736627
237893
306617
306630
389570
799753
387410
596367
581516
367396
222834
644429
247777
73848
829614
485027
22301
941063
603787
960630
830764
295101
256509
683398
929417
230776
491983
114545
253541
43321
828827
506519
797566
651795
329500
187135
451547
716909
299854
33063
84304
522687
193843
848433
596535
539808
849811
618835
480870
453597
95816
827985
748697
352325
511383
194466
99452
519717
825362
869344
563038
654188
375862
360603
305982
705361
64089
273880
938621
363942
823294
22925
886629
17136
387709
483163
556943
753871
101997
554164
207467
197812
898501
472516
66488
926235
183333
682291
445951
8694
551634
525340
662881
927495
402294
485214
632855
466383
275445
571476
830324
98739
110752
716952
115874
14812
716466
189169
768682
334814
259684
492500
48978
674536
965015
115465
600770
148347
314108
563073
673392
865741
88412
852624
309588
7058
337837
458794
473440
613282
546621
820115
228372
657372
53419
860597
188535
769884
49765
473568
104698
825801
966068
153675
500336
447434
785491
617458
112133
615950
180530
785524
481691
785293
638148
307630
792350
492336
766423
782141
621969
313044
602256
850340
486767
172026
710937
191654
458261
277053
665221
562958
619205
631288
232984
119541
78722
534827
736998
707206
667128
433879
492729
665170
219171
647228
972799
11521
139564
739222
793661
277884
568617
912268
128224
55383
84293
355512
247036
542554
632564
428609
621863
251769
59896
371199
887661
654969
422377
141010
362174
89504
574888
371255
754674
794058
18482
243824
321930
674397
983045
631943
952281
68013
544210
596856
639748
144855
952367
403135
203760
101282
831743
341974
869402
891639
713172
273414
62959
651900
414423
941485
257756
505662
829091
528781
816072
363924
772604
138001
38321
272001
769943
506953
340013
830505
103808
979760
975359
572526
382895
179118
190159
214637
521091
59561
622627
750615
332974
201938
918866
263749
143422
176621
769410
488864
705401
101833
852787
478005
239834
407459
266357
526128
914411
606369
356632
534570
586129
848342
623447
485375
27459
813606
700011
64902
873166
838990
331868
722491
40927
250733
986239
700700
943706
272001
189563
165458
373833
42349
643462
130018
449808
426170
172498
880570
32539
529129
415140
135019
377471
38586
620393
921281
368543
836755
502534
241708
675744
834401
480551
233022
601486
466789
933721
545191
255141
639635
710648
145326
681984
870462
791695
648143
296631
964192
45064
845521
493321
976555
980539
387143
531493
600931
308423
900035
437686
327309
658095
629781
161709
138645
862803
279546
121785
796523
341088
376926
436158
51736
38603
634493
438549
830297
798987
251531
310841
844050
97052
320513
336957
77590
707655
868449
194873
532429
768483
632558
376089
426577
262338
537798
565221
125140
333695
687006
438015
674783
580283
390524
242870
135237
25016
681418
481885
340354
449300
792725
700755
546351
113237
37711
140293
337243
906159
335165
386024
674642
967722
762112
617570
746411
816261
182791
387903
149956
386148
825917
341090
482782
216440
583959
618018
757807
265376
99902
614512
714675
408979
315266
777378
38567
352977
917670
892162
259135
252834
794537
450128
736907
73000
67698
483317
889261
766840
387571
555568
152987
213487
413009
635768
946278
996967
770137
220436
778694
870038
834947
9720
795368
150213
787097
833935
19541
221118
726096
278675
473951
520632
728803
727209
593631
312852
210526
999243
79691
114448
71162
232677
327935
484170
384796
790564
481136
154932
527352
776181
541321
362298
785901
336689
28862
572997
686975
48402
794115
413070
843429
784417
450053
88583
511626
43683
401434
238503
559278
481124
352950
146791
230152
197236
630961
614947
987800
628448
286230
31503
404629
827550
393800
190529
680590
939014
279877
367564
503767
73991
296985
347195
374760
747037
435777
886385
307072
837210
641239
382701
834685
510540
529491
64836
707776
160451
679782
211927
305251
482363
243429
709879
826265
153580
416759
506854
608945
696635
390770
112712
286978
204106
976258
661737
951143
412035
64473
774566
765596
705711
157266
116633
216250
203108
181468
440377
363559
377602
652303
185161
859964
412083
895039
686228
82015
311797
709434
690959
8431
616555
803670
295408
820660
779928
473496
771802
708314
537968
62719
990261
760030
736336
106893
492632
939444
804713
933008
819354
182314
101663
4514
558629
30097
899552
244857
112111
727700
470642
803070
252482
87196
123091
547890
907855
419370
537737
196009
127683
75705
258727
634296
835734
511415
741188
328365
450858
62252
777725
270211
244565
395739
274724
803194
425835
690627
564402
537946
418326
551395
857367
670807
638590
980457
735048
62796
399827
272785
258804
43861
864841
33883
678156
700574
61649
935696
545291
512506
997947
839367
299068
758864
235105
573791
78409
177291
780769
159162
715236
199094
710556
572602
386252
349145
69411
637652
928292
985589
910436
703448
29449
775276
253682
223957
992201
315330
159652
53843
827835
673950
409561
126902
949165
644665
217044
27573
821956
997812
186734
53543
713257
413641
142497
615860
279137
728259
253511
207429
713847
680298
910876
743295
971925
164557
967251
964126
479886
643254
534320
824072
833556
943881
467325
782720
104897
684368
326645
443204
198531
29730
496747
911787
443371
155595
527646
238859
883853
297509
446287
597699
977806
873514
857345
949731
554422
340948
430208
550659
984201
480879
374730
334108
424759
842054
633180
46008
42773
476176
489211
241303
505905
502309
669441
465627
657903
197087
704486
58107
10947
667124
655805
988752
540638
29502
454834
611411
370449
401393
162070
871001
882272
53151
205109
823382
411557
838288
869389
454329
314463
874952
211984
336719
377260
881424
802346
551515
594862
23183
125973
605808
206658
298130
110912
747295
327631
565745
875058
698079
967138
37127
569079
365761
606629
774187
189142
18185
128826
574883
988866
959640
449834
200849
296359
343445
598624
615056
411311
193486
154590
537284
315645
361247
835413
426556
624894
163043
992301
499951
861121
475790
53429
946551
841550
660057
720738
547043
678242
365915
121925
183459
325555
88110
900659
138265
431555
499282
753320
359217
209119
424261
896500
524764
785507
248264
951319
410400
411306
459971
426702
788778
452112
480130
735329
810013
140187
972418
357056
334780
854684
478980
34590
180238
567090
935248
834854
514996
950881
104525
874212
160000
528785
770712
201115
830644
535327
668785
241043
946633
645108
184097
251762
97219
664226
503442
907232
320764
992211
264287
171895
846895
259618
722836
543484
343059
658083
378338
858054
125316
999214
248618
285315
527999
535681
2781
358642
71007
671565
116036
17639
833024
300132
785753
930243
480710
805546
353826
317825
797757
134464
6072
161003
394081
728907
704486
253492
386990
599175
111545
28657
598389
360162
313971
642739
895842
833103
1380
966849
21019
633767
500839
854043
450251
802943
784285
930960
608489
654462
765136
922597
788925
771207
83599
699357
500114
304436
952848
403455
419963
580745
432111
534703
457258
262433
177441
869452
611887
695172
836300
632905
845290
853490
486947
295540
172785
787583
742851
781273
442044
507987
703869
747320
279193
303819
446677
295658
608254
915876
215464
28216
496620
163926
79270
953878
942710
256710
339681
554596
468233
692332
187501
313523
545821
674447
125414
234957
462030
868265
16229
420425
376251
236449
167745
171795
56619
130773
983805
664873
46648
199268
209440
59620
363194
288710
529849
822255
61771
869529
376851
46356
561860
564351
876230
624032
755149
1643
858989
217178
869907
391569
153955
762509
144370
321699
934304
200988
452471
918108
382212
15470
633727
108004
591441
513272
913065
121289
335527
491187
990817
712377
537542
69028
793079
930123
693060
548227
931766
68400
765405
318024
459968
919359
80533
120689
757409
531188
321677
726231
449295
220240
258052
599373
328243
849493
112645
241307
970781
964523
732494
477950
676899
786387
63329
469977
716510
756388
18203
164627
341139
299959
482650
317459
735669
563182
438147
9429
610721
276175
735659
60015
496415
510063
175740
824657
359555
804736
582316
330335
769258
831161
324636
962508
617547
387965
432484
334056
660704
967038
15034
1843
783349
497684
319301
35369
577217
757447
561150
187938
33622
813160
764304
46388
323222
940043
871044
682776
744778
969711
529463
30387
800871
854098
992894
418418
242062
941729
268825
419118
908767
283859
420960
208467
297894
740260
760187
875110
14058
321336
63047
564031
134496
343703
610418
457717
800097
997814
140493
544875
967524
186307
575261
768395
40404
84507
703164
798818
26235
488340
217935
451353
288550
638894
659819
586443
895505
420006
977905
425914
257693
557303
989945
392188
901005
600362
366257
701102
114527
506749
762328
82051
693055
853940
366797
249810
938446
586312
48627
964681
591003
782913
416033
879553
938158
592204
982347
833662
528561
960251
775928
786253
517554
765872
178441
418558
882585
61049
636011
997112
84149
398338
595514
293555
252278
478662
543364
707075
581325
108343
671755
172327
891255
604140
51879
345765
196343
34226
695778
724903
510828
471705
511155
28381
237576
205947
963291
120161
266995
599301
633624
351143
513991
745489
644697
282620
224150
704413
989694
321826
812755
661449
494152
220361
265588
62383
566125
461930
612960
261903
703184
123787
733607
214338
152168
487535
936637
631810
124047
203631
231110
757670
71126
261452
503158
232174
544071
243659
936586
533765
565484
749340
711565
575987
486053
493504
638369
52177
955433
251328
830431
174968
891467
564038
389305
43634
51572
842293
191795
175618
562276
939256
449639
633401
200708
469148
865574
744778
229158
802160
794894
310993
67851
506458
886979
553903
999961
525348
122432
471745
293027
952862
646712
184493
516899
552369
744478
84822
394661
936272
776791
473288
391880
742781
106688
592587
728280
488614
337364
957437
807125
648610
268429
874975
155067
671760
945230
155028
713459
67661
626772
6485
536874
789836
707330
570125
342204
968159
654946
253216
420783
948089
726504
812662
690869
349543
405248
935501
838156
258963
892937
161632
907572
677718
552959
62639
349477
498188
734018
62935
82200
877141
585771
619073
183328
809452
189197
41883
777611
360495
295099
198393
308583
537954
11054
515803
403848
932653
967655
758356
191615
860592
919987
615539
54661
472945
194529
920489
487484
928546
983423
86035
322038
85545
705108
505366
894997
410656
547248
672607
771150
358698
387351
596084
413003
398404
628239
816851
331056
595893
575206
39022
972836
495192
170912
27496
484489
365440
947984
488324
810337
447758
574359
648727
533303
279466
154092
944651
690121
217691
133609
977623
576389
520959
90058
989391
919362
718296
806241
766769
830541
897798
322142
803376
909342
493054
347224
393830
374845
811559
882153
701534
259317
456511
350260
308971
252328
504351
769973
458801
722041
903581
952775
814781
424539
42832
804172
343900
277480
126764
627020
108020
24562
465513
427747
450255
474918
774970
844084
849763
586529
242588
551296
362197
215451
901555
671167
984130
922257
441139
442930
644297
344719
912056
975430
285609
954888
779601
629508
748719
422716
772879
856738
963629
238391
800836
413883
713309
575806
774318
79423
678686
533258
147070
40882
748708
48624
228400
732837
970880
185890
692119
131528
530608
604174
106957
816216
75413
402909
962075
824131
341977
251305
197220
821957
6047
998056
235840
235707
90213
526509
315129
768898
59766
462198
326131
808473
27173
554530
57662
514404
740419
266132
162284
787378
386657
785592
119945
462070
704853
598371
802552
46829
366027
516124
868785
372073
30531
620976
607780
637095
147485
439260
405992
207250
417810
248474
532075
444982
803003
589736
475738
59773
855867
638021
363502
758875
423612
483446
220944
644816
598168
539848
691644
964194
572323
76781
852618
119205
214108
460397
756299
361592
416009
162290
85194
833818
410763
617268
795151
730117
723355
270888
306241
95573
425260
669742
854447
365224
669539
591743
10039
267706
131590
701683
748251
220264
294815
600868
339468
508922
577617
95766
386866
993625
774407
472059
827442
701521
89326
622592
947989
812680
409832
254229
908252
835091
923970
762698
200314
109860
870792
210353
893917
518733
428387
642167
738996
723201
759386
594815
748474
337002
690580
135339
846978
981338
607397
674419
682858
213074
813363
630846
542105
223194
401426
966708
574636
841747
729406
774950
951606
116549
501654
361874
635282
930040
4040
374277
169592
279778
969092
918065
133131
176023
569756
980109
157361
177152
654527
356570
906578
984241
987416
448682
207434
905193
415390
782070
746940
661147
73371
214897
777695
575024
576771
412976
21415
97162
303605
191006
376939
272696
625422
510070
965070
195177
490178
122430
888681
661056
479000
795258
645297
982767
243939
369082
887959
175680
667503
151250
836826
257225
366147
130873
832248
942917
543848
853662
40078
847452
561019
417017
636499
186441
443438
601569
381617
449967
240350
270297
111022
719349
581906
272670
218467
342197
641752
622778
517876
825606
774027
871054
82831
140173
1926
431430
83089
545773
801444
639519
909577
362462
572887
62427
548902
16324
663995
446871
466290
420697
233519
93663
656397
815425
366333
874864
157621
524436
497641
191848
866393
788019
62901
949223
444544
64826
897005
43984
126951
698448
683502
552879
60909
256388
615305
126163
789063
795652
573033
255352
216348
322903
865367
872744
138327
748051
263959
812299
788838
277951
520499
655230
65970
583399
120805
510513
164577
17809
70848
807879
716256
754350
877109
777164
10737
8765
419678
316152
804416
992710
87855
537115
315613
953221
926211
970291
701271
190169
298942
490108
984472
819440
661690
50441
919190
782494
77305
600118
316654
148152
924348
32909
418853
801456
326424
945942
326573
746102
262093
647340
255163
349947
184455
87127
819520
627017
573770
520790
817185
872711
527250
801656
208502
705291
368448
644043
487784
962104
760513
320789
626608
201212
353697
561812
519020
196472
507753
845592
458925
286197
492931
714088
636144
193737
317566
455663
820753
891335
492804
154290
280397
536405
472297
488898
241695
357097
649293
245830
319200
926157
566618
462159
127368
436666
540323
646387
633138
48075
491978
92062
334272
984909
322501
486767
694997
640067
458781
515750
531401
467936
670039
811798
4341
142335
817047
762387
499431
982691
8217
334983
908847
91186
313493
36215
527852
853815
198953
677341
418242
690931
285754
268865
192191
608255
755631
887187
764673
730763
919288
296073
198698
589326
624222
719390
731661
957621
481777
747443
940311
489993
82425
365510
97530
912270
918076
625381
766084
117028
302721
184325
324310
588475
453189
516500
713081
725171
920039
477753
455933
839326
290177
170983
428652
914399
890372
676664
388371
372148
940458
845033
378492
539235
210542
476022
451504
128617
617754
733939
761997
436827
918264
86306
541653
887804
119158
254733
129327
39196
248837
585259
878521
539013
272593
823524
969763
162965
16539
358133
51464
473349
203166
946308
12583
930059
422329
980438
575028
556434
714376
337024
993260
148991
423329
534912
553147
542486
305996
682473
98033
554832
784083
492906
610197
56676
316429
579959
219640
849320
454444
787455
322668
173961
733762
851602
620371
672442
832039
195398
228876
546414
532421
738487
211757
472102
273399
764903
530939
95746
447375
145324
166930
231457
638229
777126
288132
471009
873436
24123
836680
844231
811578
159347
18191
61691
10948
154914
734133
359338
350311
963008
905752
399084
701494
117508
387537
491244
882410
434827
586990
846136
580150
753919
77592
218378
47396
365724
205739
920831
906198
42418
281414
717775
718117
815956
779466
245416
970869
29950
604754
321180
992957
26857
236615
210802
660716
624151
218398
59477
58977
321739
905612
639127
592009
983203
373856
639404
865278
579594
76586
771476
622012
357999
5602
340128
690307
301419
585543
661175
331368
706648
982354
324324
733504
218968
51478
394219
359470
786227
453695
418447
107965
359306
573925
699973
858861
947780
855728
724138
43726
448665
11965
665737
323016
17567
522216
13322
318985
624110
674496
650353
330758
173202
491028
64261
908521
58857
974832
267991
845083
428526
202789
953047
304184
776713
169371
163044
724492
541450
403533
768217
506467
415498
950305
829482
433064
988872
359155
268400
612982
550002
918752
460091
723203
926132
40703
148076
984988
15534
416066
830071
960412
135206
299469
780947
911918
985192
943990
152761
42993
863874
437330
549459
279371
387634
895292
228786
892858
770798
13538
22191
320800
932289
482281
560354
374772
39335
708429
359760
571221
640846
706182
47984
776051
522002
828930
204320
507193
289271
357081
66538
153144
794410
132348
948867
698395
27640
694004
107604
314789
707541
129794
635588
156182
128426
195942
530953
684113
420722
407064
255333
61568
113245
303316
353970
635247
132245
558290
658791
421515
431722
725328
91010
226131
857676
39876
440877
401667
250232
548481
716455
957772
194626
352043
630305
839404
64336
161258
523516
485057
84673
778848
62976
197918
598515
416946
833164
730759
491587
491954
668625
923308
217282
759634
665790
591309
315862
623018
992975
566093
687850
709429
40216
882476
577823
186873
238231
642158
864482
761746
643567
949154
540593
706542
147071
655459
639839
496586
386217
131425
988540
571193
571084
722173
847178
236873
829833
163039
376243
822807
245483
64092
48587
802051
462919
626410
988923
701149
784919
369756
979246
428485
318909
36190
651379
465980
691648
291217
962565
594216
938994
467456
165408
510077
705980
12586
263302
535812
691976
155896
874970
453811
219987
923557
772213
199258
66318
277487
416758
851236
647242
396004
796073
966150
432193
447451
948481
123841
255019
427398
718056
194012
411205
399816
220441
117185
412401
94
169348
620728
155989
44318
74538
375975
967874
363102
91584
34191
640588
508342
401778
287829
420697
714202
770331
852889
678004
718811
493081
933023
662560
211137
643386
73765
127304
380178
707301
56056
380271
876648
676783
536259
920965
267673
428586
888838
630774
520169
439380
271362
544862
357510
559190
965558
71711
329520
818447
266067
564683
827879
199089
227242
555367
358826
817358
682670
739004
524658
738725
635626
401306
415508
171885
322270
199532
600470
727460
830305
636990
683191
101666
181852
557052
177208
147409
628763
23079
482207
894829
587761
310086
610269
331355
865452
485446
148712
548122
740801
673370
286846
376427
591027
218705
64663
913296
418236
665132
157107
248541
302121
356650
866558
324
913701
560117
147733
58815
583196
146291
953643
687308
456376
80263
535014
838180
82061
200078
386301
822861
873447
189498
715639
980825
924555
780301
410472
342790
445432
567579
107682
263905
440580
490592
264228
354280
50708
928312
413095
150255
74603
883089
353915
47330
479704
405280
885509
561764
605357
788161
900976
995155
494011
616615
975979
418565
396915
386451
761354
358699
470381
385388
138955
910960
875979
919534
265239
443038
847846
194685
109645
438800
77774
463559
486129
73829
868838
887990
635592
990547
676150
52919
985701
170160
669533
961680
588724
582800
348130
866430
941498
818510
251817
596804
245821
644147
516337
511059
87184
880534
222096
196828
319333
816221
176738
321814
890049
561928
209803
41992
552474
402304
94910
54526
572464
764443
16205
677539
863594
880686
60320
321443
215547
828488
918246
461367
472634
434582
488778
76170
315116
710873
789349
150800
527093
482439
472613
417141
44366
682415
459132
113191
601071
70393
167716
173534
351187
700273
367424
214780
580958
944096
536222
796505
772583
970819
774223
761569
921753
263000
354090
753220
973872
659790
904019
17316
142228
892984
434456
702945
91750
409939
816135
692820
996684
500203
382705
347870
200475
750129
562650
297784
694224
615223
610640
983158
102394
384863
744726
24146
164214
615167
777365
654438
274957
197735
671753
417184
90718
622561
636481
182468
548851
968967
875287
545534
469169
257992
893404
185995
524472
972405
483779
735047
103979
94418
234556
206372
479280
495634
746869
643494
110800
40585
814283
385756
238320
486035
319292
845389
108595
955772
544208
173798
441090
419495
719331
910259
193838
129086
612605
234661
101490
96383
486059
721821
190801
720614
928192
186432
216247
191413
346277
327047
231997
160559
229154
986668
162946
548445
832057
787892
20568
376264
961689
978010
312110
681020
404620
22299
326457
17224
256959
944299
113607
743017
666119
820759
979983
110662
523542
196229
302074
869819
39627
534071
546729
268781
520738
709674
333577
869146
497566
870497
245410
459254
848506
73871
656625
253125
96170
499434
270348
353128
443732
900306
612497
109850
721064
592479
220511
760958
305059
38937
630776
344686
89359
177504
613466
126448
403530
947042
995594
901095
817538
757355
876700
182395
831225
49677
435519
443746
549110
222219
313226
509193
122524
925722
619042
359940
34552
355904
120897
339610
911192
268024
684295
550
961879
814112
126998
881760
761154
122591
782854
95043
396297
175906
793790
743873
741934
229308
187619
807395
967878
500844
316587
606754
942917
451980
966693
977468
807883
603941
833429
719075
388316
517724
235976
866546
331835
362973
748306
609340
1915
47511
220735
398211
223416
14524
658436
481701
760183
846054
289095
728061
346897
122033
334814
289813
574012
817858
783632
381895
938150
617060
617321
842817
651135
853296
709362
499322
732621
457667
625013
250887
505178
845747
165450
244945
376622
823885
726646
653157
669938
532092
381217
533186
654125
232382
339350
744488
566591
122981
126382
21092
256392
260054
863908
907527
629702
573269
406848
878674
547288
548212
129560
52465
910311
295009
813761
286932
635245
56758
940088
821534
588850
837656
354719
759326
586389
694068
503813
152979
333400
146547
174070
589792
922952
554329
13670
69005
127598
936869
947678
674885
485080
593590
243701
395390
404950
57461
198674
40195
114219
655113
861728
219420
9121
216447
495097
595509
426866
515261
264840
276618
661807
955261
866409
101111
509590
396430
170115
153539
333298
117793
344775
334729
711382
588475
730119
116331
162287
445144
672877
792857
100256
534605
528628
625728
267403
540076
221237
210620
55337
2428
487237
233495
957688
353645
334605
467277
750074
504720
137167
599723
138864
481941
934452
366597
586767
180922
999279
265406
626065
672156
58262
242672
723112
103242
868400
990514
643317
605988
201133
215005
608415
204722
448500
566102
558366
299456
549731
824792
320527
686897
940866
459390
168838
875317
342338
755604
572590
341617
21009
715006
530124
595623
957678
769587
215216
342429
276452
374884
948416
477584
589889
556830
198657
554740
639283
757023
854195
189013
98166
174722
875910
555383
150463
44747
947052
492801
316702
519641
350769
854063
234647
397244
966037
708676
166830
697604
51104
443281
72487
999519
437216
178727
72700
635873
733466
711982
909247
587661
900995
523764
762382
293256
79146
912844
854354
26197
921996
171055
62190
272764
541469
296836
186359
23857
5511
353188
721460
572966
796468
793947
572484
233684
972673
161535
385908
706139
873516
295154
810151
774510
818917
88884
67765
898062
518079
438470
440611
440075
609525
502800
229190
667345
799635
415549
691202
321497
768736
412661
894462
81556
722959
983297
831591
695632
144831
217498
918122
534698
512651
244624
825560
847919
333507
409676
262332
851585
848146
702942
808011
457670
205741
37201
641366
521727
969101
332567
359575
737836
745228
770388
335743
984538
753684
167333
680169
414866
384830
114642
949564
413832
359265
775123
261750
692771
701150
524082
60708
549295
227023
868718
523316
949116
905918
164682
987194
875018
497248
346769
129206
758827
117156
464948
743365
387192
148633
939885
802057
533462
570879
267972
463646
930143
559446
725395
139266
260596
765828
199973
809890
509203
68690
333206
458318
490960
497887
445511
882329
511486
308631
527886
786665
425787
509186
46381
812978
657818
986265
131386
707631
557143
915710
171276
3638
475155
413023
142903
252102
178850
859227
61992
688052
444268
911549
662721
935227
925787
624584
333908
437272
933214
861793
740288
875352
887330
786668
204681
545147
772933
336067
252778
846427
768128
940405
850064
243282
353427
509318
11736
48629
368544
590079
253032
812812
501627
432105
264390
427413
56688
598297
381036
506253
976442
637676
381605
863771
424343
586285
408918
197275
438703
178047
560054
206830
118451
410117
966464
988230
435787
978199
36858
804330
568277
289889
617141
586255
721993
881531
530019
295032
996179
427406
801285
972620
65081
699241
352743
489424
801877
761660
203050
756932
456058
763103
963761
90860
689572
446576
79089
125358
424774
115946
446039
509402
922187
579532
95656
160531
977414
625674
455563
973592
53080
773199
462564
118160
988791
815306
607583
790667
93317
326985
547598
549374
90087
27711
156585
296010
474286
235674
937719
415412
867971
383758
924813
306509
963289
20469
467040
940702
162494
438954
430645
731925
212152
409560
850085
717294
224865
974019
507960
834533
301003
571910
900258
907442
599620
56843
719803
590257
292516
657522
5668
676838
557631
446833
983347
520919
983653
450386
977972
146146
405691
924968
878071
617842
334528
244507
851487
75744
734877
359446
910277
35880
447707
326886
459673
563678
383728
179475
670287
192595
353348
675954
869433
910978
639138
369131
948248
622790
819516
442571
285288
225206
367539
679710
359399
218418
924216
210885
810513
659092
86682
237141
211323
50741
564027
187347
614418
464106
366822
801056
656701
720169
477010
42485
147499
632499
411615
95746
255289
747482
538317
56928
489039
422207
736637
364789
156976
177204
92025
967488
352647
695058
204629
563970
745798
768655
267668
876568
749112
634489
677623
405812
871010
670984
964648
18508
303483
892614
630605
75123
640095
168921
648402
645485
107479
385038
10273
264454
78593
102297
231942
431239
797355
952922
511560
543152
237928
779228
936071
987039
930068
613694
909203
317429
801029
873850
335936
104511
282816
482893
695985
922910
168165
344386
84747
275644
245775
95019
56449
324367
197316
804742
271958
511022
757663
299869
570525
511942
79096
506596
498981
525516
636641
408183
842944
437669
798384
695232
58532
81199
178124
270868
520461
862640
615254
605207
138283
861028
700225
194732
701747
413892
515825
973704
441265
273488
789924
11790
785429
385372
34737
800761
910887
671377
208943
270182
625397
523679
481765
200280
604877
176240
471148
125337
38880
602753
246895
177162
980132
947120
888245
681878
877363
404070
171933
318628
193909
961857
846769
495689
347228
881505
296450
774466
69233
21744
44647
210981
61774
526412
411261
666651
702651
398760
308339
741530
1512
555234
435044
497995
18705
839640
696225
412419
760061
868157
247398
953969
346365
94166
966010
209944
975670
262459
500761
44902
800554
61760
772235
862328
104523
699847
45330
323525
98606
870020
65055
616469
941605
16450
114463
476661
372441
810687
889080
132502
195196
136477
86470
57912
230643
568831
784208
722664
347641
284968
283918
148195
863079
56152
526874
967601
755998
572203
291126
854603
958574
872532
987423
900179
888981
618237
376839
261421
428924
265918
393922
140471
918747
996744
714734
665741
81926
498941
388404
429567
300261
672321
94113
163339
244824
620986
130940
821
709540
938417
371775
668113
810948
359197
568291
699928
493786
461482
477700
439061
243751
387974
579531
162497
901069
810616
828237
982994
309557
732993
928912
126169
921665
23024
805859
166489
644009
453150
167309
869900
391566
55436
54365
202513
930984
622655
418792
424769
600488
412844
863829
844239
800817
959711
6735
218237
770327
351324
717582
596235
84316
646494
722403
5980
669517
528261
172468
829878
497763
856129
699777
889328
911564
754141
91841
358899
893148
510632
783668
493635
923475
647496
854225
240643
123559
860960
975231
893885
728635
692813
490119
812950
855658
728873
335281
525174
773485
24101
871403
271247
396581
87532
160575
824496
358024
768767
183394
767523
279398
967061
261158
719225
130909
115382
476219
254467
492693
451450
664703
221327
660614
671173
550628
516271
400045
402261
557796
173529
426361
945551
961128
822941
33082
638054
163788
391105
406820
347181
158628
202569
830594
936137
438145
477854
567870
914364
248672
576915
882165
913374
314593
59130
584546
865221
91752
500942
267481
165899
190822
210193
111449
151949
549485
144530
790002
713272
51987
713173
576804
726966
915742
407397
179454
353886
885250
263675
784601
650273
840589
666765
563646
155182
725894
664543
536754
333997
165484
320586
499896
872658
530778
611344
24606
80262
272226
330960
309885
840564
44132
886688
567529
476225
810437
263334
830111
212038
527008
614711
862311
367597
797828
942308
39130
40073
123203
92235
374070
805038
412820
873965
677695
459949
485308
218653
56562
757533
549612
366446
598096
110095
769485
681976
586320
579921
945309
416430
791959
988669
547492
170621
356265
345319
112928
911746
385392
236130
3980
275813
41168
933151
149777
718862
393099
635084
453866
449660
908969
3477
816105
23416
629924
101941
221744
216243
681862
683404
149024
473820
672072
212867
644440
544688
558186
273719
456433
459929
509849
976764
735741
67368
909914
401869
302581
819364
553304
756447
269023
462272
276275
601479
2040
906198
703420
223783
122440
901633
423538
787815
375452
95610
682
536243
640297
75219
326313
613082
51499
352513
589845
303591
419880
16111
705459
238813
351826
775114
511611
620849
237386
787885
738679
755777
694083
958450
495911
332874
860082
919448
637041
751885
15057
154074
804479
655354
229292
130792
784787
797142
483304
890983
100732
419536
423445
322542
658348
775271
97655
169958
912471
851392
474194
651149
123520
168276
609599
619430
17502
469680
538878
170894
737917
70286
324967
542395
241991
554258
673186
26777
867751
156490
917760
484834
92377
341204
323727
750724
116474
937733
437033
28944
789125
911226
196445
912644
595854
322395
48426
129707
308426
103655
300600
46342
173940
625566
588737
415931
696175
261922
959059
563925
934763
393170
565110
27139
734374
888836
294214
367199
826568
731246
912495
132044
158824
625291
44688
271029
947685
609465
400735
256110
713119
217686
302452
887058
359603
891188
819340
55777
669461
778399
136053
604224
687920
701162
631362
422293
106349
925576
305844
932916
173173
734690
64960
848348
359980
625999
119376
824016
235463
36462
80125
464933
254147
898928
351990
613749
306467
687682
185877
975928
982432
838281
580151
670351
55794
727864
608996
162142
169791
431191
611410
859316
165880
676369
707663
42211
818719
343391
866226
54181
379852
462702
519113
633999
877982
387454
764099
184448
591487
466328
160375
573918
304608
256877
760621
360402
501093
369616
38895
670883
800806
650304
46550
483037
843024
754213
41599
661742
97603
424176
232274
993806
403229
267738
627804
281210
655192
908255
465658
246678
374582
142384
336948
195541
399261
97568
72294
900353
983535
627541
87587
300692
277844
134137
783728
120868
404701
825326
298961
18655
765853
531235
12460
169081
798972
156616
450291
970515
581222
432300
733545
472155
574683
70492
667695
973943
684411
256341
390647
667945
883881
994586
968636
678076
645074
268715
798943
49774
610392
614256
68428
376244
145490
597239
545324
944461
753854
511966
431328
851427
944265
164872
323581
518948
235363
991276
9242
919773
763968
916241
104069
647848
910826
72704
325923
555899
857770
641218
122024
468161
255473
706803
360756
917314
304041
906079
378126
574247
934397
809453
425673
878661
974324
749254
397608
726038
256881
923202
162162
20848
839442
266230
185047
750267
855285
27321
822517
713054
184890
944540
697566
956714
651342
58321
874027
955382
480752
768505
45980
415148
577957
471653
293808
68633
737258
207768
794670
510490
130969
956832
531337
970410
223061
232735
237028
594698
260055
59544
307751
444945
4083
521669
401658
655424
579989
792037
127157
577092
560541
173137
992239
138497
161141
802399
207129
898398
10166
518151
925239
141134
474982
972927
627895
214394
205661
864922
809091
982067
924465
633194
427011
444899
154862
345021
100322
251202
653409
743830
828294
213949
916966
820532
868797
594458
622930
592278
9207
149447
110428
934445
806932
101761
907371
434826
316154
113031
816099
125245
611450
256915
274790
554812
701813
429651
899832
318486
197204
553240
62316
25497
283540
495633
362381
152337
606443
501662
744614
615649
651109
371393
550094
974392
473153
973816
409218
789306
603199
741668
430902
214648
514935
705691
769459
216747
651693
185643
51585
848897
255234
630252
390745
538774
642236
753125
691110
248678
254787
952075
864327
422247
323467
930772
912990
796619
904587
838559
585924
24137
580227
533178
238784
95161
238868
524595
828259
406913
710237
879843
255809
965470
26446
646553
504243
668682
916030
711704
917359
687168
663778
298037
625766
503596
228808
538755
300214
649747
377314
402490
673883
957540
935667
429019
569052
690886
953613
397310
614150
180201
793505
869958
145670
819950
32863
166265
488631
948892
394320
922342
152411
574450
220378
778176
78045
965538
316930
894611
131636
694243
297100
321870
168134
749118
750888
737185
956355
220852
650847
570505
401052
444351
956814
63074
780652
989676
229338
785635
454919
623657
707976
607329
198106
444705
385504
792503
410242
218786
687113
541877
913028
984212
380099
597514
249681
130986
334698
722387
868190
501896
292891
269241
946246
766057
332314
726898
272084
78003
512532
727003
701660
736859
850683
416117
181563
752539
208619
591805
971324
895731
650033
400703
396294
546483
998216
162326
677469
849266
401065
545658
351161
210307
331250
297407
976363
179916
540656
248447
257918
569539
491801
959577
306397
342483
892046
4311
95021
617016
112467
66344
29099
278852
467047
941744
825334
465262
620422
502802
830879
21486
564811
182040
231792
412413
995798
208155
592328
536453
456601
850245
622343
948401
326174
445091
807235
734571
449401
902256
351586
561868
484951
380684
840719
951997
838780
666052
933611
459201
685206
764489
480686
766368
462880
712477
178780
458677
436983
287459
995129
409935
137704
133823
874687
980229
578913
681922
714799
28314
584177
582736
590181
585479
479772
430899
537476
318551
613302
987438
777751
298507
268278
774788
581227
731158
3616
760006
189834
440599
563817
701315
850533
701520
835137
725220
198100
414050
923493
429250
442363
24021
11985
548895
609499
491756
496145
663326
326658
109446
650763
104408
924305
435393
395547
505531
166550
399163
781888
872735
839761
345704
574049
206645
563575
925538
448216
761674
855939
371708
190923
814653
395728
719260
363547
5227
211015
376043
668552
54025
485488
835667
674784
926144
271059
70331
431674
953960
469493
729914
826694
825605
75617
917095
32249
639192
842632
996817
917217
698570
368524
624492
29574
280604
343751
393120
802182
71117
285514
987085
125141
771001
822751
799925
213497
610161
870255
161522
564120
856099
891435
907166
681703
967052
824260
230303
122595
183243
227119
39811
398164
111995
180654
427737
392598
524404
337208
194779
595521
622721
181863
237013
910073
520966
36937
123569
131126
423543
801443
211598
279641
692877
118763
477695
176280
459374
707998
815226
158968
451468
371389
557131
563462
552042
501219
472411
76446
838426
183541
188318
977498
365404
425330
887570
402721
462267
527491
50198
885809
328933
778147
681802
538161
413261
159496
714441
872634
383845
46018
31601
835313
417406
105083
915126
969448
606301
387537
562245
961078
571077
750562
938575
452832
175891
826145
371904
154509
869987
422102
556670
198919
716600
238471
737079
129861
397966
967871
518846
781811
13889
550447
617123
947646
171881
48600
917093
778182
952488
995689
255611
39917
746250
194186
492748
438493
536682
381004
109353
406668
319457
666022
121938
36056
904492
859016
165916
302458
343239
684762
84268
873479
751560
217742
821124
923440
782693
254569
217973
735181
250257
989936
775097
512859
184121
784196
467703
720802
165199
577055
643821
484655
243077
765758
37063
147568
624773
202978
966377
484363
404091
566996
357841
672002
301089
695317
111794
83782
949885
329766
818962
716493
319701
594058
745703
20173
894605
213405
257326
59804
790460
901146
60810
549888
666903
97872
697455
808028
817202
180184
808742
737644
747179
166583
409646
48268
378251
521439
132049
328135
367556
467362
560979
203609
577771
306682
223781
472375
36438
481107
48530
826897
898604
109340
893136
81859
723563
590591
889886
57116
287126
698627
794760
34304
381561
204405
598923
759811
725843
730971
604297
93398
714684
681628
297006
292454
988309
37139
764829
24746
34597
329710
367995
933200
439049
261130
15058
678964
368072
421295
736079
655197
636274
47190
205853
17834
251594
804775
293997
493788
52098
414645
103538
766781
96272
916895
59235
84580
954033
340415
625678
988629
670124
510024
438181
625525
287505
969590
304488
655577
390885
556918
827125
27158
604108
32977
561343
372053
354104
371691
865841
406201
786336
969378
172981
882607
886272
748567
483539
356657
88981
625568
861637
275457
135591
816169
900981
423095
785759
721820
595023
692995
795089
422148
236504
399196
971476
314198
287601
325579
685889
669793
248131
472224
639170
937464
871182
41793
686030
354720
914801
775011
980287
292790
50467
632229
108958
467799
55324
894716
189618
166698
104062
984706
105197
340565
900254
76673
654763
704206
918603
340651
373998
683086
329226
529519
620549
200407
87663
306578
71479
2464
597940
568117
295253
164758
200346
920562
632556
772021
815278
338525
938718
435691
839583
43915
776256
256188
636939
431018
960393
71893
288020
850742
754978
133597
380260
375526
334003
984274
198456
921833
986737
796395
489950
798341
477505
690295
718903
110060
462315
50532
964937
917384
486222
320871
961298
778829
577058
114588
726198
53802
186481
530569
420895
941458
664165
801154
833336
514520
785427
31791
436352
288516
344537
442653
603208
822041
132947
838462
448453
111613
405345
413389
28997
407919
250611
506646
186747
344020
621234
429297
397821
324066
959865
335067
265523
624030
136220
615210
138549
437998
163352
91252
242865
507889
533905
846073
329929
183203
200886
294733
294816
606231
224473
840164
14149
475083
863161
717247
819102
746
146543
733274
324811
106408
68340
106686
730437
720911
721895
385337
675261
885247
992940
918125
909487
526844
280549
755767
226399
481435
50500
521214
604017
274972
877729
618165
266407
740889
335411
85508
741635
998306
335134
66445
104713
403473
689482
351501
640736
411377
253189
315996
812975
246128
750472
722461
289324
31021
478227
32074
28807
528726
553287
632823
320050
947367
767339
586456
204607
619101
188315
462593
617406
523448
45390
238470
443273
734871
106322
84008
146247
359510
916355
959221
121990
666826
198033
927665
214198
676260
959738
759356
204985
29376
908530
525034
493094
675868
627841
697700
811321
816156
160293
428726
339603
722034
183548
299227
456904
289869
383234
119503
165731
815940
595075
287720
999118
793108
731736
213315
469367
691473
489023
190703
237200
397552
232089
730293
589772
859929
427992
401092
192436
104636
346169
532039
826669
529716
831265
283573
335937
730851
919427
501667
63142
514501
305738
62259
307608
37473
791926
293326
728945
280948
484029
966144
194851
716117
696436
784622
92397
640779
185713
284833
745415
531882
333223
88435
577949
680839
888359
913885
928041
807785
931903
991183
322286
237640
569793
146245
275112
361718
439571
520408
159017
923599
2903
353868
156067
215690
654841
764815
856469
840554
49647
118235
888787
899221
206669
983087
580060
95028
413324
24452
419164
345226
15634
741449
582866
585427
887694
857977
463496
327264
378385
138865
767214
897639
492732
923280
113329
147572
204446
969797
504477
770445
88031
909615
669665
811051
409054
766076
422430
822377
790528
841594
683954
322513
99394
266819
424291
987087
641148
887787
830702
535884
26651
597915
433522
35734
37546
546850
699657
758344
516646
720486
528788
121028
146452
198452
448431
555505
480880
387212
894233
787759
228805
578187
110271
844551
845005
534562
831637
2504
938700
178691
538387
481702
292957
971909
33787
846855
35110
249795
605198
68108
970280
133985
705487
633084
848788
153917
704940
846019
541129
599173
633777
286285
177359
744048
130835
538715
794961
478824
57571
250012
173866
595957
248065
466822
84217
798203
830028
119327
47997
951577
703786
534629
601913
409272
167712
450701
79541
389003
813071
137021
988175
446848
423305
681885
707247
70492
736952
502207
65667
794522
268570
239532
906830
516634
222705
991047
314836
52733
626725
879184
4309
330510
413812
606222
256133
97875
573274
335673
486878
386344
472693
991404
349543
895998
673289
56789
482841
926592
558995
548507
721113
343916
304390
627942
860549
527094
135340
691736
96178
278416
570920
100487
125277
501083
223060
381410
598958
312685
717082
602187
699028
706127
593590
564923
118476
266878
621711
601316
193469
697058
666174
430933
40973
970563
575227
417874
14008
226918
109609
110186
505334
196880
727024
146962
214315
950083
528371
813272
262767
761805
931810
478146
467931
525399
43068
586406
308629
664779
704073
18449
878188
370246
449382
919160
857160
540960
853385
871167
767877
479346
981352
273210
676225
708375
420172
890539
658457
464894
220162
437575
743050
151971
432073
210980
193722
991492
313737
502350
172622
17809
520798
50809
904406
486531
969969
761565
27490
823353
632732
795367
302698
614083
584928
495275
838810
521451
902165
13618
502697
638679
451193
245746
307001
399617
456726
500722
391108
286814
519423
563730
820975
40221
614538
725380
43103
100858
3297
70593
440563
636028
865959
743260
766462
967238
754886
605271
488689
173403
135241
991385
812081
586433
237130
119081
502401
210207
136155
893508
13373
655577
457237
834347
212149
71775
76078
255252
172632
79374
842196
613194
715401
224506
872806
998215
191743
144043
119837
196783
317445
255077
704519
129525
357861
458001
764958
860261
668207
901112
753769
197931
73040
727357
32277
285189
799131
108355
56792
488115
187728
415339
617660
419481
639844
6817
934047
831586
150860
53883
544721
468304
825312
249239
114181
183172
707239
395490
559785
891798
296601
829905
89728
885992
557261
122005
687532
356392
746711
260675
360858
450790
676013
978517
870270
315856
501686
804316
663794
652545
374551
208514
637200
199862
974104
267732
383033
681343
663221
459169
89492
476173
289073
179219
878517
846334
817575
566048
719077
80637
826723
79934
531427
502735
574802
401696
334943
76487
722364
515088
245383
96914
723601
398935
296775
214056
183018
196159
411750
846239
655328
501241
838763
460752
680460
717279
307085
14386
799679
26161
95023
626401
622446
626449
645487
197248
544496
496781
790086
266859
11868
551821
880124
251820
467107
176898
465876
650124
889409
877625
12714
61088
378866
851477
521839
575677
85107
828924
106414
884785
371436
201436
27537
993882
344236
189376
707481
888732
686156
13918
671942
698024
565738
552066
466195
549196
728963
932070
199320
134723
326047
212033
195810
221264
579861
717649
796940
664968
62924
903353
66104
434359
621141
93641
428240
965376
799368
135720
854107
485523
149638
526049
699898
231727
594466
682445
780923
323428
614514
496594
974503
456912
708626
170312
678175
804839
404312
475114
986158
467235
894819
568613
901594
32311
178605
846185
997686
977972
498257
368145
979847
647894
410545
679744
395972
5010
878540
693246
844789
493054
189839
819291
949965
414817
505955
144492
219655
910266
619605
722164
377501
30775
290776
795446
63085
469381
641630
577123
447352
139886
945267
427198
304131
872163
623294
216455
877172
501833
909700
238312
511238
99539
57603
977555
30707
79909
122046
766713
990174
258002
488876
884026
805129
296003
679471
384565
765383
321101
961687
729087
977338
423305
672636
281469
295467
812281
497923
688990
830466
923974
927302
858055
539864
501256
835609
570570
581164
474006
337282
87689
248360
342509
971715
569840
154864
651185
954404
920246
488637
916091
165684
465975
855747
354672
263795
151214
166952
278069
356555
513769
718394
283856
371824
258258
301463
723784
345179
398978
714142
198813
486667
962501
541321
458381
532340
696184
625917
3095
132782
630906
919185
814817
96880
774932
169488
877026
442497
852792
671446
799051
366560
389839
599259
738383
648096
417073
462167
993275
816051
176308
192087
819069
655160
249759
793801
703851
462295
419717
706945
111428
566974
142482
926244
663853
433765
95732
57230
392613
948523
728675
191663
315082
118514
307273
569817
766609
724346
548335
276235
56748
240994
984673
875816
896153
234432
669616
116355
213078
605684
823299
324505
172658
482132
250748
352862
915896
862831
410092
824860
327705
655118
16523
159139
773631
840147
728955
56592
80844
793641
849178
137591
34634
833851
13406
447138
584634
199373
563492
797711
321409
903142
638567
10418
901626
405666
879631
333873
268497
806074
158733
596201
461192
691607
271691
751174
531753
516997
807765
612597
310637
173295
750187
345270
7145
279945
792407
108130
995669
872250
905840
833429
291744
544406
843846
193369
950071
239829
43593
734919
45902
202325
847472
507093
893931
119162
774619
425684
636159
98735
554632
946795
272029
304818
808417
279173
101114
117175
903654
613135
505777
809493
446563
313872
870250
806761
23592
336673
46589
67184
587943
92490
269509
435414
115935
163439
70928
406905
105474
223438
505639
660105
686584
777668
481275
11352
573192
98740
128527
476846
711874
150655
802690
158437
464526
189292
965197
488117
525964
528137
555300
630258
136978
824808
582024
252912
504599
652951
659816
610072
392740
681807
786529
79323
459474
784155
607027
549017
882894
735553
25862
594768
886207
344904
753204
350732
534195
234752
838848
576510
279240
910499
206767
416217
735307
788790
185481
756257
958092
361648
882680
867183
43454
669208
462858
19279
453362
69884
568296
336256
321788
110509
447375
207994
455412
716930
75077
989606
951681
430276
82467
747272
340774
289234
163488
592432
594375
865320
348688
68819
226968
231368
452353
786773
900575
915210
806052
870289
985093
890699
722896
306880
1207
170270
31225
456619
887199
622653
962576
355231
52928
45043
102502
393702
850628
782341
502485
961354
647661
851173
546524
390980
82540
998877
177752
499466
914086
500155
886106
415531
390853
609001
238762
392060
779270
786339
365030
666468
408991
843957
538050
461919
405351
640551
371972
255978
422892
874456
733684
586904
241980
280207
977883
840871
279083
155634
856689
709521
655789
742794
641403
562993
868147
880164
955052
163768
666502
836433
830236
591845
680390
884637
53763
85740
525188
942086
858070
464431
332893
591753
51334
574873
388311
29216
932095
183746
701201
788783
409618
873341
47929
51020
436334
916075
447535
907737
79842
630389
744170
426429
222233
940911
311066
792347
543002
352605
734432
401071
817035
583676
509175
384720
158548
897486
413935
606995
597583
631487
395777
7200
504828
443705
58219
457513
876131
22105
881601
955973
652493
625770
898753
391077
83032
209818
183423
626034
562422
434206
543456
895808
17882
52631
280527
692781
466468
210813
299775
64050
842300
695552
587601
863479
655608
645819
837343
531739
184275
718943
4063
836768
861065
902815
227844
944096
628985
411267
86481
707758
361824
629937
603566
379705
198919
400444
72486
665386
611257
888612
245787
969908
100515
833387
349738
756123
995557
187080
804213
179831
906022
808275
532950
283438
227441
760794
743886
856425
688412
830366
564183
566587
976654
684100
946292
175572
84543
535129
357309
695799
423740
119447
182058
524255
469185
531795
796729
981093
718874
600941
160924
141248
925567
210225
941037
153007
971018
684922
9432
175781
31640
89966
742368
8293
774065
205011
700217
858607
256491
573877
70758
680230
209676
769167
720836
678860
300962
33916
659953
536187
634856
337228
193786
76774
547452
134823
229781
34822
819744
755564
726954
367735
845529
985673
892380
619593
707035
592596
994551
963525
682824
581660
160107
892499
350827
880942
87711
651788
914858
264015
704326
66065
601242
898112
142839
665045
32934
372619
699866
369029
644534
943172
736764
490062
928844
145495
626006
635879
738090
136908
599403
937265
718568
275861
346116
585746
156803
950178
753885
588012
214192
458210
654076
331785
872673
313266
996829
905606
202236
213047
790987
846769
156218
44102
336830
601413
189596
479187
753643
444037
616095
869398
897653
851014
145258
243768
436759
302060
193945
190643
406423
408136
165204
60499
256272
37877
890116
253101
459834
92352
466147
250820
939120
138716
811273
792302
256480
868
271488
10123
961256
403934
879520
858909
254947
24777
102676
691705
843189
812973
398699
249611
737460
80255
826461
993732
118131
716577
246832
577964
808928
229330
345136
264399
884397
156408
56700
140876
673628
328188
150998
634883
732121
546869
493791
987068
87998
112819
195124
931186
925791
110175
697148
663250
190429
39961
173333
824911
272889
936516
919226
81816
682197
264361
862566
566593
937121
919266
223821
610748
247453
374818
761982
495925
438039
772125
999344
526036
884943
710820
457221
327085
820994
670720
506686
527774
710680
680019
352684
983568
616534
271909
581735
298731
52622
444301
865323
989742
363566
605495
116841
127370
496665
395174
623294
934703
167298
138990
460738
568592
849809
434310
895676
670802
621381
402362
714927
332061
82380
67610
831980
215265
855870
413715
513995
908491
374367
895670
414584
254284
501164
47776
381653
997828
442950
521298
448882
126599
660287
909619
695191
510095
860280
590866
697248
481661
509579
412174
813721
591958
479783
162052
807223
852005
575766
837569
760495
466484
733238
691431
720767
750754
739206
618771
264933
698507
140069
713815
825106
316707
139785
520296
826802
65
627513
40401
481725
137092
452575
811797
245401
448709
973848
568975
300713
65966
406544
577560
532449
656133
785342
769568
923238
40899
388338
188171
739406
44758
901985
564511
361465
41769
601158
704618
558185
228670
745018
39909
882113
713944
368057
127514
162653
858257
696488
979717
924222
103031
73628
973022
275516
375321
742589
198753
416220
647279
386923
155625
692036
805259
236487
53500
847028
837644
758117
405212
582665
19487
961473
464778
733430
329529
592291
412434
704137
288778
908503
628358
908161
498482
117732
183676
873803
376672
382428
290022
23950
769351
961998
715986
90961
198484
285837
937988
36127
560306
859552
618791
579792
337376
599920
313221
183256
192210
242007
887393
997340
150509
32102
905500
648990
149833
89175
522792
42857
987954
329165
66806
273656
291162
299143
364617
489645
101332
818956
42123
661637
678507
177266
241428
532234
777185
71000
715490
485747
829358
602882
483086
979866
634983
388585
145208
301168
994111
667999
344024
498416
513516
927181
772072
804677
742676
653040
810674
844007
471995
852796
505643
666854
546413
263422
199087
839950
850773
430928
325696
680131
33809
808781
176348
185144
713717
321555
486311
224179
505906
346686
722594
19421
273866
11017
340449
532893
180408
151122
376899
168755
520270
398893
835608
66682
178666
551046
906631
29439
981974
232326
225921
15782
557458
918620
717277
271174
240175
719939
11704
262432
66624
250650
798204
856842
778018
138652
389734
958426
289774
766633
127180
810043
681877
479139
876724
860543
30184
299707
406333
528509
532032
148605
60643
605842
67224
777919
877015
823750
497858
405071
602533
564481
655720
400736
937674
950089
539388
327408
424866
829161
610392
552045
155555
292268
547535
32278
669162
577719
848336
591846
106227
380368
740450
683221
986209
324026
461140
379575
147775
958997
300997
266660
39829
473068
667395
493855
423157
206782
821262
848022
552294
948005
916419
707848
756624
463953
256478
425786
558023
104813
17631
180602
485180
274433
863822
987740
598458
324961
883667
262584
800309
184663
529243
356490
657731
196638
850344
80887
919771
187957
445260
472065
652313
361678
179912
408936
825631
436389
351073
900005
541202
885056
80606
542733
159488
944428
46825
757945
785740
930491
536880
586049
115153
582475
458890
772883
779112
825585
370121
215234
13541
815381
687298
665853
693410
383562
591140
35392
819950
942213
935397
877503
827268
16002
420236
986755
476781
983412
261051
262521
913902
314282
364921
29054
896756
823810
318289
192219
649394
204761
407453
179286
536493
94750
361490
746255
994663
952629
781646
814613
894841
717042
208467
722108
249396
145054
225214
726176
128465
2616
505048
42366
316898
386320
587772
213653
210129
422412
405872
375874
627172
813324
71511
680017
424425
433000
426271
419088
901981
207916
750052
796821
441310
958518
35281
207057
619924
776846
449584
748388
779462
954632
790754
96359
340951
894877
310011
67432
317288
232234
959657
460811
561909
547520
140827
986334
496871
83449
921773
398851
807717
671824
712024
249026
146693
263656
456082
766616
40501
905665
31356
336314
376648
338461
949024
233951
233337
775387
817734
66976
7620
777390
527786
569529
324909
184965
72214
338132
784765
993986
736982
592481
182161
449005
841506
845205
229012
813939
611821
269513
235956
159528
122178
612603
497988
71202
846553
731324
846588
664286
798299
854207
958028
842436
940087
799288
543752
12300
137419
328517
522637
390753
920997
704797
356109
278855
550002
585121
92793
678174
370985
845100
837701
493162
457703
852040
564363
820607
583363
410950
1245
898013
781509
475624
740448
721595
791263
284200
733895
445034
129068
256531
835786
50064
477680
191894
845270
544033
777014
454415
738558
147998
299514
92610
157512
273568
944649
721874
94175
528011
649176
611771
942375
430684
603746
682822
668630
395008
483373
918876
840041
612440
175407
192178
178856
169438
384072
24125
713470
677437
478539
968379
341787
294405
60988
499298
567972
5636
737523
178498
49998
386698
790268
992372
333733
910365
191545
2363
821725
191270
437590
661765
803709
612996
853943
498916
298785
754366
39393
528606
431802
34283
496984
773588
328687
557971
789237
896659
79958
526760
75156
129955
429809
381776
638678
279894
292140
830223
282256
630216
21492
236197
291981
341552
849193
662275
356820
664329
416640
396212
192935
364793
946846
689918
138381
275533
764241
443969
172191
844198
970728
763698
490505
400537
145473
645534
680430
953965
992108
479037
584180
13599
715233
392512
871503
80777
571138
744674
745106
987777
657237
454392
868922
604082
144309
523654
879614
908549
967622
568156
752747
938350
848206
759603
855238
510030
405136
52019
463994
397244
47407
564526
927194
278991
473389
315048
359768
44527
59721
621225
548655
716957
75616
933928
837391
736276
457581
233356
644825
425203
801512
913923
363552
649717
189877
735141
159746
595012
787159
140092
508607
350917
220969
435801
629907
210709
267200
506026
771587
326921
127250
836594
560229
719217
770521
913971
971845
228102
147327
616669
653304
465190
46943
533207
631258
753171
784699
307355
348182
88209
447446
373141
439125
184766
808941
69031
911827
76140
575057
683413
919412
218658
520006
995993
454227
806879
909963
426071
34980
573641
559091
204635
38830
606033
737841
670087
359203
522539
977442
223736
127099
941239
596876
566223
642357
922168
635253
554183
514660
726661
753947
434071
461671
273953
946415
915897
80831
372730
341967
632162
946370
901057
836796
985200
23441
90988
171638
898995
129878
149079
122730
256976
606670
235958
823198
249026
158125
974802
803208
672784
701463
73506
623207
163133
863810
85973
595381
460992
458702
937347
93153
405072
354755
929948
906623
378195
20935
78260
277189
150812
227339
916270
924139
350360
152227
747336
599385
826704
722138
918944
499487
939952
992449
639045
619436
856259
725018
214816
317250
183719
152162
926755
105142
506916
373054
11764
401462
393989
90024
678650
61152
833714
594919
985291
184073
263498
248978
299809
90201
971115
218752
106039
427418
727552
745084
46853
100162
986453
261668
417412
170171
930181
860518
791665
953448
233571
803428
354909
143911
409803
549910
205063
759868
661181
706705
943940
924678
472034
760100
531230
959501
978851
637268
386918
222755
898703
950123
322916
885155
728142
256679
571678
658323
117196
363342
128122
350767
683121
999383
494677
92924
65644
216091
852791
726824
439147
313083
167853
911181
73182
699082
870681
568385
852702
257598
791139
751404
724072
114054
152911
452214
370733
724588
626888
487928
87929
271361
838694
771049
270743
849723
380324
336387
65813
233115
579562
504960
62549
747415
416140
135730
962848
803172
704114
815549
577121
495252
83305
301193
125658
236215
753406
496390
960802
380293
500669
565082
651653
855715
852482
438748
705437
232806
291486
287601
982272
871047
792560
44820
618461
725051
180549
97661
528222
401015
913209
105343
412618
996513
922887
538275
749079
676292
551016
709880
572936
568037
791313
740940
423751
643795
696039
645539
876600
987524
933139
375223
858571
242051
420042
993383
483453
116942
91043
528027
34308
4252
149721
446926
517116
72607
985200
266195
748898
52568
492426
838185
620604
283739
95476
44354
927533
791515
206244
320484
779038
655734
695706
637608
414136
632099
630991
897589
265392
722033
425615
299700
242636
91687
746625
276104
164293
248176
542298
429542
300743
551075
267726
437698
834813
363201
998403
762345
154715
204646
599180
450105
376732
811237
87712
790867
443335
235054
688455
708727
473439
630421
524778
232426
722107
271402
508529
402751
35929
567178
832292
853024
118253
616369
290721
953065
979570
289124
231762
650636
10121
830941
617092
386852
642178
221156
177719
601864
456209
382525
826942
445999
529298
351719
678425
767756
139472
186953
170507
175401
754131
519150
28424
872383
135519
835496
341799
631440
640971
573560
798427
651092
920853
415519
554295
79382
636674
248365
681245
609234
630890
508187
55233
676539
376257
250009
444294
515729
953313
131152
207481
707443
650302
752256
96177
785820
587751
954328
933611
228722
527887
732037
396165
448739
147555
466811
528120
300580
715176
725717
426166
862417
750255
481398
538955
126511
247758
499600
158591
201070
630752
366071
424865
281053
118326
37393
583224
222429
991720
516834
967502
519607
765222
880018
484697
429129
346828
529169
729708
578355
254885
155873
440771
521491
153622
496077
648001
401379
512029
806592
118801
142780
689014
543665
940184
323692
97409
39759
546120
89129
72944
513621
125087
838165
909990
609783
267293
256817
655303
997001
835172
426539
669225
792294
948029
339199
804723
596030
740577
316751
918973
375729
975882
124338
435745
916065
448029
533154
472175
510500
622282
545118
540472
747368
383282
450461
873502
650575
707278
45157
163927
58801
471695
349503
367446
419724
688701
688520
15753
945630
5270
451077
321358
497503
575414
757103
413567
539795
290256
402093
50294
428889
947210
590766
692608
330492
557578
82461
497418
264855
127617
661344
840007
599312
10846
723805
19035
215899
412324
551139
161528
417594
518567
482885
431448
610332
756339
845015
150126
562946
763459
716772
991834
710669
823889
200793
41160
381466
283254
538577
162673
927222
716272
519031
526533
243469
242835
61919
459367
655159
129409
620894
589104
647975
620131
20551
258307
376469
381917
924784
939415
145376
641555
447600
856044
465443
648393
413555
363261
447998
468483
525933
375219
701106
44963
418104
944574
287798
480022
920293
459308
609431
57538
48411
773757
677668
585313
32063
54137
967230
956847
509903
628957
114753
473854
485000
96548
122246
414906
459808
86595
883388
502092
978166
584493
547054
396269
45418
351203
392642
965710
810510
518424
23248
375272
292181
217267
476937
840595
787755
444166
797441
297657
589474
428546
771511
590825
525093
410108
5730
501252
13055
405469
3343
991220
989961
550396
387488
551730
417951
780129
33792
744812
814905
573391
636436
107085
790657
113372
947679
578412
73889
261472
392420
663362
690017
680282
254186
731461
90390
776267
232712
103444
181735
236054
611015
688047
302801
998502
239776
720751
294982
789919
465563
109886
363309
618350
216970
670318
731721
681001
248729
321961
942472
157500
985322
148840
837782
755859
880300
444523
532125
113011
64318
713859
349064
675332
401905
651864
190185
158032
888967
485166
947951
870881
111404
311259
489230
844725
981576
220950
525725
746656
59262
984548
420508
44583
133387
258289
316793
13686
219163
848917
126696
799832
79127
992111
991515
481031
643975
181699
639062
49293
183216
587012
920173
294619
414623
409402
655696
912550
146703
181420
659206
205964
165968
596065
766898
299354
370705
83690
829392
589867
932606
472439
906050
11732
464550
897564
9114
624876
595614
164527
674168
778829
267891
594340
589800
682513
520093
761847
111414
666795
943266
286971
389110
625585
883035
156007
924939
253739
239696
270682
359957
688653
743120
266006
216736
207669
163569
742201
348896
275534
906727
539415
570715
690969
133754
676866
373481
170198
438712
1247
836992
381977
288217
226101
7562
171252
898459
448852
941342
654506
235885
301299
859510
979004
567304
76245
703025
247225
334797
51920
522758
757876
591335
609824
448844
241440
286689
338677
411638
725400
339923
764981
623729
144491
507434
147642
315742
405892
596493
773436
60398
832377
74734
919907
327732
158389
512504
30756
405613
847300
