1000 2676
362 200
1 200 8
1 362 50
1 650 74
2 200 59
2 362 31
3 238 73
3 274 45
3 362 79
4 200 24
4 362 10
4 883 41
5 6 66
5 200 93
5 362 43
5 365 88
5 733 4
6 200 28
6 233 30
6 362 41
7 598 13
7 619 4
7 720 70
7 841 10
8 31 58
8 200 61
8 362 34
8 729 100
9 200 79
9 296 17
9 362 36
10 148 98
10 200 27
10 362 13
10 437 68
10 814 11
11 30 34
11 42 80
11 200 50
11 449 80
11 818 22
12 200 68
12 362 73
12 721 94
12 981 37
13 227 86
13 362 46
13 563 29
13 826 92
14 200 95
14 362 58
14 573 2
14 971 54
15 200 9
15 362 45
16 50 69
16 200 91
16 362 25
16 570 97
16 949 31
17 200 4
17 362 23
17 431 67
18 362 50
18 520 25
18 623 2
18 653 54
19 200 78
19 362 9
19 979 29
20 96 34
20 200 99
20 362 82
20 497 36
21 200 14
21 299 66
21 858 15
22 200 64
22 518 37
22 602 26
23 200 70
23 362 16
23 757 95
24 200 30
24 275 2
24 344 18
24 362 96
24 637 6
25 200 5
25 362 52
25 452 99
25 890 89
25 936 24
26 200 6
26 362 83
26 424 53
26 575 67
26 606 17
26 930 38
27 200 39
27 362 45
28 163 2
28 200 98
28 362 72
29 153 29
29 200 38
29 256 59
29 984 78
30 200 98
30 242 95
30 643 5
31 49 10
31 200 32
31 362 46
31 659 76
31 755 36
32 183 99
32 200 43
32 362 100
32 503 69
33 47 13
33 200 61
33 362 58
33 605 95
33 985 9
34 82 96
34 200 69
34 362 14
34 538 31
35 200 7
35 362 63
35 459 43
36 167 66
36 200 83
36 496 53
36 507 68
36 860 22
36 866 96
37 133 13
37 200 72
37 362 2
38 200 91
38 349 32
38 362 39
38 849 58
39 63 17
39 200 91
39 362 41
39 450 80
39 928 36
40 200 7
40 362 73
40 766 99
41 200 96
41 246 20
41 835 55
42 200 24
42 362 90
42 539 61
43 199 6
43 200 27
43 362 24
43 405 7
44 200 14
44 362 71
44 715 39
45 66 95
45 85 21
45 154 45
45 207 67
45 362 35
45 985 27
46 200 95
46 381 64
46 684 39
46 967 45
47 200 91
47 275 51
47 362 60
48 82 24
48 200 48
48 362 86
49 200 18
49 362 73
50 154 40
50 200 48
50 362 86
51 163 97
51 200 86
51 362 24
51 599 21
51 945 45
52 200 69
52 362 36
53 200 16
53 243 26
53 362 35
53 715 43
54 110 12
54 200 80
54 362 53
54 782 45
54 993 96
55 196 19
55 200 97
55 362 93
56 200 16
56 362 92
56 572 34
56 841 70
57 67 98
57 87 54
57 200 48
57 647 26
58 200 11
58 362 63
59 200 12
59 362 9
59 664 78
59 990 62
60 67 26
60 200 36
60 349 69
60 538 96
60 761 77
61 200 68
61 362 40
62 115 75
62 200 32
62 362 57
63 295 2
63 362 73
63 669 61
63 867 95
64 200 85
64 216 56
64 362 90
64 813 8
65 200 16
65 340 94
65 362 70
65 574 81
66 136 56
66 362 56
66 522 7
67 123 64
67 200 3
67 358 77
67 430 9
68 200 50
68 362 32
68 540 45
69 200 39
69 315 9
69 362 98
70 93 52
70 200 50
70 225 4
70 362 32
71 149 32
71 200 15
71 362 20
71 634 76
71 982 10
72 200 81
72 664 30
73 200 24
73 362 55
74 200 61
74 362 38
75 362 46
75 623 18
75 643 26
76 200 1
76 311 57
76 503 65
76 769 98
77 151 49
77 200 5
78 153 51
78 175 51
78 200 77
78 371 13
78 394 55
78 754 98
78 850 5
79 200 82
79 362 49
79 821 66
80 200 79
80 300 100
80 362 10
80 654 30
81 200 54
81 227 84
81 362 48
81 524 8
82 200 74
82 296 23
82 362 6
82 514 77
82 885 54
83 200 25
83 362 31
84 200 67
84 362 1
84 952 45
85 362 71
86 200 86
86 362 17
86 895 99
87 200 56
87 390 34
88 200 58
88 298 77
88 818 79
89 223 67
89 362 58
89 582 12
90 200 79
90 362 15
90 635 20
91 159 38
91 200 34
91 369 92
91 403 21
91 784 63
92 200 34
92 362 98
93 200 32
93 362 89
93 799 90
94 200 74
94 339 78
94 349 5
94 362 59
94 428 1
95 200 55
95 362 61
96 200 16
96 337 48
96 362 81
97 200 31
97 362 56
97 461 47
97 985 8
98 200 39
98 362 1
99 120 27
99 149 36
99 200 58
99 362 14
100 200 15
100 362 94
101 189 61
101 200 55
101 601 19
101 664 58
101 827 86
101 965 30
101 968 16
102 200 64
102 222 3
102 362 18
103 200 44
103 362 20
103 477 68
103 743 48
104 200 70
104 362 96
105 200 4
105 362 74
105 637 4
105 737 49
106 137 86
106 200 59
106 362 60
106 604 7
106 748 31
107 200 25
107 362 33
107 702 74
108 200 4
108 362 98
109 200 21
109 362 51
110 200 32
110 242 81
111 266 4
111 362 1
111 677 21
111 683 34
111 902 59
112 200 4
112 362 77
112 391 51
112 560 35
113 200 81
113 265 80
113 362 33
113 567 75
114 200 50
114 362 43
114 388 50
114 857 72
114 865 11
115 200 80
115 362 84
116 200 71
116 362 41
117 362 24
117 420 51
117 917 72
117 961 30
118 200 19
118 362 47
119 200 100
119 362 31
119 814 22
120 200 77
120 315 25
120 362 45
121 200 59
121 362 97
122 200 72
122 362 65
122 407 61
123 200 99
123 362 52
123 597 41
124 200 4
124 362 52
124 404 2
124 681 6
125 200 81
125 362 19
126 200 75
126 661 50
126 942 14
127 200 21
127 362 26
128 200 13
128 291 84
128 362 89
128 572 18
128 722 9
129 200 51
129 245 25
129 362 96
129 874 58
130 155 12
130 200 91
130 362 67
130 845 11
131 200 94
131 362 54
131 930 66
132 200 61
132 362 43
132 419 4
133 200 53
133 290 8
133 362 42
133 408 11
133 808 1
134 200 100
134 362 28
134 491 72
134 992 88
135 200 15
135 362 26
135 998 42
136 200 18
136 362 49
136 610 43
137 196 16
137 200 75
137 362 46
138 200 74
138 299 21
139 200 12
139 526 40
139 666 55
139 758 6
140 208 30
140 362 54
140 614 90
140 718 67
141 200 57
141 299 5
141 986 61
142 362 99
142 521 93
143 153 21
143 200 17
143 362 81
143 416 68
144 185 53
144 200 40
144 362 99
144 490 2
145 362 12
145 718 17
146 158 92
146 200 72
146 362 29
146 900 72
147 294 62
147 347 46
147 362 21
147 592 41
147 795 59
147 900 54
148 200 28
148 362 51
149 200 12
149 362 64
149 579 95
150 200 34
150 362 28
150 725 28
151 571 96
151 824 32
152 200 43
152 255 17
152 326 7
152 362 16
153 200 25
153 642 2
153 690 98
153 904 62
154 173 4
154 362 25
154 812 9
155 200 37
155 274 82
155 362 16
155 974 11
156 200 17
156 362 6
157 200 74
157 321 82
157 403 21
157 642 92
157 666 70
158 200 66
158 362 28
159 200 37
159 279 29
159 362 26
159 573 85
160 200 68
160 362 50
160 751 77
161 200 47
161 362 77
161 936 67
162 200 68
162 362 21
162 454 85
162 614 92
163 200 11
163 362 59
163 717 12
164 200 45
164 261 19
164 280 19
164 362 35
164 777 26
165 175 68
165 200 90
165 362 19
165 778 15
166 200 26
166 362 19
166 374 29
166 635 30
166 749 35
166 814 28
167 200 41
167 519 55
167 540 41
167 835 97
168 200 36
168 362 84
168 705 49
168 851 66
169 200 12
169 362 53
169 414 65
170 182 77
170 257 38
170 346 76
170 362 46
170 543 11
170 948 16
171 200 93
171 284 11
171 873 48
172 200 38
172 362 100
172 546 48
172 695 16
172 837 94
172 955 80
173 200 30
173 362 65
173 815 80
174 200 2
174 362 26
174 744 90
175 200 59
175 362 34
176 200 1
176 315 90
176 362 71
176 537 18
177 200 47
177 362 39
178 261 44
178 346 39
178 362 37
178 430 22
178 477 20
178 757 97
179 200 48
179 362 89
179 633 60
179 781 88
180 200 36
180 362 36
181 200 13
181 362 85
182 202 90
182 362 85
182 729 35
183 200 68
183 362 20
183 669 16
183 895 46
184 200 77
184 350 62
184 362 26
184 719 20
185 200 32
185 362 4
185 642 99
185 644 99
185 826 40
186 200 5
186 362 4
186 642 80
186 930 66
187 200 92
187 342 8
187 822 25
188 200 66
188 209 22
188 362 55
189 200 7
189 553 51
189 684 4
189 842 33
189 865 33
190 200 42
190 362 55
190 440 78
190 555 18
191 200 1
191 362 90
191 734 66
191 823 48
192 200 23
192 362 80
192 389 18
192 580 17
192 964 49
193 200 63
193 362 30
194 200 40
194 362 9
194 816 4
195 200 58
195 362 62
196 200 53
196 362 67
197 200 22
197 362 58
197 830 97
198 200 56
198 212 31
198 362 95
198 826 56
199 341 22
199 362 13
199 624 94
199 877 28
200 201 33
200 204 45
200 205 92
200 206 99
200 208 53
200 210 57
200 211 71
200 212 4
200 213 40
200 214 15
200 216 100
200 217 67
200 218 36
200 219 22
200 220 44
200 221 53
200 222 87
200 223 20
200 224 51
200 225 11
200 226 24
200 228 70
200 229 6
200 230 44
200 231 12
200 232 32
200 233 93
200 234 17
200 235 100
200 237 72
200 240 40
200 241 71
200 242 37
200 243 92
200 244 58
200 245 34
200 246 29
200 247 78
200 248 11
200 249 84
200 250 77
200 251 90
200 252 92
200 253 35
200 254 12
200 255 5
200 256 27
200 257 92
200 258 91
200 259 23
200 260 65
200 262 91
200 263 85
200 264 14
200 265 42
200 267 28
200 269 80
200 270 85
200 271 38
200 272 71
200 275 62
200 276 82
200 277 66
200 278 3
200 279 33
200 280 33
200 282 55
200 283 60
200 284 48
200 286 78
200 287 63
200 288 11
200 289 20
200 290 51
200 291 78
200 292 42
200 293 37
200 294 21
200 296 100
200 297 13
200 298 60
200 300 57
200 301 91
200 302 53
200 303 49
200 304 15
200 305 45
200 307 19
200 308 51
200 309 2
200 310 96
200 312 22
200 313 32
200 314 2
200 315 46
200 316 62
200 318 58
200 319 11
200 320 29
200 321 6
200 322 74
200 323 38
200 324 70
200 325 97
200 326 4
200 328 22
200 329 76
200 331 19
200 332 1
200 333 90
200 334 63
200 335 55
200 336 64
200 337 44
200 338 90
200 339 51
200 340 36
200 342 16
200 345 65
200 348 95
200 349 64
200 350 59
200 351 53
200 352 93
200 354 17
200 355 15
200 356 21
200 357 61
200 358 51
200 359 69
200 360 42
200 363 48
200 364 97
200 365 88
200 366 2
200 367 35
200 368 29
200 369 72
200 370 49
200 371 76
200 372 54
200 373 72
200 374 30
200 375 94
200 376 20
200 377 72
200 378 21
200 379 65
200 380 80
200 381 31
200 382 11
200 383 81
200 384 14
200 385 43
200 386 39
200 387 83
200 388 45
200 389 29
200 390 94
200 391 76
200 392 81
200 393 1
200 394 97
200 395 48
200 396 71
200 397 88
200 398 44
200 399 34
200 400 53
200 401 62
200 402 25
200 403 1
200 404 81
200 405 79
200 407 58
200 408 24
200 409 99
200 410 15
200 411 46
200 412 63
200 413 10
200 414 11
200 415 50
200 416 19
200 417 91
200 418 56
200 419 44
200 421 56
200 422 86
200 423 35
200 424 76
200 425 22
200 426 52
200 427 27
200 428 52
200 431 60
200 432 84
200 434 15
200 435 38
200 436 80
200 437 99
200 438 1
200 439 38
200 440 86
200 441 79
200 442 85
200 443 43
200 444 16
200 445 61
200 446 68
200 447 41
200 448 8
200 449 67
200 450 29
200 451 63
200 452 64
200 453 70
200 454 91
200 455 24
200 456 79
200 457 14
200 458 62
200 459 11
200 460 41
200 461 79
200 462 1
200 463 95
200 464 8
200 465 57
200 468 52
200 469 87
200 470 32
200 471 45
200 472 40
200 473 77
200 474 85
200 475 53
200 476 9
200 480 15
200 481 55
200 482 20
200 483 29
200 484 72
200 485 71
200 486 64
200 487 48
200 488 25
200 489 44
200 490 55
200 491 9
200 492 82
200 493 53
200 494 89
200 495 64
200 496 60
200 497 20
200 498 80
200 499 57
200 500 62
200 501 88
200 502 54
200 503 100
200 506 89
200 507 45
200 508 81
200 509 67
200 510 84
200 512 75
200 513 37
200 514 10
200 515 68
200 516 35
200 518 40
200 519 85
200 523 52
200 524 50
200 525 67
200 526 68
200 527 11
200 528 90
200 529 28
200 530 74
200 531 82
200 534 96
200 535 37
200 536 75
200 537 36
200 538 32
200 539 73
200 540 29
200 543 99
200 544 71
200 545 88
200 546 98
200 549 90
200 551 47
200 552 91
200 553 12
200 554 13
200 555 64
200 556 13
200 557 82
200 558 52
200 559 31
200 560 22
200 561 14
200 562 29
200 564 51
200 565 1
200 566 60
200 567 55
200 568 93
200 569 95
200 570 31
200 572 33
200 573 60
200 574 78
200 575 80
200 576 33
200 577 73
200 578 84
200 579 82
200 580 54
200 581 23
200 583 22
200 584 57
200 585 19
200 586 92
200 587 1
200 588 97
200 589 21
200 590 5
200 591 100
200 592 30
200 593 45
200 594 76
200 595 71
200 596 17
200 597 100
200 599 81
200 600 19
200 601 89
200 602 53
200 603 29
200 604 1
200 605 63
200 606 41
200 607 50
200 609 86
200 610 84
200 611 16
200 612 60
200 613 79
200 614 60
200 615 62
200 616 83
200 617 49
200 618 55
200 620 41
200 621 82
200 622 71
200 624 29
200 625 52
200 627 45
200 628 70
200 629 96
200 630 70
200 631 11
200 632 73
200 633 24
200 634 26
200 635 20
200 636 51
200 637 32
200 638 44
200 640 47
200 641 70
200 642 71
200 644 95
200 645 11
200 646 93
200 647 65
200 648 25
200 649 62
200 650 20
200 653 21
200 654 63
200 655 62
200 656 26
200 657 35
200 658 50
200 659 91
200 660 23
200 661 61
200 662 94
200 664 29
200 665 23
200 666 82
200 667 67
200 668 69
200 670 24
200 671 23
200 672 40
200 673 18
200 674 94
200 675 65
200 676 79
200 678 57
200 679 72
200 680 42
200 681 56
200 682 37
200 684 90
200 685 29
200 686 21
200 687 3
200 688 13
200 689 17
200 690 48
200 692 47
200 693 52
200 694 73
200 695 12
200 696 24
200 697 37
200 698 6
200 700 8
200 701 34
200 702 67
200 704 54
200 707 13
200 708 26
200 709 41
200 710 54
200 711 58
200 712 34
200 713 96
200 714 40
200 715 52
200 716 59
200 717 95
200 719 61
200 721 39
200 722 30
200 723 76
200 724 99
200 725 93
200 726 34
200 727 63
200 728 77
200 729 37
200 730 47
200 731 74
200 733 65
200 734 85
200 735 93
200 736 20
200 737 43
200 738 29
200 739 60
200 740 63
200 741 46
200 742 17
200 743 28
200 744 73
200 745 49
200 746 1
200 747 71
200 748 99
200 749 93
200 750 46
200 751 29
200 752 1
200 753 44
200 754 93
200 755 64
200 757 84
200 758 73
200 759 2
200 760 10
200 761 22
200 763 87
200 764 14
200 765 70
200 766 32
200 767 58
200 768 20
200 769 87
200 770 57
200 771 17
200 772 55
200 773 55
200 775 15
200 776 16
200 778 38
200 779 67
200 780 98
200 781 78
200 782 61
200 783 13
200 784 92
200 785 32
200 787 75
200 788 64
200 789 78
200 790 25
200 791 85
200 793 34
200 794 51
200 796 28
200 797 100
200 798 30
200 799 10
200 800 45
200 802 65
200 803 52
200 804 13
200 805 80
200 806 35
200 808 8
200 809 84
200 810 1
200 811 60
200 812 11
200 813 54
200 814 92
200 815 22
200 816 26
200 817 54
200 819 30
200 820 97
200 821 54
200 822 62
200 823 59
200 825 92
200 826 64
200 827 21
200 828 69
200 829 88
200 830 27
200 832 73
200 833 20
200 834 42
200 835 5
200 836 52
200 837 93
200 838 46
200 839 71
200 840 75
200 842 63
200 843 77
200 844 18
200 845 27
200 846 14
200 847 45
200 849 72
200 851 80
200 852 36
200 854 30
200 855 89
200 856 49
200 857 79
200 858 18
200 859 24
200 860 39
200 861 9
200 862 30
200 863 27
200 864 69
200 866 7
200 868 100
200 869 56
200 871 30
200 872 77
200 873 89
200 874 97
200 876 20
200 877 65
200 878 38
200 879 17
200 881 19
200 882 92
200 883 84
200 884 99
200 885 21
200 886 49
200 887 62
200 888 52
200 889 19
200 890 78
200 891 47
200 892 62
200 894 79
200 895 29
200 896 64
200 897 36
200 898 7
200 899 9
200 900 69
200 901 80
200 904 20
200 905 24
200 906 78
200 907 93
200 909 54
200 910 79
200 911 54
200 912 96
200 913 72
200 914 76
200 917 5
200 918 63
200 920 33
200 921 20
200 922 32
200 923 36
200 924 69
200 926 69
200 927 11
200 928 35
200 930 71
200 931 79
200 932 66
200 933 46
200 934 80
200 935 76
200 936 28
200 937 88
200 940 64
200 941 38
200 942 67
200 943 35
200 944 84
200 945 76
200 946 85
200 949 56
200 950 57
200 953 100
200 954 65
200 955 94
200 957 87
200 960 34
200 961 25
200 962 48
200 963 95
200 964 31
200 965 68
200 966 66
200 967 11
200 968 83
200 969 6
200 970 15
200 972 53
200 973 42
200 974 86
200 975 92
200 976 7
200 977 61
200 978 61
200 979 13
200 980 4
200 981 31
200 982 86
200 983 1
200 984 86
200 986 68
200 988 85
200 989 89
200 990 1
200 991 87
200 992 1
200 994 96
200 995 100
200 996 3
200 997 29
200 998 84
200 1000 18
201 362 37
201 609 3
202 361 90
202 362 79
202 759 26
203 362 90
203 427 23
203 466 96
203 626 6
203 706 20
204 362 92
205 334 22
205 942 75
206 253 15
206 362 63
206 586 7
206 750 84
207 362 27
208 252 20
208 365 2
208 386 31
208 712 45
208 786 76
209 239 59
209 353 63
209 362 32
210 362 37
211 362 21
211 486 9
211 994 25
212 362 48
212 587 9
212 705 12
213 246 98
213 362 1
213 952 15
214 362 97
215 362 100
215 691 46
216 284 34
216 362 63
216 478 40
217 362 55
217 868 22
218 362 87
218 877 37
219 362 11
219 914 63
220 362 74
220 913 94
221 362 36
221 809 89
221 926 72
222 291 39
222 362 22
223 239 92
223 362 14
223 752 61
223 854 58
223 901 93
224 835 44
225 359 76
225 362 69
226 297 14
226 357 16
226 362 37
226 933 92
227 264 48
227 362 70
227 732 33
227 987 35
228 362 29
229 362 44
230 362 80
230 622 7
231 362 55
232 362 8
232 977 38
233 362 4
233 684 22
234 265 48
234 362 35
235 362 50
235 524 17
235 629 60
236 908 39
236 958 51
237 362 84
237 928 87
238 362 97
238 549 86
239 362 25
239 985 23
240 326 64
240 362 82
241 362 13
241 837 52
242 327 3
242 582 96
242 721 37
242 950 55
243 362 9
243 602 81
243 986 32
244 362 31
244 997 96
245 362 15
245 628 13
246 445 37
246 528 38
247 362 10
247 370 86
247 941 20
248 362 82
248 783 11
248 923 9
249 362 10
249 435 40
250 271 68
250 349 20
250 362 67
251 432 100
251 544 21
251 811 16
252 362 78
252 385 23
252 651 43
253 362 81
254 277 82
254 362 86
254 565 31
255 362 26
255 766 37
256 325 95
257 362 46
258 362 3
258 529 34
259 362 81
259 688 57
260 362 35
260 949 18
261 362 82
262 299 82
262 388 59
263 316 6
263 362 93
263 588 61
263 620 52
264 362 2
264 644 43
265 362 45
265 676 36
266 362 56
267 362 73
268 343 44
268 359 23
268 362 14
269 362 42
269 657 82
269 716 80
270 362 19
270 404 61
270 419 30
270 867 56
271 295 83
271 362 65
272 362 33
272 371 14
273 362 96
273 850 29
274 362 5
274 381 56
274 870 12
275 362 82
275 570 11
276 362 5
277 296 52
277 362 17
277 555 62
277 597 65
277 779 6
278 340 23
278 362 14
278 830 44
279 362 37
280 362 19
281 331 95
281 362 89
281 477 44
281 870 40
281 915 3
282 362 44
282 461 71
282 924 20
283 362 13
284 372 18
284 496 33
284 556 83
284 826 98
285 362 60
285 639 74
286 362 91
287 362 20
287 879 11
288 362 12
288 549 16
289 682 79
289 746 43
290 362 46
290 401 71
290 758 63
290 972 9
291 362 84
291 748 100
292 362 10
292 387 14
292 649 51
293 362 52
294 362 66
295 341 3
295 349 18
295 362 54
295 916 100
296 362 17
296 905 85
297 362 70
298 307 43
298 361 4
298 654 16
299 550 30
299 818 58
300 362 83
300 596 65
301 362 53
301 396 55
302 362 27
302 742 28
303 362 56
303 485 60
304 362 53
305 362 87
305 803 23
305 924 30
305 975 87
306 663 50
306 683 80
306 824 99
308 330 91
308 335 4
308 362 87
309 362 44
310 362 28
310 448 86
311 362 99
311 651 88
312 362 18
312 659 32
313 362 77
313 384 62
313 907 64
314 444 15
314 664 84
315 362 33
316 362 23
316 368 12
316 855 92
317 362 72
317 762 43
318 362 34
318 449 54
318 599 31
318 779 81
319 362 5
320 362 16
320 382 88
321 362 11
321 771 82
322 362 59
323 362 87
324 362 34
324 446 41
326 362 60
326 739 37
327 362 63
327 916 39
327 926 55
328 402 27
328 462 27
328 666 13
329 362 96
329 371 22
329 549 78
329 684 42
329 777 59
330 362 55
330 818 21
330 939 98
331 362 28
331 806 52
332 362 63
332 573 33
332 975 38
333 362 5
334 773 58
335 362 6
335 614 8
336 362 44
336 645 59
336 855 40
337 362 44
337 636 98
337 645 82
338 503 66
338 937 58
339 362 6
340 362 18
340 394 13
340 964 25
341 362 85
341 627 60
342 449 100
342 669 17
343 362 41
343 582 52
343 659 47
344 362 23
344 916 94
345 362 16
345 516 50
346 362 62
346 511 50
346 608 32
347 353 97
347 362 24
347 651 97
347 680 45
347 853 51
348 362 39
348 581 32
348 591 60
349 362 36
350 362 66
351 362 2
351 877 88
352 362 38
353 362 49
353 731 21
354 362 25
354 478 95
355 496 76
355 595 4
356 362 90
357 362 87
357 673 46
358 647 44
358 655 58
359 362 33
360 691 62
361 362 79
362 363 5
362 364 3
362 366 32
362 367 21
362 368 87
362 370 31
362 371 44
362 373 68
362 374 49
362 375 45
362 376 18
362 377 50
362 378 26
362 379 74
362 380 64
362 382 17
362 383 81
362 384 49
362 385 80
362 386 58
362 387 15
362 388 6
362 389 90
362 390 8
362 391 6
362 393 28
362 395 15
362 396 16
362 397 9
362 398 98
362 399 50
362 400 96
362 401 30
362 402 27
362 404 67
362 405 99
362 406 86
362 407 63
362 408 19
362 409 54
362 410 80
362 411 4
362 412 84
362 413 24
362 414 60
362 415 22
362 416 75
362 417 35
362 418 76
362 419 3
362 420 37
362 421 80
362 422 16
362 423 51
362 424 14
362 425 51
362 426 93
362 427 49
362 428 84
362 430 82
362 431 48
362 432 9
362 434 7
362 435 79
362 436 7
362 437 68
362 438 15
362 439 11
362 440 71
362 441 59
362 442 18
362 443 47
362 446 5
362 447 57
362 448 64
362 450 38
362 451 99
362 452 35
362 453 57
362 454 9
362 455 13
362 456 14
362 457 81
362 458 25
362 459 5
362 460 14
362 461 74
362 463 63
362 465 80
362 466 78
362 467 70
362 468 48
362 469 32
362 470 54
362 472 34
362 473 40
362 474 21
362 476 95
362 477 98
362 478 25
362 480 72
362 481 59
362 482 21
362 483 49
362 484 19
362 485 2
362 486 18
362 487 93
362 488 14
362 489 81
362 490 57
362 491 41
362 492 95
362 493 69
362 494 71
362 495 64
362 498 50
362 499 35
362 500 26
362 501 72
362 502 92
362 504 51
362 505 18
362 506 11
362 508 55
362 509 26
362 510 2
362 511 95
362 512 93
362 513 35
362 514 71
362 515 47
362 516 88
362 520 22
362 521 66
362 522 90
362 523 72
362 524 66
362 525 61
362 526 11
362 527 76
362 529 10
362 530 95
362 531 24
362 532 35
362 533 75
362 534 15
362 535 95
362 536 24
362 537 76
362 538 78
362 539 58
362 541 28
362 542 23
362 543 75
362 545 73
362 546 40
362 547 40
362 548 84
362 549 18
362 551 31
362 552 91
362 554 7
362 555 97
362 556 13
362 557 96
362 558 39
362 559 17
362 560 22
362 561 85
362 562 28
362 563 79
362 564 61
362 565 73
362 566 88
362 567 36
362 568 82
362 569 27
362 570 95
362 572 31
362 573 96
362 574 59
362 575 20
362 576 13
362 577 44
362 578 13
362 579 7
362 580 29
362 581 94
362 582 27
362 583 27
362 584 27
362 585 34
362 586 82
362 587 97
362 588 93
362 589 62
362 590 10
362 591 78
362 593 25
362 594 23
362 596 41
362 597 53
362 600 16
362 602 81
362 603 93
362 604 52
362 605 53
362 606 74
362 607 78
362 608 18
362 609 27
362 610 66
362 612 62
362 613 40
362 614 50
362 616 8
362 617 20
362 618 31
362 619 77
362 620 26
362 621 82
362 622 28
362 623 60
362 624 98
362 625 94
362 626 26
362 627 30
362 628 23
362 629 49
362 631 54
362 632 80
362 633 69
362 634 28
362 635 25
362 636 32
362 638 78
362 640 7
362 641 1
362 642 73
362 643 2
362 644 31
362 645 99
362 646 78
362 648 50
362 650 95
362 651 28
362 652 53
362 653 60
362 654 78
362 656 71
362 657 52
362 659 25
362 660 85
362 665 21
362 667 16
362 668 20
362 669 78
362 671 96
362 672 96
362 673 65
362 675 1
362 676 19
362 677 18
362 678 24
362 679 18
362 680 55
362 681 69
362 682 88
362 683 76
362 685 14
362 686 23
362 687 58
362 688 17
362 689 83
362 692 43
362 694 63
362 695 9
362 696 41
362 697 6
362 698 71
362 699 7
362 700 2
362 701 20
362 702 21
362 703 63
362 704 18
362 705 36
362 706 53
362 707 95
362 708 36
362 709 11
362 711 32
362 713 64
362 714 52
362 715 48
362 716 52
362 717 11
362 718 50
362 719 48
362 720 35
362 722 49
362 723 24
362 724 89
362 725 72
362 726 33
362 727 60
362 728 57
362 729 46
362 730 3
362 731 24
362 732 90
362 733 20
362 734 95
362 735 87
362 736 8
362 737 93
362 738 1
362 739 47
362 740 2
362 742 66
362 743 45
362 744 57
362 745 75
362 747 18
362 748 76
362 749 96
362 750 67
362 751 65
362 752 92
362 753 92
362 755 41
362 756 57
362 757 60
362 758 98
362 759 98
362 760 10
362 761 64
362 762 23
362 763 86
362 764 100
362 765 20
362 766 21
362 768 93
362 770 49
362 771 54
362 772 77
362 774 77
362 775 34
362 776 98
362 777 94
362 778 4
362 779 9
362 780 75
362 781 67
362 782 4
362 783 31
362 785 82
362 787 87
362 788 26
362 789 70
362 790 26
362 791 59
362 792 86
362 794 100
362 795 22
362 796 15
362 797 61
362 798 57
362 799 73
362 800 54
362 801 54
362 802 76
362 803 82
362 804 56
362 805 63
362 806 49
362 807 46
362 808 53
362 809 71
362 812 32
362 813 1
362 814 64
362 815 48
362 816 20
362 819 71
362 820 2
362 821 60
362 822 83
362 823 80
362 825 97
362 826 30
362 828 2
362 829 57
362 830 31
362 831 82
362 832 21
362 833 63
362 834 52
362 836 46
362 837 71
362 838 55
362 840 58
362 841 94
362 843 16
362 845 9
362 846 62
362 847 67
362 849 74
362 851 79
362 852 87
362 853 31
362 854 53
362 855 27
362 856 80
362 857 11
362 859 33
362 860 52
362 861 73
362 862 2
362 863 88
362 864 80
362 865 9
362 866 38
362 867 37
362 868 3
362 869 79
362 872 24
362 874 89
362 875 75
362 876 10
362 877 97
362 878 24
362 879 63
362 880 24
362 881 47
362 882 80
362 883 56
362 885 75
362 886 23
362 888 32
362 889 58
362 890 72
362 891 80
362 892 95
362 893 28
362 894 57
362 895 37
362 896 17
362 897 48
362 898 14
362 899 85
362 900 58
362 901 61
362 902 58
362 903 1
362 905 37
362 906 14
362 907 34
362 909 76
362 910 11
362 911 63
362 912 67
362 913 7
362 914 9
362 915 8
362 916 74
362 917 38
362 918 97
362 920 56
362 921 25
362 922 67
362 923 9
362 924 34
362 925 62
362 926 58
362 927 72
362 928 77
362 929 15
362 930 15
362 931 90
362 932 36
362 933 60
362 934 39
362 935 95
362 936 61
362 938 28
362 939 44
362 940 43
362 941 56
362 943 22
362 944 12
362 945 81
362 946 13
362 947 10
362 948 91
362 949 84
362 950 46
362 951 39
362 952 35
362 953 39
362 954 65
362 956 82
362 957 41
362 959 51
362 960 19
362 961 76
362 962 99
362 963 75
362 964 88
362 965 43
362 967 89
362 968 21
362 969 83
362 970 6
362 971 35
362 972 21
362 973 47
362 974 4
362 975 21
362 976 51
362 977 76
362 978 63
362 979 43
362 981 71
362 982 39
362 983 43
362 985 16
362 986 36
362 987 78
362 988 35
362 989 68
362 990 75
362 991 81
362 992 91
362 993 97
362 994 7
362 995 82
362 996 44
362 997 73
362 998 56
362 999 39
362 1000 76
363 962 21
364 503 76
366 627 87
366 803 98
367 667 6
368 673 38
369 670 96
369 797 84
371 556 96
371 694 77
371 708 84
371 735 83
372 475 28
373 671 52
374 748 100
374 856 6
374 983 52
374 990 78
375 552 7
375 956 91
377 564 96
377 884 97
378 913 62
378 941 32
379 526 26
379 814 7
379 897 80
381 747 71
381 820 25
381 870 58
384 998 23
385 1000 54
386 529 74
387 761 81
387 890 4
389 821 84
389 828 35
390 886 83
390 972 58
391 572 64
392 620 42
392 904 38
393 860 30
394 741 88
397 523 87
397 601 52
397 803 95
398 415 23
398 509 31
398 714 31
399 422 55
400 628 7
401 917 20
403 791 18
406 505 84
409 765 40
410 580 14
410 998 93
411 681 40
411 798 45
412 905 69
414 426 84
414 504 30
415 523 66
415 620 6
415 945 88
416 999 41
417 733 88
420 643 98
420 699 80
420 865 69
420 895 64
421 632 1
422 654 100
422 961 48
423 549 2
423 910 89
424 425 6
424 726 21
424 755 45
425 524 73
425 811 77
426 830 31
426 992 20
428 544 70
428 644 89
429 639 30
429 663 53
430 880 33
431 788 59
432 707 8
432 813 82
433 691 63
433 958 17
434 838 10
435 460 46
435 711 49
435 787 86
437 505 9
438 469 14
440 838 68
442 890 6
442 991 15
444 552 55
444 769 36
445 917 71
446 519 64
447 799 80
448 636 59
449 769 40
451 923 60
452 805 46
453 676 24
454 505 49
457 606 45
457 629 78
459 594 38
460 972 92
461 728 43
461 899 99
462 966 78
464 848 5
465 765 83
466 774 57
467 599 76
467 777 34
467 892 11
468 646 93
471 811 71
471 866 71
471 871 54
475 951 54
478 801 29
479 518 29
479 639 74
480 763 83
480 917 72
481 806 1
483 685 6
485 733 56
485 758 22
486 840 85
487 894 35
488 658 48
488 918 29
489 725 89
490 779 86
491 716 9
492 727 59
493 574 75
493 830 24
496 742 62
497 507 73
497 885 25
498 929 36
499 577 90
501 866 57
503 917 45
504 956 99
505 659 48
509 668 96
510 677 68
511 659 84
511 959 77
512 926 44
512 983 37
515 933 38
517 550 47
517 599 63
517 817 58
517 870 43
518 662 97
519 839 4
521 659 82
522 683 82
522 934 95
522 952 89
524 577 5
526 713 56
532 548 88
532 669 84
533 659 18
533 887 66
534 856 94
535 825 57
536 553 39
537 643 52
540 858 88
541 720 91
542 777 81
545 934 33
547 807 27
548 643 30
549 554 8
549 795 15
550 786 18
550 971 26
551 572 39
553 658 27
553 781 46
553 891 58
553 972 26
553 980 8
554 679 80
554 954 52
555 587 42
555 597 60
557 564 82
557 995 66
560 675 26
561 855 95
561 986 94
564 700 65
565 922 64
565 970 30
569 581 2
571 818 73
576 923 41
577 625 54
577 837 30
578 697 33
578 864 81
579 879 60
580 911 75
580 957 41
583 822 77
585 692 90
585 701 5
585 809 19
585 937 69
586 904 87
587 774 67
590 795 63
590 881 75
592 674 99
592 784 22
593 681 28
594 718 16
595 691 28
595 693 42
595 746 10
596 767 59
596 976 36
597 782 66
598 611 62
598 652 62
598 870 33
598 929 73
598 999 20
599 887 95
600 735 4
601 773 55
604 701 32
607 635 17
610 657 5
610 944 84
611 701 75
612 833 14
615 630 12
616 968 45
616 998 9
617 640 60
621 806 6
623 951 73
624 957 93
625 890 73
625 984 16
626 865 30
626 895 14
629 835 44
630 690 81
630 810 10
632 715 6
633 636 85
637 810 50
638 676 12
638 713 10
641 813 84
641 815 49
641 836 86
642 750 8
642 884 61
645 756 81
648 981 90
648 992 64
649 810 34
651 713 67
651 993 86
652 925 1
659 703 86
659 740 43
659 955 75
660 855 92
662 674 64
663 807 94
663 875 4
670 815 99
673 946 64
674 848 62
676 975 92
678 878 78
681 949 90
683 828 98
683 867 30
686 837 13
687 993 70
688 694 61
691 710 32
692 926 66
693 783 12
694 711 14
695 753 97
695 930 51
697 897 5
698 982 24
700 812 89
700 847 23
702 921 21
702 932 17
704 737 66
704 933 78
705 938 73
708 890 13
709 782 81
713 715 77
714 998 1
715 979 42
716 849 19
716 907 76
718 919 20
718 923 44
719 965 64
721 826 82
722 761 59
724 797 83
726 934 68
727 753 53
727 894 52
736 759 62
738 748 96
739 996 18
747 838 30
749 957 28
751 977 92
754 901 87
755 809 61
756 777 57
756 974 93
762 783 2
762 893 40
762 925 12
762 987 85
763 893 71
764 832 14
767 955 71
773 844 9
774 897 86
777 916 21
779 974 58
781 787 46
786 853 98
786 919 80
792 865 100
792 947 3
793 827 84
796 822 68
801 803 20
801 813 70
801 971 38
803 975 30
812 983 100
817 855 19
817 884 19
819 962 6
827 842 16
831 850 38
840 982 16
841 845 30
843 979 25
844 955 16
848 850 67
848 880 73
848 908 97
850 919 61
858 958 79
861 890 80
863 967 72
869 964 25
871 887 46
872 925 81
877 891 78
880 956 59
888 935 55
895 969 16
897 1000 9
903 914 22
903 948 9
907 954 46
908 938 53
908 971 96
915 967 12
