10269
6917
14711
23047
28434
28927
35577
36999
39362
39390
48081
48141
55905
59832
60373
63800
72973
78710
83922
89291
91859
98289
104072
105603
108466
113590
117658
120794
124724
134527
138550
141609
144679
152847
154241
162698
167710
175753
181983
189357
193779
198699
202484
211022
216221
220546
228862
233233
239647
243174
249266
258247
268204
270078
276941
286112
293109
300391
302697
303623
310708
317036
317373
323879
324726
326456
327770
333628
339753
343649
353232
353778
362593
365961
371396
371761
375805
379556
380644
387453
394730
401909
407698
411283
416687
419339
422094
424494
434427
439488
449165
452534
460274
460287
466514
475101
483196
490736
491532
492103
493538
493917
501385
507987
508085
510988
514306
514799
521452
522209
529511
529792
534079
543521
547387
557077
565522
572142
580583
585313
593345
601463
609561
615333
619815
620491
621201
630129
634697
642554
652052
654406
658993
665959
671266
675950
682170
690795
692324
695196
700929
709759
719263
719283
727554
730923
740632
747348
753689
761839
769636
770360
772979
775225
778072
781524
784446
788002
790382
797871
805636
813865
823707
826058
831252
832753
839788
847553
847678
852593
859581
865438
869182
875674
877902
886268
896128
898065
899498
902050
908488
917717
920993
926401
927876
933998
942857
947253
953283
954521
962757
966551
972370
976799
982943
983955
989884
999414
1008191
1010596
1015040
1020804
1025418
1029957
1038564
1045405
1048310
1053129
1058258
1058947
1066317
1074235
1084153
1091150
1094475
1102219
1111690
1113874
1122365
1127865
1137638
1144364
1150009
1155600
1163106
1171246
1174201
1183988
1191658
1199741
1208284
1216749
1216947
1226455
1235811
1244616
1250965
1259577
1263200
1271029
1280329
1287673
1293420
1298989
1303330
1308753
1312065
1315876
1323482
1325284
1330946
1334677
1339556
1340862
1350183
1358920
1368365
1376992
1385515
1388981
1395690
1399107
1407390
1410649
1413574
1421212
1423275
1428900
1431501
1433538
1436991
1438891
1448271
1453822
1461291
1461363
1462337
1469469
1473351
1478282
1487216
1493111
1501772
1501936
1509136
1517118
1526018
1529015
1531975
1535749
1538563
1548232
1555423
1556519
1559446
1565913
1570998
1572339
1574430
1582115
1585492
1591035
1596972
1606080
1613526
1623283
1632463
1640882
1647770
1657183
1660532
1662705
1664365
1666375
1668712
1673923
1680266
1687854
1696061
1705363
1713077
1720450
1725772
1727028
1731848
1736448
1744170
1754075
1760015
1769827
1773768
1779436
1781142
1787371
1788499
1797650
1803635
1810294
1814215
1823440
1825863
1833133
1834530
1838612
1844243
1844328
1853621
1855594
1863267
1867118
1874744
1880130
1881353
1890653
1897294
1903337
1907236
1907950
1910249
1916440
1916965
1919556
1927766
1936348
1945168
1954505
1962238
1963394
1969389
1977394
1977774
1982544
1987818
1989595
1998446
2005702
2007563
2015706
2021286
2027171
2029165
2032371
2039993
2049561
2052066
2052680
2054642
2057397
2058724
2062984
2071929
2080132
2083335
2086842
2093627
2095649
2098492
2099361
2108890
2114080
2122953
2132862
2142821
2143320
2151357
2160166
2167920
2174169
2177473
2180807
2182941
2184590
2187481
2197236
2204804
2206551
2206920
2216450
2220951
2228998
2232787
2242585
2248835
2255826
2259130
2262164
2267528
2270026
2270280
2275173
2282860
2291986
2293139
2297136
2303112
2312301
2321459
2325189
2330626
2333087
2336502
2340424
2340885
2347190
2347219
2355247
2363298
2370047
2377604
2386507
2391302
2399000
2407700
2408744
2409784
2411787
2412216
2418620
2423121
2423803
2431451
2439990
2446150
2451302
2453838
2455973
2460313
2462006
2464222
2470350
2470855
2476485
2476535
2477500
2485786
2492216
2497560
2503896
2507074
2509975
2515214
2523186
2530136
2530426
2535794
2543783
2546076
2551872
2552616
2555761
2558591
2566982
2568665
2574006
2577548
2578118
2581945
2586178
2588440
2594483
2594844
2603962
2611986
2618748
2618830
2625140
2628331
2633757
2642754
2649122
2653800
2658035
2658726
2660353
2664878
2670936
2680551
2683720
2691926
2692285
2698598
2705985
2711086
2715433
2718160
2723155
2728072
2734625
2740204
2743734
2752681
2754972
2757620
2764591
2773643
2782724
2792356
2800950
2801808
2810436
2811749
2813636
2822851
2831207
2834720
2834811
2839224
2848704
2858315
2867285
2873475
2875750
2882106
2889748
2896369
2901803
2910791
2918680
2927019
2931586
2939357
2946642
2953499
2953917
2954524
2956785
2962635
2962873
2970079
2973139
2978357
2986876
2991822
2992606
2999480
3007939
3008813
3016451
3020741
3021225
3027833
3028312
3031070
3040385
3044857
3050587
3051688
3055148
3058767
3068206
3076232
3077621
3080696
3081930
3090088
3093770
3097264
3097623
3097894
3098594
3102012
3103852
3109422
3117786
3120409
3129204
3132378
3142226
3148658
3156121
3162804
3172195
3176488
3182280
3187338
3192454
3193976
3200134
3208709
3210201
3212149
3215101
3224333
3229355
3229893
3233634
3238689
3242720
3246819
3252145
3253227
3260744
3264261
3267264
3269496
3275636
3277433
3282838
3285177
3289758
3298977
3307999
3311970
3321833
3326646
3332026
3337004
3339690
3341227
3351132
3355309
3358793
3368001
3377761
3382619
3392364
3395864
3405776
3405904
3409855
3415092
3422653
3430472
3435578
3436142
3436192
3437437
3446149
3447955
3457890
3461182
3468558
3477514
3481129
3484719
3488488
3497482
3502401
3505207
3512090
3516913
3523896
3530614
3534645
3537739
3539314
3539441
3546035
3547522
3547776
3548320
3551395
3559210
3563924
3572104
3580482
3585245
3591021
3598110
3601030
3606741
3613474
3613769
3614787
3615134
3615370
3616508
3622200
3627354
3631298
3633872
3640201
3641127
3650419
3657130
3661149
3668367
3675204
3682168
3687224
3694315
3698174
3706305
3711210
3719782
3722444
3732078
3741764
3746554
3749628
3752233
3759085
3768891
3778142
3786011
3792515
3802001
3811008
3813204
3817844
3820794
3821915
3822883
3823110
3829874
3837552
3838149
3842131
3842997
3850558
3859595
3867551
3875322
3878841
3888053
3894396
3896929
3902126
3904506
3911828
3920099
3925084
3929257
3933685
3937920
3939961
3947245
3947318
3954717
3960548
3961612
3961960
3968911
3970942
3971516
3975231
3981291
3988814
3992862
3999787
4004870
4014306
4015539
4024744
4027699
4028143
4030042
4035529
4041170
4045449
4054609
4054872
4064135
4073819
4074861
4084710
4086434
4094759
4101032
4110155
4114310
4121646
4127468
4134926
4144292
4147040
4148212
4149989
4150259
4155478
4164180
4165884
4170538
4180472
4181380
4185340
4192069
4194876
4200674
4209395
4216480
4217789
4223124
4225823
4226815
4233192
4242091
4244807
4245860
4251032
4259222
4260782
4263289
4267300
4276317
4284542
4287652
4294192
4294193
4297572
4305682
4310736
4315818
4324933
4326272
4332262
4341689
4349757
4354905
4360129
4366917
4369149
4375682
4377805
4379087
4382963
4387814
4387994
4394585
4396840
4402191
4403323
4407137
4414995
4416490
4425672
4431754
4436358
4442079
4444513
4452496
4452678
4460166
4469582
4478879
4487705
4493110
4501833
4508726
4509278
4509576
4509609
4518744
4521926
4530433
4530849
4537907
4547616
4548212
4558212
4560175
4562473
4569957
4575734
4575889
4584867
4586177
4588765
4598698
4602081
4607103
4611370
4614934
4623795
4627478
4636690
4644376
4653463
4657749
4658680
4664671
4669255
4676570
4678047
4682164
4687985
4689878
4697404
4702933
4711773
4719299
4726790
4727927
4729288
4738907
4746551
4746889
4747818
4754401
4761023
4765334
4773290
4774179
4778405
4785221
4789792
4793230
4794084
4794093
4801816
4803600
4805951
4814609
4823707
4827535
4836662
4837932
4840004
4846656
4849806
4850717
4851246
4851886
4860285
4862174
4868785
4871179
4879757
4883648
4892625
4897825
4902378
4909310
4915398
4924176
4924276
4924934
4933501
4934454
4941472
4944114
4946850
4956219
4957518
4965703
4968899
4975676
4981482
4986749
4990178
4999133
5001662
5001971
5011565
5018844
5021042
5023598
5033271
5034046
5040492
5045493
5047819
5048817
5057101
5065514
5071642
5080025
5085447
5090141
5099476
5101916
5109251
5117673
5125833
5130819
5133777
5135132
5136894
5145657
5148630
5150172
5157889
5159742
5161593
5165256
5170739
5171139
5177357
5182512
5183686
5192702
5199209
5209061
5215426
5220217
5228481
5230973
5234146
5234184
5237722
5246582
5255411
5256283
5263564
5270552
5276409
5283000
5291342
5295313
5300666
5308332
5313844
5316914
5326432
5333794
5336878
5338230
5342343
5351644
5358151
5359790
5364458
5373823
5375313
5376346
5380501
5386606
5396482
5400162
5406304
5409717
5412256
5417226
5417863
5424034
5425991
5428836
5431597
5438247
5445062
5449528
5453843
5456170
5460057
5460241
5466281
5473251
5474787
5474940
5477562
5481956
5483747
5491037
5491147
5500779
5505453
5509718
5515454
5520003
5524299
5526177
5530491
5537325
5540524
5545474
5554830
5559986
5567780
5576249
5584406
5585367
5588301
5597125
5600412
5603584
5608943
5614621
5614762
5618008
5620190
5622952
5626943
5627267
5627318
5631419
5641374
5642450
5650815
5652858
5658483
5661143
5665063
5671353
5677198
5680668
5681907
5683459
5688436
5693820
5693840
5696974
5703318
5712623
5714580
5720562
5723038
5726705
5734717
5743685
5750598
5750791
5752521
5753424
5760293
5768425
5773428
5776603
5785811
5795530
5800747
5801931
5804309
5809797
5817270
5821844
5830802
5835865
5841991
5845925
5852723
5855220
5858639
5861781
5869935
5871662
5877137
5884118
5889512
5892998
5898947
5901253
5901284
5905314
5914874
5921773
5923934
5928497
5934922
5942642
5946923
5948565
5957468
5960479
5963960
5966687
5974271
5983061
5987202
5990911
5993635
5994574
5997132
5999626
6000058
6000769
6004990
6010896
6018587
6028201
6037593
6041232
6049503
6058925
6066593
6074423
6077095
6083276
6092020
6101116
6105016
6108041
6115130
6124285
6126672
6127242
6135475
6145445
6151156
6153530
6153561
6161995
6171659
6174247
6181527
6181622
6191272
6192772
6195124
6202464
6209929
6211672
6219003
6221090
6228606
6229956
6239872
6240059
6243941
6248953
6254588
6258722
6263110
6265833
6269121
6275895
6285539
6287059
6293802
6299157
6299402
6302527
6302667
6308927
6310991
6318410
6324764
6326477
6331747
6340453
6345858
6348592
6355392
6358127
6362947
6367263
6367699
6368787
6369641
6370311
6372762
6379250
6384053
6390891
6396454
6404544
6408155
6413361
6419322
6426027
6432939
6435497
6445327
6448731
6457548
6459441
6460263
6461786
6465392
6467836
6474416
6479778
6481307
6484686
6489134
6491835
6495881
6500764
6504552
6509452
6515004
6517594
6518981
6519335
6528762
6535711
6540506
6543543
6552050
6559158
6565251
6570669
6580334
6586256
6595077
6603558
6607725
6613720
6620075
6624199
6632637
6635571
6645056
6651374
6657687
6661619
6670637
6677347
6682513
6691670
6693279
6700349
6702095
6705091
6712514
6713686
6719982
6728552
6729112
6733914
6739591
6746244
6752816
6758157
6767083
6768827
6769000
6772092
6776182
6782710
6786277
6795156
6800969
6804020
6809217
6811342
6814676
6818890
6824077
6832577
6835948
6842743
6848312
6853428
6859570
6868913
6871553
6873991
6878255
6881454
6885045
6894985
6901188
6907702
6909334
6914463
6922721
6924526
6929098
6931445
6936129
6944268
6945494
6945990
6953531
6959953
6968926
6976153
6976788
6980947
6986673
6987030
6987983
6995629
7001102
7004549
7007889
7016001
7021885
7029489
7037151
7042977
7050520
7050737
7053077
7062252
7067597
7068194
7075525
7081793
7091088
7093102
7093860
7094380
7103241
7107892
7111185
7119018
7120895
7121175
7123166
7127120
7127756
7137052
7138651
7144759
7147501
7152439
7153010
7157987
7160528
7165113
7165915
7165999
7170800
7180293
7185903
7192400
7198841
7201781
7204545
7210281
7211586
7221460
7224067
7224232
7228756
7231008
7235358
7238110
7240641
7246981
7253686
7256852
7258839
7267142
7272768
7273848
7283440
7285988
7288396
7296881
7304013
7313575
7318495
7320427
7329481
7330010
7338438
7343933
7353753
7361297
7368879
7370003
7373772
7373960
7381600
7386244
7388683
7390672
7398067
7399388
7404069
7408168
7412655
7415674
7424427
7430891
7434990
7439686
7448697
7455203
7458383
7464526
7470593
7478692
7483118
7484591
7489570
7492424
7499391
7504189
7510938
7515486
7517759
7518276
7519363
7529276
7534436
7544314
7546215
7548769
7549967
7552900
7555904
7557940
7563892
7572000
7580499
7580549
7589704
7593566
7596473
7598808
7598812
7604138
7610923
7615352
7622150
7623914
7627548
7627664
7634225
7634607
7635622
7640808
7641706
7643807
7648905
7651314
7659644
7662994
7664308
7670188
7672823
7677140
7685055
7693641
7702417
7705183
7710170
7718101
7724728
7732621
7739238
7745868
7755438
7765191
7772601
7778968
7780484
7787880
7790714
7795143
7802920
7806768
7816382
7821409
7823710
7824773
7828560
7829190
7829954
7835055
7841564
7844962
7854379
7855155
7857138
7861683
7865224
7868545
7877372
7883891
7891457
7893252
7902752
7909887
7911434
7918343
7928197
7931260
7935564
7938251
7942094
7950527
7957062
7966870
7976681
7985516
7986386
7989983
7995799
8003784
8012481
8014806
8016189
8020655
8030107
8039824
8045186
8054530
8057568
8061756
8067618
8068221
8074203
8079564
8083653
8087533
8096154
8100096
8103390
8106315
8112944
8120080
8127789
8130952
8137895
8141766
8143763
8147927
8155394
8163206
8171707
8174223
8180711
8186946
8190279
8192570
8198521
8207215
8208849
8214189
8217070
8224565
8226859
8232073
8234928
8241311
8246756
8248232
8248556
8257295
8258047
8264999
8270873
8275685
8282151
8291320
8300002
8304816
8314500
8317000
8325978
8330514
8335529
8340994
8341764
8350111
8354219
8357292
8360684
8366425
8374837
8377461
8387049
8394107
8401944
8410738
8414178
8417460
8424081
8424196
8432568
8439940
8443359
8443956
8452491
8462375
8472140
8475708
8480406
8486207
8492275
8495950
8496286
8503720
8509211
8516669
8518802
8524752
8525282
8530806
8532497
8537790
8545938
8553568
8555918
8558254
8564677
8566818
8568787
8571831
8574087
8574427
8581194
8583220
8584157
8585811
8594072
8601125
8606346
8609304
8618509
8619797
8622781
8632322
8641044
8645871
8652869
8660075
8667203
8671082
8673811
8678981
8688152
8695380
8698179
8699700
8709264
8718486
8722147
8730031
8738648
8740916
8749140
8754523
8758816
8764328
8771364
8773918
8776482
8785091
8786954
8788723
8798619
8799818
8807479
8812448
8814825
8815835
8818009
8827513
8832401
8833656
8838330
8842388
8850870
8854694
8856624
8861021
8864066
8866009
8868290
8876303
8880513
8887369
8897117
8901972
8904339
8907474
8911234
8912516
8914259
8916233
8925635
8927274
8930446
8933860
8936819
8938719
8943142
8944627
8952383
8958045
8967136
8975917
8981989
8985913
8988517
8996518
9004839
9006840
9016783
9023736
9023749
9024254
9028062
9037822
9043181
9045707
9048602
9057720
9057879
9062516
9063607
9073168
9075795
9076410
9079384
9081322
9090188
9093937
9097359
9103980
9113390
9122254
9127655
9129488
9132275
9140280
9150114
9157573
9163930
9170058
9174469
9180838
9187470
9192040
9198169
9206511
9209958
9215333
9222792
9226398
9226409
9231311
9234477
9243467
9245335
9247826
9248753
9249486
9255725
9256425
9260131
9262132
9271695
9277153
9280986
9283335
9286797
9286815
9296623
9302793
9305291
9305861
9308400
9317529
9322669
9327688
9335159
9343745
9344138
9345419
9353962
9360717
9363251
9364959
9370703
9375104
9375655
9378677
9380163
9386952
9390673
9395864
9401005
9410640
9411288
9416614
9418598
9419060
9420755
9428898
9435529
9439721
9444785
9450306
9453627
9460182
9460721
9467864
9469357
9470288
9478711
9478746
9486432
9493741
9501836
9511617
9513326
9521971
9524774
9534320
9536105
9542628
9543716
9550642
9556800
9558536
9567139
9571632
9580181
9580478
9589465
9590996
9591837
9595887
9602939
9603452
9610409
9617999
9625654
9634103
9638976
9641405
9649888
9652446
9658535
9665112
9667450
9675248
9680469
9685609
9689304
9696310
9704325
9709108
9709391
9709915
9712785
9718022
9723038
9724456
9726341
9726695
9735995
9738720
9739475
9745826
9749063
9756774
9757067
9764310
9770469
9775634
9781658
9786300
9794022
9796134
9803704
9810115
9816376
9819167
9827070
9837026
9843174
9849091
9850181
9852963
9859403
9863362
9871380
9879187
9884563
9894465
9898977
9903652
9912631
9917897
9925275
9933842
9936819
9944489
9946651
9955786
9958620
9963157
9963285
9970192
9973192
9980890
9984207
9993468
10000308
10007879
10013447
10016434
10019921
10022930
10028698
10034976
10041943
10042080
10042516
10051210
10051248
10056195
10065915
10071283
10071496
10078593
10082528
10092069
10093187
10099283
10107958
10111909
10112541
10121344
10128553
10132184
10135036
10135562
10144805
10154496
10158944
10160106
10162783
10170718
10174888
10179684
10180248
10181384
10186316
10193668
10199849
10201170
10203468
10209369
10216058
10224920
10227917
10234892
10243294
10247409
10250479
10253908
10258325
10258378
10266961
10268587
10272270
10273704
10282207
10291485
10292609
10295559
10302350
10302502
10309738
10310699
10315646
10323446
10331894
10338124
10339627
10344256
10351806
10355606
10356135
10356725
10365739
10375616
10383180
10386947
10390938
10397923
10405118
10409878
10416915
10422692
10429077
10436149
10443359
10444598
10447299
10451984
10452524
10462015
10466851
10474627
10475078
10484860
10486787
10492038
10494401
10497830
10507709
10513974
10517554
10524313
10531167
10540112
10546747
10547517
10550229
10557207
10561313
10567571
10569308
10570451
10572486
10576959
10581525
10587121
10592832
10600098
10606731
10612981
10616089
10617557
10617934
10621493
10629095
10631398
10636559
10646523
10648606
10653645
10659873
10661888
10663685
10673119
10674078
10682509
10689064
10692734
10698142
10698802
10708730
10712226
10714028
10722342
10730310
10733029
10733290
10733320
10739656
10746549
10749181
10758625
10763338
10766346
10775700
10778014
10779677
10784191
10792820
10792917
10802469
10807326
10809437
10817137
10817779
10820849
10823331
10830527
10833618
10841508
10849363
10858733
10866470
10872479
10880162
10885867
10894594
10898890
10904624
10906039
10907227
10915592
10916450
10918702
10926427
10926638
10931203
10936942
10941666
10944860
10950695
10951322
10955724
10963670
10971996
10973391
10980758
10981565
10990155
10990612
10995660
10998456
11008283
11011068
11019872
11023733
11028574
11032457
11040613
11041187
11042836
11048532
11053823
11056329
11064276
11073643
11082711
11091575
11096680
11100471
11108880
11116171
11116940
11126102
11131338
11140432
11140988
11143590
11149842
11158987
11168398
11176050
11184342
11189931
11190367
11193815
11203264
11208540
11212222
11216179
11218380
11223710
11233362
11237205
11245040
11248990
11258551
11265453
11274618
11279283
11286327
11293900
11295856
11303668
11310402
11313945
11317202
11320843
11323340
11329200
11338337
11346596
11350107
11357536
11361383
11361681
11362557
11365852
11367777
11372334
11379585
11383711
11393597
11396851
11401171
11405243
11408799
11412680
11420005
11422725
11427622
11431990
11438635
11441839
11450370
11460100
11466847
11468634
11472005
11477600
11485246
11494105
11497958
11505467
11511754
11519453
11527259
11530773
11538118
11547849
11552271
11553219
11553427
11554086
11558287
11559166
11563896
11568004
11572763
11574817
11577997
11584005
11586778
11592954
11602165
11603468
11609373
11611682
11621123
11626750
11634653
11641740
11646226
11654333
11655280
11662404
11668209
11676961
11677599
11687101
11691935
11693346
11693795
11695188
11697258
11698259
11700531
11703682
11708791
11712173
11713730
11722018
11731407
11735736
11740199
11745151
11747135
11753854
11761114
11762538
11764884
11766399
11771261
11774444
11780417
11786225
11792883
11801013
11801925
11809220
11816851
11822596
11827654
11835733
11842871
11849998
11859077
11864838
11871467
11875654
11884796
11892981
11901807
11906690
11915556
11925196
11935030
11935879
11942238
11945683
11954307
11959363
11960674
11964160
11968750
11976034
11981679
11982926
11988339
11994895
11999789
12002832
12005133
12015084
12016205
12021995
12025424
12031975
12033525
12033582
12034320
12041363
12049605
12055520
12057445
12060904
12066459
12074569
12075228
12083493
12085048
12094330
12097650
12106867
12115986
12120247
12126747
12131511
12137018
12145282
12146601
12147001
12148307
12158278
12164980
12173758
12175870
12176000
12181329
12181342
12181529
12183947
12191003
12195783
12200467
12209447
12214037
12214275
12221365
12226613
12231467
12236463
12237344
12241869
12246081
12256081
12264866
12265578
12266693
12267337
12272664
12281449
12282492
12289125
12294233
12298330
12300092
12307311
12311537
12314979
12322211
12322975
12325186
12329473
12331368
12338263
12347881
12350717
12354201
12357260
12365343
12373681
12381735
12387051
12396265
12404883
12410198
12418197
12423878
12426659
12435301
12436308
12437873
12443909
12451548
12454572
12454704
12460457
12460700
12461410
12466956
12470782
12478607
12486364
12490828
12496900
12497903
12501984
12510891
12515377
12518869
12525859
12535034
12536579
12545236
12553625
12553787
12557758
12560497
12566339
12569442
12570822
12577671
12578690
12582457
12583296
12587339
12587590
12590533
12594818
12595778
12604267
12608729
12613865
12616462
12625387
12626594
12630193
12639550
12639664
12644100
12646948
12650403
12660366
12661111
12663222
12667925
12675183
12677616
12685057
12694509
12696396
12701568
12707868
12710773
12716063
12719553
12726500
12732040
12734825
12742408
12745259
12746532
12748576
12756563
12760432
12767752
12776945
12780764
12787441
12793099
12801353
12807229
12812693
12820909
12827529
12831455
12840725
12844603
12847313
12854023
12863704
12868300
12876533
12878865
12886366
12889889
12895710
12900157
12905571
12910528
12912558
12920823
12927052
12927477
12933728
12940177
12947922
12949717
12956336
12957109
12960914
12965787
12972435
12981703
12991143
13000763
13003957
13012667
13022516
13024771
13026542
13036071
13042922
13049278
13051138
13055489
13061719
13065751
13070900
13072543
13081532
13088710
13098617
13100186
13104141
13106650
13111020
13112719
13117023
13118011
13120482
13128590
13130802
13136272
13139999
13148003
13149444
13152716
13155781
13157070
13162597
13163784
13164601
13166978
13174520
13183548
13186627
13186750
13189810
13198037
13199803
13208203
13213608
13221632
13231600
13240959
13241492
13242181
13249590
13250778
13252455
13258686
13267981
13268221
13276273
13285646
13293889
13303382
13306027
13307334
13308115
13312638
13315132
13323082
13329981
13336368
13339697
13349674
13356184
13362572
13370775
13375402
13376541
13386500
13389150
13396609
13402278
13405460
13413607
13423036
13423757
13429932
13435591
13435606
13442021
13442084
13447824
13452481
13462036
13466772
13469088
13469423
13478681
13479842
13484478
13486986
13494533
13502498
13504982
13509038
13509742
13516780
13521814
13523657
13527006
13534690
13543991
13549360
13556577
13564024
13565174
13573112
13576734
13579894
13584198
13590586
13593808
13593851
13594895
13597671
13602449
13612160
13621623
13622010
13622881
13626979
13629873
13638291
13640353
13642082
13650907
13660025
13668792
13672651
13673611
13682078
13689972
13690232
13690419
13695529
13699587
13700923
13703970
13708001
13712497
13716200
13716618
13724335
13724432
13732246
13732739
13737614
13745138
13751445
13756706
13765101
13765505
13770012
13773176
13781994
13788229
13796569
13804504
13805857
13814407
13823301
13833120
13839563
13845068
13845074
13852979
13858893
13866586
13873889
13883834
13886022
13887027
13887389
13893646
13894748
13899275
13906024
13908352
13910403
13913458
13917398
13924195
13934005
13942451
13948763
13957390
13962071
13963074
13965987
13972020
13981573
13989731
13991935
13994282
13997944
14006505
14006756
14012684
14018937
14026491
14032363
14040804
14049362
14051947
14052996
14059007
14066119
14070268
14078606
14084120
14087675
14089953
14098615
14101979
14109054
14110379
14118722
14120477
14122804
14124059
14128199
14130078
14135843
14142186
14146412
14152190
14157093
14157921
14159626
14160781
14169162
14176738
14182685
14185976
14186137
14193132
14202433
14206057
14207200
14211191
14216680
14221377
14223997
14228147
14232560
14242254
14244080
14246835
14248284
14252436
14252797
14258385
14260768
14266893
14268823
14271783
14273686
14276870
14280657
14284264
14288602
14290770
14298305
14304942
14306752
14310799
14314430
14315540
14323210
14324336
14325788
14328946
14331120
14335191
14338850
14345436
14349201
14354685
14364025
14365590
14371577
14377630
14381134
14389503
14391680
14397113
14398441
14398872
14403840
14405307
14409345
14418650
14422284
14423856
14426149
14427944
14433562
14435838
14445094
14454733
14458134
14458842
14467990
14473564
14478342
14487500
14489660
14494554
14495547
14503398
14509856
14516835
14520738
14530699
14536047
14538479
14540224
14543251
14546113
14552825
14557318
14564217
14566586
14571064
14575886
14580547
14586819
14593610
14596898
14598778
14601559
14608247
14610834
14619114
14627728
14635092
14642529
14649654
14658264
14666693
14671668
14676735
14678495
14683725
14688753
14692212
14699873
14706645
14713130
14720004
14729840
14737170
14737295
14739499
14747658
14752604
14755820
14756603
14764692
14771196
14773858
14774727
14784270
14789518
14795019
14803175
14812138
14815075
14816707
14824279
14831997
14834956
14837595
14847072
14855260
14859278
14862213
14864413
14871554
14877325
14886398
14889726
14899178
14908375
14910258
14917869
14918364
14923463
14931856
14940439
14948393
14949447
14955250
14959098
14961751
14969406
14977762
14979377
14979969
14989956
14995495
15000156
15003101
15007630
15008119
15015603
15024149
15027572
15033607
15035645
15041190
15046298
15051664
15056661
15057317
15064565
15067172
15068322
15077020
15084371
15090455
15093458
15101862
15110101
15116952
15118008
15123901
15129107
15138129
15140965
15146157
15147069
15154565
15159054
15164494
15172478
15180802
15181139
15188897
15193256
15201983
15205286
15214752
15218844
15223495
15223616
15231307
15234916
15242539
15248928
15249887
15249945
15259336
15268698
15276994
15283235
15290004
15290545
15298343
15300485
15303861
15313203
15316257
15323481
15327311
15332156
15333715
15335868
15337402
15346719
15353230
15353490
15362461
15364789
15369140
15379113
15387914
15389955
15393536
15396311
15401092
15405631
15408463
15412635
15416535
15424015
15430779
15437799
15445819
15450381
15455894
15463641
15463896
15468814
15473784
15477868
15487631
15494160
15496748
15498044
15500241
15505692
15507247
15508414
15512544
15514801
15515940
15518870
15523167
15527886
15529942
15535372
15540981
15545869
15555470
15564978
15573697
15576413
15579292
15586030
15589659
15598050
15598886
15602769
15606078
15611884
15616202
15625625
15634311
15637569
15644639
15645521
15654229
15662853
15671253
15674090
15674970
15680860
15682979
15684507
15685115
15689289
15696246
15702462
15707875
15710784
15712859
15716990
15718967
15720272
15727492
15729449
15735496
15743552
15749392
15755099
15755312
15761821
15766950
15775848
15785614
15787812
15793943
15802416
15809589
15814119
15821781
15826185
15826604
15832736
15835020
15842398
15849055
15854647
15864592
15866662
15871515
15879886
15882438
15889267
15895294
15901418
15910203
15912276
15912807
15913783
15921563
15928658
15936143
15945403
15951395
15958645
15966455
15974929
15977004
15981986
15984989
15994725
16000463
16010236
16016103
16024124
16027626
16036501
16040113
16043559
16044503
16049319
16057487
16067335
16068979
16073173
16075496
16082277
16084895
16094100
16098208
16098605
16104904
16106496
16112505
16114795
16119989
16123807
16124570
16131838
16136989
16137106
16140461
16141349
16147590
16153163
16158423
16168165
16172612
16177836
16187375
16189118
16189157
16196863
16198453
16200136
16208387
16208651
16213466
16214334
16223802
16232724
16240341
16246107
16252973
16256598
16261005
16263064
16270506
16272027
16281353
16283945
16291934
16294614
16304446
16308675
16316927
16322018
16325988
16328686
16329000
16338860
16339652
16340005
16343922
16352655
16361042
16363209
16372205
16375406
16384792
16389607
16398081
16405083
16405663
16411002
16417980
16419318
16426715
16431134
16433992
16437066
16440429
16441275
16443380
16446574
16448000
16454708
16459344
16461091
16470497
16475447
16477053
16483602
16485256
16487130
16492412
16492452
16496492
16500769
16510361
16520139
16529231
16537296
16540427
16546450
16556206
16556315
16563676
16570828
16575355
16581925
16588503
16592744
16600160
16608842
16616276
16621469
16626859
16628929
16635869
16637016
16640387
16645284
16652979
16658003
16664774
16667750
16669165
16676327
16679932
16680938
16687877
16690573
16695995
16696065
16701135
16706312
16706490
16708920
16717601
16718657
16727657
16732915
16738212
16740979
16744918
16754000
16761959
16767639
16775142
16776392
16783218
16790443
16796590
16797463
16799711
16802628
16806476
16810138
16810216
16817668
16818687
16825704
16832203
16838644
16842082
16843651
16845268
16855235
16855585
16855882
16856904
16866253
16868159
16870829
16879296
16881493
16883245
16886023
16893899
16899505
16903532
16904586
16907417
16907590
16909516
16910946
16914035
16919808
16921252
16930771
16940348
16942810
16945697
16948124
16957026
16963350
16967345
16974216
16980506
16981203
16984722
16988385
16994782
17000207
17006540
17011404
17019025
17023461
17031102
17032950
17039343
17047362
17050263
17059486
17064030
17068856
17075861
17079845
17086796
17095244
17098746
17101625
17102534
17108922
17114227
17120390
17129453
17135105
17138138
17143490
17149838
17152741
17158108
17160852
17169179
17177230
17181189
17183488
17192326
17200277
17200776
17206006
17211976
17215375
17216180
17216693
17221270
17229079
17229927
17237806
17244062
17248412
17255521
17262685
17263422
17272187
17281865
17288017
17292433
17295143
17302998
17310113
17315726
17318947
17325158
17325449
17326720
17326889
17335831
17335939
17340411
17349851
17351541
17351982
17361172
17363666
17370971
17371089
17377743
17385895
17390243
17393152
17402005
17403461
17409885
17415827
17422400
17428502
17430595
17437935
17443098
17453045
17457500
17464627
17474147
17481164
17484934
17485724
17492909
17495620
17502870
17504526
17513028
17518319
17526767
17530810
17538594
17540698
17541211
17542000
17548608
17549820
17553517
17555329
17564349
17570821
17578574
17584166
17593091
17599288
17602219
17606307
17612451
17616188
17623754
17629417
17630170
17631505
17634309
17638599
17638996
17645401
17647698
17656596
17658291
17665388
17674681
17680511
17689711
17695868
17702486
17704645
17712013
17718679
17719002
17725389
17728527
17736602
17738580
17740642
17744914
17749823
17752324
17759091
17764088
17764155
17772936
17778686
17780087
17788023
17788062
17789860
17794201
17796536
17803583
17805970
17815401
17818092
17826309
17831292
17840139
17841325
17844818
17851033
17858885
17862700
17871653
17878994
17887236
17888167
17893921
17902786
17904977
17913232
17918863
17926050
17930723
17931486
17940774
17946847
17955545
17964871
17969093
17978483
17980144
17987765
17989542
17996985
17997296
18007289
18009714
18015224
18022754
18025024
18033100
18038481
18044565
18051593
18054314
18058639
18062949
18071424
18074613
18081113
18084194
18089365
18089404
18097157
18103090
18112416
18112593
18113576
18122228
18126627
18126999
18133663
18142034
18144182
18144640
18149673
18158165
18167400
18167942
18173964
18175468
18184085
18191839
18195778
18197775
18204602
18212866
18219172
18220825
18228629
18237787
18242520
18251847
18261043
18269880
18275139
18283660
18292673
18295266
18298790
18308553
18311518
18318057
18326190
18327654
18331003
18334169
18340477
18343060
18343119
18345448
18345886
18350914
18357348
18361724
18368748
18372008
18380999
18384328
18389240
18392387
18394873
18400869
18403342
18411375
18416207
18420290
18423196
18423393
18430069
18436498
18446457
18456097
18465417
18469861
18477316
18479984
18483945
18487707
18489309
18489680
18492122
18494161
18499559
18508435
18514849
18517270
18525757
18527514
18529616
18533015
18537918
18538857
18544603
18551978
18557302
18564232
18565689
18573918
18581044
18589176
18590185
18593621
18597744
18604424
18608655
18610233
18619580
18627771
18629462
18630410
18635324
18639457
18648795
18649106
18652114
18657866
18666950
18668444
18675952
18683489
18684733
18687143
18691970
18698960
18705096
18705246
18709165
18716757
18725135
18732531
18738255
18743994
18744825
18751023
18753441
18754855
18762630
18770747
18776703
18786169
18791585
18792454
18802404
18807158
18808338
18811295
18818152
18824767
18825569
18826285
18830436
18838834
18848311
18857288
18859027
18864639
18873766
18875775
18878978
18882834
18892238
18897516
18907110
18913696
18915172
18917184
18925183
18930785
18930913
18931220
18932639
18938182
18939357
18940725
18947373
18949727
18954051
18957555
18966523
18968001
18972220
18981690
18987917
18991612
19000059
19008024
19017330
19021255
19031228
19040089
19047869
19053597
19057735
19061461
19070126
19072091
19077828
19080844
19088411
19090627
19093949
19102934
19107044
19111540
19111893
19112651
19115853
19116881
19121142
19129663
19138520
19143352
19151343
19156426
19164952
19167741
19170788
19174972
19181685
19191056
19194100
19198592
19200042
19203575
19211792
19218259
19223757
19224062
19233544
19236608
19245480
19254635
19263035
19266017
19266019
19274771
19274862
19278065
19284197
19284900
19292976
19297964
19303498
19309564
19309635
19310047
19315253
19324722
19325669
19327587
19332779
19336769
19339530
19342523
19346397
19353727
19363186
19372557
19380191
19385483
19394269
19397127
19397925
19401463
19403654
19404454
19406743
19409024
19409378
19414150
19423485
19431914
19441674
19442895
19443741
19449923
19457907
19463958
19465960
19474890
19479210
19486403
19495674
19502755
19509293
19512437
19516847
19519195
19528062
19536457
19544097
19548101
19555705
19560494
19568035
19577829
19583417
19589599
19598025
19603967
19604920
19609033
19609755
19616819
19622152
19623720
19626965
19630281
19634251
19639498
19641743
19650033
19658824
19660339
19662061
19667389
19668399
19674530
19682206
19692082
19692959
19694626
19694858
19703339
19709794
19717566
19722192
19724235
19724540
19733944
19738280
19739538
19743054
19748111
19752784
19761632
19764608
19772526
19781041
19787987
19791151
19791910
19793497
19795451
19804076
19807384
19814666
19824300
19830090
19831399
19837261
19840279
19843254
19849347
19857197
19866626
19866842
19869318
19877141
19884014
19892245
19894403
19898885
19900631
19904198
19913352
19913945
19920487
19927558
19933017
19942856
19949442
19955659
19957084
19965624
19966817
19967901
19970074
19977252
19984125
19993958
19996997
20003240
20006047
20011530
20015622
20024209
20026260
20029179
20035589
20044512
20045661
20050580
20060336
20069582
20078067
20086976
20093166
20094545
20100525
20102173
20103390
20105955
20110171
20119165
20126621
20132029
20132106
20138086
20140672
20143974
20149786
20151762
20157658
20162628
20166439
20176426
20179983
20182196
20191454
20197772
20205259
20212017
20213253
20220495
20226499
20232572
20238722
20240915
20248366
20256847
20260688
20265707
20273105
20281161
20285173
20286378
20296194
20296635
20303820
20306221
20306315
20315663
20316391
20322380
20326698
20331236
20337211
20345085
20348187
20349771
20353962
20354550
20362892
20364670
20372499
20373196
20377398
20377729
20380618
20388622
20397433
20400514
20403537
20406097
20407234
20410620
20414385
20421689
20421867
20429168
20435224
20435495
20442143
20448926
20455185
20456150
20463823
20472409
20481247
20482021
20482190
20491570
20492932
20497794
20505304
20514494
20520052
20521763
20531283
20539730
20545797
20550480
20558359
20567448
20574690
20580057
20588883
20596241
20598911
20607915
20612573
20621298
20626924
20628230
20633738
20635623
20637893
20647425
20647895
20655355
20655660
20662650
20665841
20667507
20669359
20676411
20683619
20691028
20699791
20702870
20705077
20709906
20717667
20717753
20718022
20719377
20724829
20730275
20738987
20747109
20747910
20751280
20758126
20764553
20765580
20774285
20778948
20782244
20790480
20795612
20802719
20811260
20813381
20820031
20826589
20826913
20830614
20830731
20838464
20847279
20850475
20856766
20860409
20867717
20874093
20874356
20879370
20887550
20889611
20889689
20895990
20898851
20902298
20911796
20917435
20918260
20922815
20923116
20923588
20926378
20931810
20939389
20947071
20950976
20951556
20952148
20956376
20960656
20961364
20969676
20972771
20973026
20977629
20980718
20984633
20991963
21001667
21006947
21012456
21014220
21019577
21027738
21028714
21033869
21037880
21044495
21050474
21059039
21065954
21072405
21073759
21082458
21082839
21088227
21097182
21098142
21104121
21113655
21118894
21121932
21129778
21134463
21144108
21152908
21160682
21164241
21170370
21174199
21183037
21191027
21196619
21197166
21203316
21206235
21211936
21212096
21221629
21223309
21232033
21234833
21242963
21249393
21250891
21259401
21261218
21268022
21273843
21277990
21284327
21285386
21292570
21293104
21295200
21302028
21311361
21317582
21324320
21326134
21326183
21328111
21337914
21339906
21342380
21344684
21349594
21354120
21356584
21361027
21367232
21374771
21378365
21379051
21379371
21380814
21386361
21394849
21403095
21404462
21407096
21411678
21420456
21426626
21431742
21432615
21441964
21442764
21449857
21452296
21454909
21462050
21466416
21468831
21477963
21481154
21482225
21482618
21490334
21493868
21495055
21495328
21502752
21507532
21508490
21512586
21518808
21525313
21527896
21528715
21532938
21534507
21536260
21539260
21543350
21546570
21550442
21560232
21564251
21571567
21573795
21576779
21581235
21584180
21585930
21595869
21602004
21604824
21611508
21611711
21614416
21622286
21622761
21622890
21625540
21633324
21637548
21642771
21643411
21646569
21648963
21653826
21658552
21662698
21666912
21672079
21679444
21683882
21688839
21696574
21698327
21705511
21706229
21708790
21715271
21717739
21726590
21735557
21740844
21746378
21755547
21763539
21766943
21772938
21777410
21779815
21783594
21788641
21792620
21797038
21801594
21807966
21817246
21822880
21829749
21833243
21834043
21834628
21838911
21844667
21852987
21859022
21868314
21873703
21882298
21888070
21892278
21896076
21897166
21906661
21915992
21916251
21920089
21929175
21931780
21936441
21937931
21944314
21950373
21952194
21952995
21953609
21961801
21968233
21974480
21975893
21982170
21989217
21991214
21991773
22000927
22007595
22010541
22018986
22021043
22028935
22029503
22035767
22037456
22045466
22047576
22048596
22053216
22055515
22061972
22069196
22076155
22080454
22084061
22087078
22093197
22093956
22103939
22104601
22108143
22114372
22116446
22126265
22135892
22139963
22146692
22155473
22156211
22165885
22169462
22178608
22186174
22186671
22192081
22201335
22209841
22213712
22220337
22223462
22229632
22239066
22239414
22242542
22246274
22246580
22249077
22258927
22259991
22262470
22262981
22263939
22268998
22277935
22278711
22283397
22292756
22300260
22303726
22310174
22313704
22320746
22326340
22327435
22334973
22342328
22349028
22351423
22352648
22362325
22367844
22371590
22380700
22382919
22386145
22395338
22397862
22403584
22412626
22422566
22427118
22433022
22433919
22443529
22444721
22452745
22457040
22457590
22459469
22463581
22470579
22472339
22473493
22476084
22478938
22483981
22490278
22496184
22499974
22503847
22505781
22515089
22522708
22530103
22537981
22538825
22545412
22552166
22555083
22557063
22563756
22571224
22579107
22583048
22586477
22595552
22603868
22611592
22617568
22624114
22625949
22628922
22637228
22646568
22648483
22655994
22656729
22664940
22668356
22672880
22681316
22683017
22683200
22689254
22698349
22706410
22713307
22715340
22720154
22729967
22733979
22741837
22745469
22747364
22755514
22762574
22769895
22772712
22773847
22777143
22786505
22795827
22798448
22806115
22811128
22812015
22817193
22822940
22828390
22833335
22839957
22843842
22850488
22853645
22863583
22865675
22866892
22870078
22874203
22876585
22885935
22890423
22897014
22899995
22906377
22907469
22913861
22913915
22917823
22925350
22935052
22938321
22945169
22953843
22961131
22969343
22978903
22981368
22981679
22986688
22990449
22997381
23002626
23009384
23009472
23011006
23019856
23027512
23032231
23041557
23047946
23052014
23055827
23058806
23062206
23068753
23072823
23082615
23085567
23089896
23093566
23102571
23110169
23117038
23124716
23129601
23134681
23138271
23141972
23147362
23152312
23159773
23168447
23168642
23172861
23177974
23179702
23189122
23198243
23204690
23209787
23215296
23222162
23227423
23232263
23238881
23240688
23245949
23252358
23253469
23263059
23269489
23269604
23273143
23276441
23284234
23289009
23293738
23295120
23303595
23303714
23310045
23312332
23317476
23320353
23323210
23323466
23328071
23336699
23342427
23349830
23349906
23351143
23351763
23357100
23359528
23366765
23370260
23377948
23381593
23386198
23393475
23393549
23398269
23405436
23415159
23424023
23425964
23430416
23437013
23443780
23444702
23453981
23459387
23465452
23467608
23475870
23478542
23481654
23484896
23493296
23493810
23497127
23503115
23504248
23509253
23517668
23522390
23530890
23536992
23545358
23554814
23564545
23569337
23569864
23576761
23577627
23587017
23595855
23601172
23603510
23609114
23611704
23613321
23614330
23619336
23619460
23625083
23632761
23642348
23647564
23649993
23656445
23661329
23669745
23677329
23687218
23694048
23702705
23707445
23716728
23723751
23727946
23736959
23745125
23749847
23755757
23761140
23761603
23766350
23773402
23776203
23782905
23792546
23793315
23797378
23802025
23809269
23815306
23823982
23830812
23838416
23839520
23842801
23845288
23854807
23862023
23870750
23873450
23879323
23882789
23884771
23894018
23901679
23902674
23906438
23908820
23912076
23921222
23924066
23928420
23934617
23936613
23937668
23939858
23942622
23944091
23950927
23957286
23961143
23966654
23969842
23971302
23974268
23980736
23984683
23987167
23990851
23993524
23995059
24000967
24007106
24010622
24015776
24015927
24020437
24029354
24038238
24046003
24054065
24062144
24070614
24071225
24071300
24080825
24083625
24092815
24100160
24109795
24115344
24116546
24118043
24126779
24129440
24133902
24135458
24138417
24141714
24143305
24148937
24153768
24161266
24169388
24174086
24176737
24181361
24186921
24194840
24198347
24208023
24210355
24211940
24220086
24223028
24231039
24238709
24244450
24251651
24253017
24254744
24263845
24266412
24275987
24283823
24289051
24289439
24295182
24299720
24303404
24310737
24310906
24315772
24320602
24325244
24334808
24338640
24347905
24353028
24354778
24357549
24358699
24362781
24363489
24372784
24379807
24388525
24391841
24400957
24406875
24411557
24418751
24423769
24431017
24437786
24446992
24455819
24462975
24467923
24471288
24478480
24487113
24496998
24499055
24502517
24503396
24511368
24515014
24515157
24524603
24529998
24539264
24539860
24545688
24555661
24565551
24574754
24583444
24586650
24594968
24595928
24603815
24609326
24611655
24613141
24621772
24629658
24636323
24642110
24651296
24657677
24660655
24668473
24674738
24676124
24683755
24690898
24696608
24697884
24701522
24706677
24709700
24712603
24714705
24723555
24732782
24734774
24742826
24747094
24748643
24751364
24756591
24762378
24766962
24770870
24778142
24781356
24783149
24783437
24788789
24796119
24802787
24807468
24812615
24815548
24821615
24824393
24830820
24838948
24839353
24839417
24842699
24846126
24855444
24857180
24865809
24874353
24874432
24877464
24880276
24881903
24884008
24888398
24895811
24902499
24910796
24911832
24918085
24924527
24932203
24933808
24937579
24941922
24948207
24957125
24964400
24973103
24981150
24981204
24988034
24996485
24996602
25003066
25011296
25017083
25025282
25032140
25036470
25044747
25054636
25061777
25068032
25070025
25071556
25071575
25076607
25082786
25090192
25091477
25094097
25099178
25108419
25111162
25120586
25122463
25124123
25127173
25134105
25140163
25143266
25147027
25147887
25157459
25164035
25173124
25178482
25183256
25189202
25195241
25204643
25206830
25216362
25222018
25222549
25229963
25235637
25241200
25244792
25247872
25251071
25253635
25261795
25270586
25275892
25283475
25284142
25287459
25294444
25302042
25311416
25311503
25319214
25325799
25331809
25336095
25341769
25349488
25354900
25362871
25366629
25371442
25377951
25381240
25381709
25388749
25389451
25391945
25400899
25401544
25403469
25405621
25415181
25415266
25422560
25427425
25431444
25439404
25443937
25444940
25446850
25447108
25454550
25464170
25471013
25480816
25481073
25483589
25491111
25496779
25503617
25511248
25518081
25521428
25522347
25526000
25526386
25534358
25540504
25546195
25551163
25559234
25567076
25571604
25576111
25577598
25583342
25588219
25597665
25597942
25603822
25611529
25618415
25628088
25631766
25635494
25644969
25645256
25647851
25651199
25657153
25666586
25667564
25676702
25685833
25694081
25696871
25706387
25708958
25714246
25719452
25726991
25736701
25746100
25754518
25758734
25759619
25760132
25769224
25775906
25783047
25784370
25785111
25789138
25796485
25800903
25805009
25811831
25812887
25819588
25819757
25826767
25829252
25836751
25839250
25840865
25846611
25851900
25859382
25867699
25874627
25883666
25885873
25892510
25897299
25904275
25911479
25913504
25920992
25923639
25928697
25933326
25937296
25943094
25951749
25959417
25965985
25975097
25979586
25987209
25993021
25994031
25995015
25999663
26008171
26011654
26014268
26014873
26019996
26020091
26029012
26037414
26042899
26050378
26055416
26055689
26060143
26068736
26071033
26072975
26074214
26081569
26084491
26086051
26089203
26097131
26106359
26112430
26119469
26119537
26123231
26132434
26139863
26140892
26144742
26150678
26155189
26158005
26160898
26166883
26169793
26177958
26182344
26187091
26192735
26198510
26203529
26209978
26214345
26221661
26226403
26228361
26229383
26237046
26246915
26247440
26249382
26258478
26265074
26274055
26279571
26286212
26294395
26297339
26305008
26313392
26318624
26327156
26328355
26336479
26337347
26337808
26340448
26345702
26350909
26359192
26360220
26360445
26365177
26366924
26370816
26376641
26380345
26381610
26385098
26395022
26396812
26402241
26407613
26412350
26413111
26413998
26415375
26424318
26424500
26429897
26433576
26435341
26435621
26440498
26446738
26447886
26453223
26462103
26464856
26471751
26478913
26479045
26486165
26494410
26496288
26503651
26507721
26509654
26518282
26522191
26524048
26530817
26536506
26543734
26545239
26551689
26556155
26565388
26567132
26571779
26572760
26574534
26580946
26582207
26588858
26591509
26600269
26608608
26610138
26611650
26616884
26621928
26629923
26638628
26648268
26654493
26656912
26656973
26665130
26672528
26676497
26682862
26687028
26693038
26702982
26708652
26711111
26711872
26716774
26717328
26719088
26721323
26723651
26728174
26738021
26743351
26746876
26755482
26755502
26760557
26767026
26768631
26775081
26779544
26786205
26788646
26789333
26798413
26800915
26806111
26812588
26819058
26826970
26827613
26836444
26840652
26843316
26850957
26855925
26859843
26868038
26871117
26877269
26884143
26891744
26897742
26899945
26901071
26905674
26914248
26916780
26924203
26924382
26933363
26941600
26948439
26949860
26958784
26964702
26968624
26969095
26977842
26984586
26989320
26995061
26996987
27005928
27014332
27023899
27024160
27026481
27030594
27033933
27038757
27039743
27040683
27041504
27051044
27059461
27061236
27069349
27070297
27079494
27087785
27097713
27101499
27102981
27110681
27119742
27123493
27131467
27140998
27143495
27144564
27145180
27153417
27156411
27165968
27168961
27177873
27184042
27185707
27188731
27194590
27201079
27205088
27208238
27215547
27225447
27227013
27232449
27236814
27239327
27240311
27242966
27251758
27256527
27257015
27259859
27263688
27267927
27268744
27278455
27285190
27293427
27293754
27295078
27302660
27308895
27313211
27319705
27322108
27328088
27337605
27345866
27348334
27358212
27365975
27372104
27381881
27391209
27392773
27396914
27398755
27407654
27410802
27411434
27415102
27418737
27422212
27429708
27433933
27434576
27438135
27439095
27444326
27448211
27456846
27459659
27459778
27462728
27468386
27477259
27482540
27487714
27491199
27495300
27496703
27497950
27504531
27512063
27512638
27517134
27525158
27533925
27537319
27544842
27554240
27561301
27562459
27571684
27572593
27577975
27584194
27588661
27591354
27592804
27597507
27598834
27599448
27600621
27601249
27607520
27607565
27609826
27617622
27621151
27627512
27633063
27634191
27637132
27640214
27648268
27652056
27653161
27659981
27667162
27675790
27678359
27678953
27685090
27693235
27701089
27708959
27713323
27721995
27728910
27731075
27734449
27739042
27748172
27752718
27757939
27759691
27760633
27768114
27774013
27774835
27775028
27776477
27778426
27787911
27792441
27792443
27795715
27797702
27800875
27807679
27814645
27820387
27827784
27837238
27841124
27846374
27850049
27854650
27854923
27855512
27862277
27865923
27871105
27876999
27881542
27888296
27892293
27897777
27898363
27908259
27910917
27911695
27913039
27917645
27917907
27920133
27921093
27930978
27931542
27935674
27942362
27949891
27956116
27956553
27959887
27959998
27962036
27969044
27973755
27976066
27983663
27991491
27993799
28002929
28003002
28006205
28008440
28012510
28017548
28020368
28024333
28032028
28041977
28047285
28055938
28062500
28070033
28079645
28086091
28094187
28094282
28103767
28105743
28112063
28121984
28127293
28133723
28135682
28144351
28151843
28152464
28158729
28164048
28166976
28168722
28174114
28180244
28184224
28190037
28191205
28194356
28204133
28212995
28216094
28221178
28225044
28234704
28243673
28247150
28253255
28256671
28266595
28268536
28270280
28276523
28278385
28281789
28290813
28294633
28296705
28299572
28304012
28308700
28316886
28320605
28327038
28336967
28346816
28353580
28359321
28366689
28376603
28378472
28381053
28390417
28393721
28400168
28409191
28411463
28417738
28419217
28421257
28427455
28430875
28434658
28437098
28438731
28442269
28450084
28455536
28461146
28461828
28468071
28468368
28473587
28479900
28482982
28484481
28486994
28496839
28500430
28510310
28516421
28521880
28530693
28532519
28537633
28539244
28540093
28547479
28555364
28564043
28569820
28573903
28582353
28588264
28591138
28591220
28600668
28607709
28609594
28614651
28618725
28623204
28628558
28637850
28638642
28643429
28650571
28653875
28654858
28655590
28665126
28668571
28671113
28679461
28684732
28692387
28702345
28704816
28706208
28710402
28711551
28715071
28723347
28732946
28742376
28749878
28759558
28768436
28769330
28777247
28777533
28782500
28784895
28786886
28791144
28794330
28801107
28808858
28815348
28823108
28827942
28830319
28831523
28835250
28835974
28842448
28850181
28857214
28866158
28875283
28876509
28882954
28885598
28891452
28893847
28902273
28911980
28920406
28924061
28924661
28931003
28934943
28940509
28949246
28955177
28961352
28963274
28972333
28976258
28981021
28984191
28989301
28996440
29000814
29009650
29013864
29021063
29027631
29028877
29031372
29033416
29042240
29047531
29052219
29053248
29060933
29070398
29071133
29077243
29080362
29088048
29090500
29097558
29107161
29108349
29117689
29123466
29132927
29141326
29147379
29151603
29159523
29160685
29162047
29164340
29170689
29176265
29182109
29185025
29188198
29192888
29197848
29206196
29216176
29222175
29231551
29235567
29241030
29247492
29247617
29252550
29256697
29265625
29267615
29271364
29277831
29285513
29291390
29297318
29299750
29308031
29308182
29308533
29314327
29322191
29331187
29333329
29343120
29344311
29345721
29355037
29360917
29367286
29374949
29377160
29385879
29389270
29395496
29399677
29409529
29412231
29421344
29425343
29433325
29440779
29444878
29449326
29450813
29457141
29457516
29461434
29466042
29472919
29473540
29473942
29475035
29484651
29493546
29494429
29495235
29495539
29502089
29505126
29508150
29512363
29513962
29515704
29523307
29527483
29529757
29533563
29536792
29544530
29552334
29553544
29558736
29566991
29572649
29579327
29583909
29586293
29593241
29598782
29608043
29615611
29617905
29618258
29621793
29629334
29636921
29637613
29645457
29649594
29653322
29654190
29658891
29664217
29673178
29681833
29687686
29688921
29691381
29700462
29709434
29716050
29716341
29716856
29718078
29720378
29723923
29726078
29730761
29731253
29738948
29742891
29747302
29753643
29754290
29762235
29766116
29770702
29779338
29787414
29792488
29801203
29810146
29819920
29820312
29824568
29832996
29839240
29844730
29851969
29857293
29861754
29865608
29867574
29868902
29870329
29874594
29879466
29883047
29891995
29897358
29898634
29907876
29917649
29921617
29927858
29931927
29939775
29940601
29943305
29949228
29955127
29962897
29964115
29966139
29974300
29979773
29986576
29987332
29994646
29998687
30004766
30012892
30017139
30021536
30030989
30036662
30045323
30049647
30058901
30066509
30072547
30079428
30082630
30084792
30085640
30095082
30101312
30106359
30106626
30111911
30119232
30121749
30124803
30129693
30134233
30141799
30148513
30149855
30158176
30162203
30167585
30168337
30176842
30182822
30187970
30195927
30197580
30201388
30210021
30217279
30225047
30229717
30230207
30231176
30238008
30239345
30239755
30242816
30245551
30252579
30257277
30257332
30266876
30274627
30279572
30283655
30285324
30286982
30292406
30302395
30304432
30311589
30318681
30319222
30322359
30324598
30333095
30334236
30336635
30343764
30352162
30352328
30360479
30365718
30366852
30371834
30374761
30382656
30387050
30392711
30397633
30406724
30408791
30413256
30416450
30423461
30428360
30433222
30438243
30438565
30439767
30443176
30447006
30455300
30459249
30466215
30466747
30475544
30480002
30482932
30485210
30494417
30503864
30504292
30508737
30515669
30517430
30524801
30529627
30535781
30538812
30544911
30550156
30551606
30558521
30563311
30568123
30569936
30579587
30589419
30597905
30605109
30608349
30610665
30616162
30619702
30625335
30627716
30630053
30636496
30638158
30642772
30648421
30649530
30650923
30651017
30655409
30658562
30662378
30671596
30680902
30684101
30685769
30686671
30691319
30696254
30701945
30711404
30718151
30719844
30725487
30727072
30735969
30741203
30741455
30742200
30750974
30753210
30756335
30757445
30766123
30770910
30772985
30777312
30779559
30783026
30783798
30786788
30793407
30797994
30806553
30812477
30816614
30816841
30820019
30828803
30833964
30842832
30847427
30855686
30862599
30862836
30872679
30878488
30883958
30890404
30896957
30901200
30909882
30915912
30917616
30924975
30932143
30935921
30943958
30949724
30953320
30962128
30970883
30971097
30980844
30988158
30990648
30994531
31002071
31007738
31016757
31025809
31026695
31030308
31037618
31041768
31041969
31045474
31055432
31061102
31071052
31073915
31080180
31088811
31097703
31102023
31104365
31106776
31111226
31111604
31119780
31127825
31133363
31140293
31144904
31146540
31150783
31157883
31159753
31167887
31177005
31177893
31185078
31191433
31192285
31193132
31193637
31194689
31199040
31205854
31208928
31209580
31219256
31228594
31234229
31239148
31242805
31250781
31258110
31266216
31270921
31276425
31278928
31279170
31287956
31295069
31296946
31299974
31304186
31304285
31311799
31321480
31322466
31327164
31329551
31337741
31339637
31342528
31351769
31358015
31364072
31366386
31373284
31375368
31383371
31385903
31392906
31394566
31401425
31402108
31408225
31409788
31412327
31420946
31422751
31424075
31429806
31429839
31430542
31436836
31443319
31451535
31453861
31461330
31470596
31471661
31477319
31478480
31478787
31480037
31487444
31493807
31503723
31504379
31512826
31520744
31530283
31532084
31541661
31548058
31550541
31552587
31556898
31561919
31568935
31571402
31577746
31586845
31595697
31602744
31604488
31609822
31615084
31615506
31618308
31619187
31620673
31625484
31627524
31629316
31631729
31637527
31645682
31648010
31654463
31661064
31661309
31663652
31672053
31678227
31683318
31690553
31695124
31704525
31706781
31708367
31710235
31715186
31715870
31716589
31718586
31727366
31733418
31737029
31746230
31751436
31755925
31756611
31762979
31765859
31768336
31777116
31785793
31792776
31800235
31805364
31815299
31823003
31826826
31831513
31831742
31840655
31842577
31847376
31855690
31859867
31862603
31862784
31868263
31878035
31878934
31886410
31894961
31898263
31905701
31913452
31921959
31930237
31935025
31936252
31937410
31941026
31941032
31950866
31951465
31955282
31956597
31957130
31958650
31963787
31969007
31977107
31981157
31984650
31993900
31996263
32000284
32002269
32011164
32020663
32022419
32028564
32031890
32038548
32047994
32048757
32053165
32057470
32062863
32068410
32073941
32080491
32089654
32091542
32094277
32104038
32109742
32113791
32120436
32124011
32129549
32137765
32139439
32145378
32147086
32148009
32152662
32158390
32167650
32171197
32176424
32177439
32183482
32192034
32196059
32201547
32207214
32211998
32218142
32219201
32219532
32221206
32225166
32234659
32244573
32251267
32256872
32262489
32269584
32271833
32281025
32283657
32290474
32297691
32306261
32314785
32319277
32328851
32329455
32333206
32336326
32338508
32339625
32345139
32352224
32357365
32358366
32361117
32371042
32374539
32374700
32374955
32376477
32380597
32386696
32388131
32395297
32397000
32404052
32408312
32408615
32411210
32414453
32421572
32431383
32439547
32441542
32442196
32449933
32452531
32456935
32464143
32468922
32474443
32477164
32479027
32486040
32486113
32487079
32494016
32497585
32498711
32502254
32503697
32505295
32514936
32517813
32526576
32534271
32540551
32549925
32557923
32563149
32572117
32573585
32574974
32582105
32585567
32587609
32588828
32591239
32597685
32606111
32609652
32617970
32625468
32630872
32636202
32643772
32646493
32648760
32656251
32656449
32662258
32671191
32679338
32681140
32689301
32692562
32702058
32706499
32709133
32712978
32718996
32720597
32725910
32733316
32738399
32743525
32752973
32759274
32766811
32769056
32770134
32771211
32771773
32780348
32783180
32789071
32795216
32797120
32801629
32811616
32813718
32820388
32829307
32835907
32844378
32851457
32861318
32869284
32877155
32886001
32887812
32891701
32892148
32899271
32906917
32908798
32917398
32924491
32932673
32935161
32940850
32946461
32956378
32962628
32966814
32969562
32978055
32984737
32985741
32995094
33001762
33011219
33017241
33019179
33025235
33029727
33038743
33044659
33047117
33050356
33055118
33059386
33062865
33064425
33072167
33073291
33076731
33079424
33083993
33091966
33097147
33097404
33107340
33112437
33115296
33119417
33123613
33131316
33132118
33137317
33144372
33148193
33152848
33155925
33161683
33168746
33176314
33181087
33184065
33190442
33194805
33198896
33205892
33213733
33215735
33216824
33222141
33223935
33227717
33237602
33247368
33256330
33262823
33272524
33276582
33282285
33282458
33287063
33290468
33297794
33307598
33308058
33309204
33310014
33319902
33326805
33334677
33342132
33350160
33357362
33357546
33366288
33373932
33381111
33387694
33397340
33405608
33413859
33415298
33417347
33425482
33433038
33440400
33441379
33444988
33452759
33459441
33463222
33465597
33472035
33473142
33481672
33488569
33497173
33506513
33509649
33511508
33515071
33515662
33525548
33532664
33539790
33548417
33553177
33557481
33559042
33563447
33572370
33582181
33588024
33588995
33593292
33596690
33601374
33603002
33610008
33612462
33620771
33627910
33632739
33637485
33642082
33651792
33659787
33662987
33672036
33673166
33678224
33687188
33695260
33696555
33702634
33707831
33714105
33721295
33727148
33734982
33736576
33741351
33745348
33749136
33751234
33755879
33759417
33766198
33772470
33779365
33788600
33793180
33797213
33797628
33803306
33811935
33812059
33812083
33820264
33825789
33833294
33842884
33847372
33852949
33853834
33860752
33867877
33875035
33879143
33882120
33883463
33885516
33889620
33891311
33897152
33903353
33909689
33919067
33922048
33924655
33930927
33939494
33943033
33949690
33958671
33964239
33965876
33971333
33976924
33983093
33984074
33987169
33992928
33994748
33999771
34002766
34007855
34010003
34016507
34025703
34027179
34031377
34038978
34044557
34050446
34060239
34068370
34070594
34079764
34087228
34088410
34090203
34096233
34100953
34105754
34110765
34111052
34113842
34114309
34116538
34125496
34133295
34138619
34143335
34152953
34159651
34163713
34168419
34173616
34174181
34174435
34181108
34185871
34190077
34198680
34199331
34203329
34206415
34215641
34225160
34225709
34226116
34233779
34240357
34241836
34244300
34252240
34260357
34265610
34270368
34270714
34271276
34273832
34275853
34281131
34289656
34298374
34304065
34313648
34317563
34323819
34330007
34336946
34337964
34338357
34340250
34348270
34349012
34353990
34357587
34357847
34363373
34367376
34371650
34380106
34381939
34388676
34395071
34405021
34413362
34420867
34421162
34430065
34430125
34432440
34432972
34437909
34445293
34451515
34452386
34453684
34462513
34469571
34474159
34480357
34484159
34490640
34491209
34492104
34493562
34497727
34498881
34502217
34506737
34512164
34513955
34520307
34528823
34533360
34536013
34539221
34541262
34544209
34552671
34561124
34562737
34568082
34571471
34580468
34588387
34588998
34595644
34602391
34606411
34607645
34616942
34624763
34628829
34638694
34643761
34649284
34653314
34659534
34664744
34673293
34681291
34684643
34685895
34688760
34696649
34700554
34706627
34716556
34719759
34720645
34725378
34730194
34736425
34740898
34741062
34745211
34750294
34753455
34760702
34769804
34770550
34777093
34780367
34785178
34791586
34799926
34806612
34807049
34807960
34809855
34815192
34820453
34825700
34828640
34836765
34846252
34853096
34853645
34859412
34865811
34867246
34867746
34868960
34872977
34877949
34885678
34893843
34900250
34901139
34906550
34912058
34913693
34921999
34927133
34933578
34938291
34941764
34951246
34952747
34953483
34954860
34958049
34964045
34967020
34973148
34973620
34976081
34985405
34986426
34994653
34996727
35005534
35014260
35017547
35020370
35020420
35027787
35035126
35041582
35046189
35055290
35063605
35066198
35073604
35077052
35082442
35090912
35094185
35099056
35105378
35109386
35115633
35125143
35131498
35140719
35142709
35149535
35157568
35165233
35169431
35175691
35185429
35194785
35199770
35209146
35217676
35222710
35225804
35231672
35239513
35247213
35248534
35254690
35254983
35263709
35273312
35275346
35278894
35288121
35295025
35304894
35308128
35317631
35323362
35329302
35334377
35342097
35351215
35354323
35356059
35359374
35368741
35370214
35379237
35379940
35387140
35394692
35396781
35397074
35406846
35416775
35424767
35425859
35428295
35432931
35439100
35441139
35447808
35457524
35458789
35462362
35468299
35469150
35478577
35480244
35483386
35487887
35493625
35495884
35503492
35510965
35512891
35516217
35525162
35526110
35530139
35536283
35541134
35547251
35553687
35558309
35560706
35561485
35567198
35572031
35577446
35579328
35582551
35590986
35598935
35599774
35608133
35612018
35620059
35627844
35629747
35630930
35633216
35640856
35650649
35656894
35662006
35663724
35673295
35673703
35682720
35686319
35689222
35693090
35699157
35704847
35709688
35714503
35720972
35721526
35731173
35739408
35748195
35757416
35764085
35767172
35767232
35772260
35775584
35780036
35789200
35794426
35800060
35801509
35804375
35809802
35817496
35825473
35828969
35836233
35844618
35853483
35860697
35868336
35871068
35874348
35877677
35885249
35889695
35899492
35903969
35904414
35912445
35922060
35931725
35932776
35941830
35947906
35950336
35952713
35953241
35954835
35958789
35961302
35970696
35977515
35981806
35988893
35990041
35997828
35998530
36004414
36011065
36018980
36022502
36028236
36035782
36042632
36052289
36060633
36067279
36067765
36076553
36077581
36084033
36092485
36100916
36106421
36107301
36114513
36118746
36126505
36135310
36143497
36143768
36148319
36153324
36157886
36159523
36162027
36170727
36179418
36187805
36189507
36192464
36194373
36198160
36205015
36210125
36219920
36225118
36233226
36233506
36237491
36242978
36246062
36254850
36258767
36263707
36269726
36270855
36280028
36283805
36290090
36297449
36301497
36302332
36311047
36316008
36324832
36332403
36332415
36336281
36342238
36350303
36357125
36361342
36369545
36369573
36378900
36386897
36388474
36392260
36396889
36398802
36408074
36415786
36416487
36426028
36435031
36438102
36445123
36453298
36460146
36463451
36465336
36472583
36473075
36480027
36482234
36487901
36492423
36500993
36510525
36517355
36523989
36526694
36527741
36532577
36535310
36542035
36551219
36555528
36556038
36559850
36566072
36572205
36580080
36583354
36589027
36595905
36602249
36604942
36606346
36615889
36621887
36625176
36631965
36634806
36641398
36650393
36658900
36660013
36663929
36668319
36676261
36676810
36683904
36689244
36690980
36697158
36705574
36706494
36706981
36712258
36713341
36716401
36717811
36726769
36729454
36736536
36738723
36747751
36753878
36757468
36762391
36770867
36777745
36779456
36780772
36784241
36791299
36797473
36798406
36799379
36799942
36805169
36813043
36817051
36823969
36833578
36833764
36839098
36845978
36853002
36859964
36864279
36864362
36872733
36876005
36878772
36880577
36882387
36890533
36898464
36903863
36906931
36913337
36921966
36926745
36930818
36939267
36947455
36947701
36957083
36966243
36973403
36974363
36977748
36978915
36986792
36996138
36997490
37000700
37006925
37015300
37015472
37016011
37024468
37029362
37029524
37037099
37040149
37042120
37044193
37045173
37048895
37050387
37054124
37056474
37059096
37066905
37067703
37068512
37072918
37079449
37089418
37090983
37098473
37101826
37104558
37109925
37112623
37116706
37121634
37126909
37135719
37137170
37139335
37142953
37145650
37154329
37155522
37161268
37168269
37177886
37184612
37185334
37186442
37193256
37202679
37206409
37207384
37207605
37212143
37217523
37220626
37221484
37224781
37225374
37225937
37231965
37237924
37241184
37247646
37254884
37259770
37265041
37273730
37277133
37282374
37283759
37285840
37292273
37299403
37308484
37310885
37311092
37317247
37320755
37324128
37329705
37336942
37341289
37343438
37345213
37351291
37356543
37359175
37368549
37370745
37373939
37379340
37383846
37386652
37394867
37396610
37400653
37410490
37417273
37424718
37429795
37434314
37443839
37451700
37459701
37464659
37464920
37473127
37474239
37478008
37485939
37488979
37496336
37498613
37503802
37512933
37521288
37528080
37536195
37543923
37549262
37556922
37566403
37576247
37583064
37587111
37588697
37589557
37593440
37598161
37606465
37611777
37621016
37625197
37628369
37635608
37641098
37650883
37652681
37659282
37669187
37678915
37684907
37692168
37694173
37701705
37708097
37714808
37715483
37716341
37717131
37723144
37731661
37731931
37737787
37739473
37743789
37747583
37750128
37754679
37763193
37770393
37780255
37784359
37792091
37795124
37796467
37799688
37808857
37818349
37824522
37833595
37842814
37851331
37857665
37865240
37871288
37880365
37881002
37887725
37897659
37899086
37901821
37906623
37908319
37913262
37919749
37922113
37927201
37932584
37939498
37943099
37952034
37958809
37962865
37965883
37972042
37973792
37980031
37985359
37986600
37995363
37996115
37996575
38003854
38010939
38015325
38025004
38031165
38036188
38042589
38045035
38051484
38056971
38064219
38068715
38075496
38075582
38082441
38084309
38086130
38086254
38088074
38095181
38102079
38107955
38108079
38117488
38125113
38127827
38128915
38137781
38139258
38141097
38146774
38151881
38160805
38167219
38172004
38173440
38174876
38182413
38186295
38190531
38199907
38207388
38216120
38222276
38226194
38228136
38236160
38241898
38243964
38250159
38259355
38268318
38270388
38279708
38284431
38290478
38292511
38298321
38299585
38309446
38317095
38324035
38329003
38331927
38335280
38341384
38345743
38346884
38350525
38358765
38364141
38373509
38379229
38383336
38388859
38398497
38404546
38414444
38416171
38420637
38423082
38424005
38427433
38431947
38438541
38443044
38449956
38458582
38458894
38467069
38471908
38476220
38481334
38487492
38494727
38499546
38508159
38509753
38512064
38520669
38526854
38534540
38542512
38550769
38558914
38568761
38576655
38577200
38586944
38592916
38597926
38606466
38609712
38614501
38617555
38627394
38636685
38646650
38651467
38657422
38661914
38671569
38671835
38681440
38683604
38691105
38691880
38692656
38698102
38701187
38710568
38712198
38719321
38726673
38736559
38741826
38749024
38753155
38755318
38758612
38765067
38772239
38774072
38783772
38792084
38793322
38802861
38810464
38818019
38818726
38828635
38830681
38837394
38837568
38845570
38854446
38858472
38863601
38869604
38879075
38883640
38889023
38890124
38891811
38900898
38908236
38911541
38914177
38915646
38921113
38923394
38931317
38940307
38940773
38944747
38952049
38960104
38969968
38971224
38976833
38977403
38978567
38982573
38989855
38997544
39005904
39008413
39010128
39019968
39024832
39026017
39030421
39030667
39039304
39045395
39051079
39057054
39062801
39067473
39071268
39072482
39079434
39087503
39094058
39097827
39106221
39110077
39111901
39120159
39121622
39125406
39130585
39139563
39143705
39152518
39159185
39161686
39163007
39171388
39173728
39179912
39185829
39188924
39191706
39192612
39201797
39206614
39213494
39218426
39227914
39234940
39237437
39240229
39241675
39250726
39257286
39267125
39276384
39284767
39292863
39299936
39302103
39305378
39311429
39317737
39319824
39328893
39334053
39343812
39347613
39351464
39353759
39363476
39370421
39371849
39378823
39381305
39387549
39391402
39395167
39400899
39408129
39410742
39419265
39427940
39429603
39434685
39443199
39450472
39460289
39466898
39471244
39479579
39485814
39492562
39493556
39498229
39504045
39510198
39514630
39524246
39530601
39533679
39539363
39542662
39547167
39549825
39551957
39552705
39555567
39561463
39564294
39564386
39569246
39576951
39582069
39588592
39597731
39601362
39601509
39610464
39617056
39617900
39621541
39630719
39638310
39642944
39646795
39650201
39657339
39661973
39671346
39674838
39682549
39683958
39687100
39695667
39696085
39697711
39703377
39713008
39716881
39725378
39731452
39740185
39746386
39747578
39749185
39750876
39752050
39753803
39760800
39768565
39771162
39771799
39775094
39775281
39780551
39787696
39797641
39800048
39808178
39813847
39816097
39821937
39825366
39827110
39831516
39835362
39838731
39838802
39848631
39852224
39857143
39863045
39865370
39872842
39879935
39883866
39893028
39897647
39903331
39909490
39918225
39922857
39929652
39931681
39936499
39944916
39954089
39955203
39962378
39966032
39969167
39974944
39984437
39991000
39994872
39995122
40001883
40005475
40012148
40018737
40025921
40033864
40036354
40045863
40051277
40057212
40060651
40061579
40068484
40073958
40077396
40083035
40083140
40089724
40097392
40098667
40100019
40103211
40111951
40120478
40127324
40129198
40129853
40132543
40140980
40145506
40154798
40159995
40168112
40174076
40182213
40187513
40187771
40194749
40199557
40201581
40204493
40209092
40212043
40221859
40221931
40224671
40226478
40233007
40242330
40251804
40255959
40262986
40272003
40274897
40280450
40286312
40291080
40297287
40302191
40305395
40306127
40310322
40315074
40323922
40330432
40339672
40340171
40346938
40353155
40358462
40367252
40372733
40378990
40387082
40388730
40391410
40398593
40402047
40411255
40414113
40423392
40426754
40436638
40444934
40451190
40452978
40453487
40460862
40468856
40474268
40481198
40486275
40495881
40497562
40497838
40500305
40507577
40508351
40517585
40521073
40523505
40527880
40533200
40541888
40550707
40557675
40559043
40561396
40568169
40568744
40573954
40580006
40580295
40585388
40586087
40588983
40595863
40597070
40597340
40598565
40605184
40612383
40615036
40617612
40622843
40625771
40630814
40633316
40637018
40637646
40639987
40642472
40643826
40651487
40652660
40659184
40660164
40662704
40671581
40679333
40688799
40692885
40693040
40699146
40704677
40705530
40714531
40723293
40725353
40734623
40740962
40745992
40752460
40761451
40765408
40773458
40775377
40780728
40781279
40783251
40789229
40792121
40796577
40800261
40807165
40809145
40809352
40817235
40818106
40827189
40832823
40839512
40849033
40854822
40857616
40859019
40862012
40870159
40870323
40875375
40879143
40885645
40892078
40892314
40894159
40894549
40899186
40902949
40908689
40913877
40915963
40924033
40928464
40931357
40933110
40934444
40939317
40947628
40956844
40958939
40962685
40963886
40972669
40982287
40985628
40993557
40994577
41000911
41006986
41014521
41022258
41032100
41032489
41036659
41043088
41045321
41046232
41047298
41049645
41052647
41055252
41059684
41060755
41067790
41071466
41080641
41085361
41093909
41101395
41105330
41112325
41119908
41121395
41127172
41134372
41139200
41142905
41151124
41158637
41164768
41166873
41168474
41174447
41176940
41182710
41191463
41192540
41195572
41205390
41208813
41214847
41217269
41221475
41224931
41230739
41238621
41241252
41241779
41244560
41251028
41251841
41261616
41265666
41267966
41273518
41281119
41284598
41290206
41296025
41303368
41305107
41309382
41318325
41322388
41329156
41330221
41333036
41340880
41344976
41353961
41355228
41361709
41369467
41371291
41381228
41384794
41394499
41403418
41403862
41406348
41411734
41412991
41421603
41427390
41437298
41437813
41441200
41450938
41457061
41462618
41469698
41473911
41483742
41489764
41498039
41500989
41504427
41511868
41512662
41516548
41522973
41531385
41531751
41535934
41542521
41549175
41553275
41559567
41565139
41569682
41574811
41582120
41587919
41591659
41601106
41603164
41607419
41616604
41618399
41625128
41626221
41635095
41636036
41636960
41638208
41643775
41644000
41645037
41648044
41649062
41653984
41663416
41669197
41670837
41680803
41683171
41691464
41695529
41700540
41700757
41709364
41715855
41719732
41720490
41720720
41730396
41739563
41740399
41749259
41750221
41754137
41764090
41770277
41775133
41782361
41786147
41792921
41800373
41805196
41814977
41819799
41829543
41835107
41842061
41849796
41855325
41860998
41863378
41872971
41880006
41882602
41887153
41890678
41893502
41895162
41895269
41897768
41898595
41899537
41907248
41909036
41913894
41917909
41922235
41928300
41929542
41937654
41940493
41945538
41948472
41951091
41960957
41969986
41974520
41977692
41984456
41984518
41993362
41998857
42004863
42010742
42018832
42025740
42035143
42042408
42050976
42056837
42062953
42068699
42075502
42075680
42079565
42087577
42091769
42099979
42104055
42105840
42108513
42111779
42118608
42124214
42126450
42129497
42130484
42137253
42143471
42147573
42154403
42155816
42165412
42174599
42178242
42182279
42188374
42197772
42205425
42206439
42211697
42215465
42222224
42224284
42228229
42228872
42235295
42243431
42248635
42249134
42255406
42263283
42263399
42266500
42276334
42278686
42284833
42285653
42294773
42303489
42304762
42307064
42313544
42314412
42315900
42316023
42317279
42321213
42330733
42339642
42344589
42349366
42352042
42353747
42356936
42359909
42368608
42378219
42385679
42385934
42392395
42396127
42404258
42410835
42417667
42425631
42434559
42443889
42449025
42453424
42457821
42464229
42470929
42471805
42475433
42483621
42484619
42489502
42491623
42498492
42502283
42509351
42517349
42520168
42525292
42526478
42532269
42532444
42539592
42542842
42543271
42553232
42556565
42561476
42564365
42570881
42580107
42581923
42584120
42588481
42591047
42597640
42604761
42614027
42617848
42618596
42626049
42630867
42632849
42638774
42646813
42648938
42658282
42664318
42669261
42670081
42677302
42684387
42685381
42686101
42692787
42700561
42701241
42701260
42703944
42707512
42714046
42715955
42717690
42726421
42729043
42733344
42738667
42748409
42751975
42757470
42764311
42771681
42778346
42783520
42786814
42791517
42798815
42807805
42808543
42817135
42826944
42831254
42836930
42837732
42839113
42841475
42846402
42848463
42850843
42858453
42860433
42865698
42871568
42875283
42879278
42887769
42892136
42897806
42902390
42906674
42907838
42915614
42917267
42925095
42928045
42929343
42938225
42944824
42945111
42954730
42959921
42960016
42960296
42961162
42968410
42970071
42979650
42981824
42985545
42987503
42997286
42999338
43006561
43008566
43014332
43021901
43022396
43028880
43032118
43033549
43034316
43035070
43044276
43053047
43057980
43066487
43066556
43070371
43075477
43082184
43091969
43092265
43099067
43099132
43106645
43107046
43108771
43115863
43118438
43120235
43125636
43134345
43138193
43147168
43147881
43153847
43160391
43167951
43170400
43176533
43181875
43191443
43194681
43195580
43203918
43212089
43221495
43226253
43228238
43232749
43234214
43235983
43237141
43241759
43249944
43258614
43263632
43273541
43275654
43279598
43287655
43295169
43297822
43306079
43312567
43322284
43326506
43329537
43333165
43336187
43341703
43347024
43349613
43358366
43364586
43371865
43378788
43384413
43386449
43391708
43398195
43401695
43408723
43416367
43424484
43429696
43432361
43441848
43443321
43448099
43451529
43461058
43463349
43465783
43469920
43478698
43487201
43495559
43503720
43512202
43519934
43523610
43527413
43534085
43536513
43536535
43540485
43549836
43551834
43557820
43558781
43567265
43573102
43581090
43587217
43587523
43597075
43605866
43615658
43623034
43632954
43636175
43639431
43641641
43643648
43651041
43658381
43658890
43660992
43666492
43675482
43685315
43694490
43697282
43700139
43708093
43717258
43724064
43727720
43728882
43738025
43742642
43752287
43753619
43762575
43764698
43766335
43774842
43782108
43783536
43785770
43792955
43793955
43799445
43805192
43814550
43817432
43820518
43830384
43835367
43843952
43849160
43850328
43854439
43862438
43866462
43874878
43878394
43885575
43887647
43892324
43895000
43898040
43898714
43902721
43904716
43907512
43913155
43920009
43926422
43929844
43938931
43948881
43949654
43950582
43956278
43956409
43960218
43968999
43975347
43980491
43984208
43985763
43992074
43996253
44002159
44008845
44011439
44020860
44024726
44025743
44026192
44029085
44029493
44030615
44037514
44046269
44046539
44055432
44061040
44067722
44076388
44077434
44084065
44093504
44095478
44097804
44103725
44109507
44116965
44125585
44132862
44134036
44134211
44144150
44145854
44148286
44154910
44155560
44163764
44170606
44178624
44187276
44197010
44205436
44215210
44221843
44229023
44229066
44230943
44240082
44246806
44247349
44247533
44257240
44263573
44272082
44274114
44282719
44283362
44289204
44296428
44304347
44311362
44315112
44322970
44328041
44330574
44335055
44340775
44341511
44349185
44349274
44358662
44366070
44370936
44380097
44380489
44382534
44388089
44390357
44397892
44400170
44409332
44417051
44425387
44427233
44433460
44433828
44434278
44437499
44443708
44447734
44448874
44458449
44466224
44475221
44476218
44482878
44492707
44495775
44503170
44507025
44510182
44516964
44518226
44526248
44528542
44536547
44542966
44550814
44557438
44561391
44567869
44573655
44581678
44586491
44594122
44594724
44599904
44604337
44608159
44615899
44624357
44629318
44632985
44635569
44635878
44640541
44649784
44656274
44664005
44670643
44670987
44671874
44681645
44689602
44694862
44696927
44699240
44700918
44710830
44719766
44725397
44731786
44732859
44732864
44734066
44739122
44739728
44742461
44751949
44756377
44763202
44771147
44776887
44777378
44784258
44790307
44795460
44797935
44806825
44809708
44818820
44824405
44824526
44829760
44833301
44838682
44845980
44851833
44855243
44858805
44859945
44865337
44875287
44877500
44882897
44890400
44897668
44903670
44903906
44910661
44917442
44920854
44921905
44924426
44928328
44932610
44937531
44946585
44953341
44957151
44965440
44967659
44977053
44981814
44989267
44998553
45005046
45009796
45011286
45017541
45022204
45024833
45026479
45031092
45035933
45042975
45051442
45053550
45062946
45068000
45073214
45079390
45087855
45090471
45095519
45097885
45104783
45111103
45118875
45122528
45122657
45125069
45130941
45136815
45143987
45147311
45148822
45148839
45153264
45156264
45162535
45171623
45173604
45181520
45181572
45188393
45189703
45198221
45203502
45210559
45220483
45227329
45236913
45245301
45254763
45259395
45260149
45266508
45267459
45272336
45272347
45279779
45287067
45289301
45298958
45299769
45301678
45309198
45310025
45316359
45323230
45326679
45328452
45337303
45345020
45346844
45348868
45357894
45364587
45368243
45374325
45380941
45381442
45387107
45388463
45394777
45401425
45409886
45418910
45422861
45426198
45431585
45439319
45446295
45453915
45461305
45469091
45478620
45483529
45488494
45490708
45498840
45503605
45507591
45514573
45517054
45519215
45528220
45529726
45534931
45543943
45547882
45549703
45559216
45565172
45574700
45576878
45579481
45587469
45588671
45595224
45596548
45603136
45607422
45615721
45619928
45627956
45630392
45630479
45639767
45643519
45645819
45653238
45661755
45664392
45665145
45666142
45670939
45677048
45685903
45685905
45691026
45693819
45701993
45702978
45708078
45715779
45718941
45726644
45728684
45733047
45733654
45737017
45737967
45739212
45747225
45748734
45754358
45754806
45756401
45757664
45761864
45765759
45770793
45779861
45786392
45792178
45792242
45799922
45801816
45807086
45811119
45818133
45822548
45831106
45839104
45848618
45851228
45858740
45862308
45866957
45868831
45873006
45881017
45890193
45891964
45894339
45895023
45898769
45901591
45910221
45915229
45918602
45927478
45927519
45929959
45935366
45937544
45946400
45955838
45959910
45964035
45967505
45974942
45983481
45991860
45993647
45998052
45999040
46008338
46016310
46021946
46029469
46037967
46047965
46054663
46054931
46057303
46061036
46061401
46062946
46065309
46067034
46068304
46075894
46077659
46081368
46084364
46088307
46097223
46106008
46110374
46119767
46128373
46130175
46134458
46141442
46145030
46153717
46161688
46170925
46177584
46187542
46194302
46199458
46209413
46219222
46220998
46229676
46239570
46241710
46241933
46244189
46244405
46245897
46252094
46254075
46255627
46264820
46267095
46273915
46278244
46284884
46291096
46294031
46298824
46305670
46315588
46323969
46329502
46333743
46337712
46339903
46344101
46344829
46348527
46349032
46349569
46355042
46360576
46361006
46364971
46367079
46376116
46380296
46383895
46389128
46391640
46393143
46393920
46395058
46399732
46404838
46412615
46419852
46424244
46433166
46437248
46441557
46445211
46454825
46463374
46470996
46479152
46481899
46490249
46498455
46508058
46513296
46513326
46518462
46520481
46524475
46531719
46539126
46543652
46550846
46559837
46563226
46568274
46578042
46582569
46592290
46593515
46602170
46609127
46614743
46618671
46626062
46632338
46639919
46643275
46648100
46653303
46654815
46658738
46662290
46672007
46681884
46687025
46696771
46701783
46708942
46709034
46717641
46718558
46719527
46725328
46735235
46735944
46743144
46749170
46750757
46757678
46764928
46771522
46771751
46780968
46781489
46785460
46787305
46795407
46802734
46809403
46812707
46817897
46824840
46828047
46829305
46832476
46837175
46844530
46852712
46860921
46868367
46871508
46880633
46885399
46894340
46903371
46905198
46911338
46916395
46919808
46929220
46937878
46937884
46943877
46948104
46954983
46964946
46971017
46975997
46979638
46988729
46993364
47002194
47008227
47016068
47016155
47025358
47027897
47035339
47039075
47046174
47047413
47054289
47060512
47062869
47065037
47070290
47074473
47079133
47085794
47089741
47093812
47095483
47099436
47105851
47111748
47112579
47115309
47117276
47119438
47125808
47126865
47133661
47138861
47142302
47143290
47144928
47153923
47163801
47172880
47175610
47182586
47189256
47195214
47198412
47207438
47215563
47220365
47223573
47226357
47227820
47231326
47234533
47237666
47241476
47247449
47252830
47253822
47262524
47269871
47273024
47278096
47282851
47292799
47299422
47307617
47308552
47316812
47324001
47324813
47332152
47338422
47342561
47342921
47345148
47352484
47361869
47368573
47370711
47379655
47389142
47399094
47401543
47410588
47420024
47426283
47431301
47436117
47443367
47447086
47449248
47456003
47461145
47468061
47471115
47472879
47474341
47478330
47478354
47487004
47488156
47491870
47496789
47502080
47506153
47509651
47518629
47528438
47528639
47529754
47538506
47544545
47551963
47559515
47564599
47571452
47571614
47578067
47579735
47587147
47587318
47587499
47588017
47589682
47593130
47596701
47600129
47605038
47608949
47618752
47628662
47633725
47643593
47644774
47651479
47655419
47660097
47662131
47662231
47663461
47672962
47681813
47689081
47695999
47698754
47707457
47707580
47710496
47715651
47723793
47730472
47732150
47740473
47747669
47751011
47759133
47759900
47763021
47772404
47777081
47780005
47785649
47791740
47794531
47801355
47810502
47813585
47821438
47822619
47825801
47834883
47835564
47843949
47846651
47854249
47855388
47856792
47860864
47864918
47867829
47870043
47870776
47875364
47882252
47890180
47898109
47899470
47908164
47909213
47909956
47919679
47920003
47926390
47932203
47935318
47944880
47949840
47952389
47959804
47965944
47971674
47974522
47977694
47981808
47987357
47994478
47999730
48003035
48004228
48009886
48016101
48019507
48025897
48026699
48026992
48027661
48032743
48034396
48040111
48042593
48051341
48056778
48059584
48061070
48068671
48070943
48071990
48074550
48079370
48087831
48092882
48093431
48101092
48109314
48110329
48113538
48118881
48121499
48128012
48130899
48139174
48148253
48154545
48155561
48165441
48168377
48176414
48177727
48178667
48182418
48186213
48192252
48197791
48204391
48211915
48215054
48220277
48228848
48230899
48230941
48234324
48237777
48244719
48245762
48253789
48258097
48262349
48272070
48278996
48286112
48288719
48293919
48300114
48309012
48311580
48314006
48322191
48322795
48326534
48332010
48336364
48343897
48345412
48351656
48352140
48361178
48366912
48372618
48380226
48384362
48386461
48387452
48395041
48400433
48402466
48408081
48417781
48420417
48422104
48428729
48434833
48439126
48447302
48449600
48459142
48459885
48460960
48468686
48476384
48481197
48484398
48492801
48495146
48499861
48504507
48513687
48513792
48520524
48521761
48529473
48530340
48533675
48538729
48547184
48555911
48559350
48559771
48564549
48566975
48569082
48570484
48579013
48581764
48587693
48594871
48597163
48600187
48608440
48614809
48615530
48618595
48628165
48637289
48639051
48639687
48639808
48640749
48647841
48654693
48656871
48658027
48665746
48667610
48673819
48676344
48683286
48689285
48698583
48700302
48708727
48716483
48725955
48732908
48733415
48738816
48742947
48752097
48760521
48762904
48768423
48773919
48775718
48777158
48778129
48781689
48790116
48791208
48792061
48797580
48801875
48811257
48817931
48826296
48827541
48836775
48837665
48845852
48851085
48857624
48863881
48863890
48868184
48873913
48877226
48878378
48885859
48893302
48893604
48895860
48902037
48907857
48915608
48919936
48923547
48932269
48940156
48942193
48948358
48957097
48964652
48971463
48979583
48980163
48985339
48991056
48997222
48999639
48999894
49001292
49010247
49016758
49024516
49034116
49042707
49043777
49044529
49050600
49055465
49056518
49064844
49072237
49075461
49077890
49079610
49086444
49093946
49103553
49108775
49108793
49113490
49122619
49129447
49138616
49148324
49156679
49161564
49167437
49168208
49169699
49173321
49179398
49187399
49188778
49190807
49197399
49206200
49208980
49217994
49221659
49221843
49225535
49232944
49242703
49248823
49257952
49260896
49264517
49269604
49277769
49287759
49297542
49304835
49311652
49316955
49323956
49329128
49335667
49344892
49347186
49355215
49364414
49369137
49375167
49375744
49382495
49391468
49397197
49403079
49407417
49413162
49419227
49427256
49430410
49432585
49433085
49435367
49440485
49440957
49448325
49451607
49452068
49455570
49456145
49463423
49468580
49472507
49481308
49483003
49492506
49499952
49509676
49518377
49526897
49532650
49538280
49543550
49544627
49545985
49553488
49558902
49566005
49569572
49579367
49579623
49581716
49582010
49590899
49598109
49598875
49601483
49601975
49609553
49612014
49619432
49624287
49631904
49633248
49633255
49642567
49643413
49647218
49656253
49662152
49664476
49665615
49667143
49674737
49683304
49686189
49687637
49687969
49694308
49699323
49699449
49702395
49705854
49712626
49714460
49715129
49719018
49719811
49720971
49722437
49725691
49734268
49736941
49744163
49750435
49759466
49765999
49769468
49772303
49774222
49783589
49788748
49798157
49799051
49808155
49816130
49816261
49816812
49825119
49831588
49833505
49838289
49847704
49853080
49854635
49862235
49868279
49873722
49882115
49885670
49888931
49896929
49905412
49911345
49916564
49917670
49922633
49930737
49935311
49943109
49943131
49943424
49952732
49962163
49969701
49978112
49981869
49989537
49994850
49996913
50001050
50008280
50015127
50025030
50033987
50038740
50042594
50047594
50054142
50056388
50061294
50071102
50077697
50081085
50083177
50091343
50095836
50102890
50109159
50114577
50115780
50118422
50124132
50124642
50133066
50136314
50141586
50143767
50151034
50157971
50158566
50166321
50170487
50177928
50185585
50195059
50203605
50205116
50205941
50211034
50211142
50216872
50218124
50221179
50226648
50229991
50231211
50241172
50241568
50249056
50250786
50258737
50258866
50262658
50267470
50272375
50275766
50282202
50289287
50289944
50293316
50300995
50309407
50313296
50314768
50317188
50320550
50320567
50320849
50325035
50326496
50326886
50333153
50335865
50339309
50341044
50347098
50348113
50356160
50358961
50367463
50377239
50377990
50382972
50392891
50398454
50408340
50411649
50419999
50426969
50427287
50429008
50430009
50438738
50440699
50443171
50450671
50455993
50464833
50472615
50478474
50478774
50483297
50485422
50488433
50492751
50496610
50505674
50511006
50512911
50514775
50514960
50522992
50531959
50537125
50545076
50545957
50547361
50548620
50557850
50562575
50564151
50565101
50570826
50577482
50586744
50591292
50591800
50596383
50599770
50608059
50614852
50618538
50627701
50636618
50643314
50653146
50662273
50664384
50665899
50666930
50670905
50672604
50681666
50690959
50694175
50701187
50701360
50705979
50710602
50720004
50725700
50728250
50734953
50736373
50745579
50751543
50757511
50763576
50770474
50779828
50780533
50784223
50793615
50803482
50806088
50808527
50814577
50816309
50820859
50828423
50837537
50842413
50848027
50852554
50856722
50865551
50873442
50877782
50887582
50890095
50890188
50892035
50893449
50900244
50903510
50910481
50919591
50925176
50928211
50934218
50939157
50942896
50952592
50953274
50963231
50971884
50975004
50981010
50987746
50995415
50998984
51001185
51010081
51015615
51022342
51031757
51032472
51033441
51037195
51044061
51047542
51047740
51056452
51057699
51064691
51066668
51074885
51080986
51088548
51089800
51098259
51107111
51108453
51112959
51118844
51120143
51129653
51138657
51145961
51152206
51155231
51162456
51167253
51169173
51171931
51179807
51181142
51190966
51199810
51201250
51207939
51216616
51218254
51223654
51233577
51238558
51242287
51246778
51254212
51261854
51267596
51273488
51279981
51283417
51283815
51286192
51290926
51300833
51308565
51316954
51319458
51320214
51325827
51333127
51342155
81692777
