50 21 30
560320 900038 492633 749695 455594 136011 712812 375906 353459 323208 958554 75575 984665 91908 373803 290815 384870 155440 79515 881088 208596 
324449 704068 27314 71868 596561 282254 107671 528884 274957 596369 540227 53401 845323 195438 65200 625572 699897 209418 129342 684159 170436 
178889 172472 977874 270108 691921 956293 404194 744553 324190 453014 34829 177604 56199 320418 543551 161989 766547 701044 81366 799689 736812 
601767 146444 147639 952005 521168 800758 288123 513047 249332 296704 74121 574028 881465 746952 538206 108730 397843 788417 412189 237151 986686 
779303 360674 778046 693398 120116 951253 894389 510387 285529 889718 866623 480724 188327 593197 169662 337080 557885 450843 36891 889598 920629 
312312 406344 755545 507453 533926 527239 428073 898388 805458 481516 774328 59762 640783 392978 843145 929229 631814 548536 713902 995240 988724 
810324 538965 410992 111459 967960 615344 953749 135528 205453 55134 444009 925542 608122 569900 738470 26731 325382 363577 393214 449508 637155 
184399 645470 552416 212681 893648 510828 495476 15789 703187 577865 912248 29707 734039 282628 120703 559332 524080 660758 921147 614728 642441 
472739 234442 4843 898503 495466 325370 38012 263909 243503 641844 295374 487081 669837 293003 526565 65971 881402 205588 54041 729109 975956 
730206 646788 74415 998402 249666 340000 912160 100458 61391 531044 116883 495483 622904 606240 17185 794262 368605 534433 145028 755785 46525 
4857 707415 74708 904949 359609 993905 234988 466836 946733 261137 861758 578526 206565 83955 644329 242234 433624 902231 973245 807371 615133 
11305 180286 84680 476165 617656 297127 992680 561411 976721 280591 573502 199225 611350 367968 648803 950711 623505 756764 427161 733965 761929 
489928 10102 121601 268383 286545 874986 10070 914824 244856 746769 391679 138928 962870 408275 419422 429238 442558 617321 419790 224813 210243 
826684 375803 687542 543153 525068 122988 516289 145108 25034 578833 587282 393504 93233 473428 675751 983986 774971 730020 15024 121866 908575 
214218 343819 769794 398201 858535 426792 813358 710120 600546 891794 446613 683080 850970 407519 255831 352499 483550 53658 517191 176769 130809 
409427 184873 276653 360118 764994 105612 667442 783732 140708 715269 160764 976802 411923 900738 909259 926979 355047 451195 378164 873584 71911 
907085 338774 733788 335233 548770 21308 573763 294485 426149 504136 44631 631699 278595 245627 717051 176135 519816 945069 204592 832600 670372 
741570 107602 327397 920411 312874 533593 513012 101129 570901 641513 602380 186540 967070 232852 908415 73865 946885 479612 124645 124992 909128 
354442 661400 857398 872496 40007 821292 598912 49539 397883 759454 528319 695124 797004 425981 637809 676874 279938 534181 399900 444294 488250 
190144 41819 971947 825076 65776 978282 618777 130331 848336 552129 107449 196198 798163 973662 457248 174338 860815 885196 466631 928808 587857 
123326 98344 879667 310016 32851 251143 633076 300524 755866 370013 790030 653381 812974 214158 612557 759224 61354 720007 250953 651377 511363 
973939 116212 777267 794295 554310 159683 127397 896010 309297 13645 556736 758766 3659 617004 83904 649405 701847 82956 865951 766176 153628 
75964 680153 763712 19785 837988 764117 515278 785252 517291 950684 295221 512000 574791 20243 22312 106837 585263 267661 601270 34715 502279 
241067 12958 509900 618851 812020 315299 6644 245969 808177 896502 376047 835489 417721 12482 329250 15712 868348 84845 218477 106797 306079 
198257 768237 5663 75640 754640 286480 210488 778267 963101 101607 932092 400357 74899 173347 276871 161634 179002 703591 614385 448059 661128 
134595 705987 758098 987090 541236 803728 242969 106501 761465 443541 389789 840211 841884 63224 507832 431624 69157 938715 305813 724170 425753 
870163 884882 357936 928236 721672 566425 703071 202867 757594 831129 685627 912334 332200 61304 186127 476689 734242 592490 368420 362682 794416 
31924 457799 406453 880269 182962 14890 806502 979184 688994 117421 719614 261043 500027 677251 632957 176433 242307 889893 598965 470903 167907 
952091 724720 564303 808135 718276 585993 573433 449595 202770 819044 337948 566428 206796 496965 884794 339167 942095 214485 728559 133322 14667 
856871 376743 335593 393155 171130 218546 994548 559273 589781 958797 511698 700247 333541 670107 584401 747644 923782 59415 571776 234218 389303 
423893 397012 326869 234276 926138 467799 387433 248738 145767 173587 315693 280505 162961 399460 569616 716396 576386 329282 573064 676269 512565 
909079 418426 90505 481116 508527 591587 397741 35724 162909 21551 793060 965421 725098 694080 733019 938318 199158 162031 620722 464052 221072 
729529 76023 641600 138953 613257 22750 817077 365705 123649 606688 860634 92015 428658 401060 594211 132277 125801 440017 250171 686073 690556 
445443 414787 267915 553587 20130 348284 213588 841588 845732 477660 337586 762200 895720 254572 379270 440704 15654 389597 940442 985299 528149 
468238 574227 865022 37929 111995 432564 724328 288748 994199 472932 981191 834891 91331 885724 891618 905130 745308 27184 859540 603375 318434 
409147 149490 627132 2872 860156 739037 419480 597147 363085 228877 595875 26385 396386 65888 30546 669250 202901 671987 184309 117414 910913 
623528 52951 765643 532186 596972 171350 550855 529969 524261 554597 204760 570674 23299 921686 499949 435620 171168 728105 793134 372430 159791 
206095 551967 128032 996412 256270 263759 723400 794758 904746 873424 176656 331776 535221 839677 794976 425086 703769 724593 923568 957825 194145 
191787 859191 581114 489326 241239 722744 86704 510313 43612 152897 5873 405064 625897 530828 232366 620704 800220 649244 887872 735601 587250 
331530 344739 435798 771966 850917 240444 645780 516948 369649 937178 477149 576581 874561 393139 27993 993762 91518 579077 992589 125543 616146 
615105 131780 364470 242676 535466 945754 150716 120541 793170 28 990702 563157 179511 577586 421694 796707 374594 676473 399816 58300 61506 
120447 806954 713038 163150 801823 347121 856455 736823 543847 335460 528197 747129 395753 201217 777658 434877 722300 233194 530904 192537 464264 
800436 924516 687120 755622 734494 390153 795345 522516 512877 622624 571981 955010 796938 982924 11886 670743 174442 572758 684803 78699 694244 
424163 839386 39335 651993 257124 494680 799084 31895 497387 819553 432194 272278 443610 499455 131068 300569 539599 287151 451053 486855 697433 
609509 799402 166191 820142 632345 832195 906288 65175 870332 554938 861583 466297 980882 428273 393183 347434 627257 265237 35531 349416 930071 
131312 265334 110547 123446 889521 944598 760827 707913 100015 753834 555502 107178 591984 423536 129946 440367 43871 409270 870548 697585 24782 
417333 513642 979282 357502 957248 806224 366816 898862 656662 792233 941027 430741 761563 53965 813760 169578 604436 872056 863824 678927 392060 
692924 245866 828940 289647 843668 344722 452084 701952 621674 613044 2587 729600 748418 73862 871794 467156 918615 610295 782917 598674 585208 
301202 173381 348059 549805 994092 98845 77382 959964 33199 674593 491491 975721 547955 82430 699741 779182 449961 637556 336183 547980 536966 
726496 360416 493251 534889 986790 942426 98458 324187 846383 804046 418715 671694 401643 401082 531313 873997 653967 954367 837791 914062 989490 
879660 827636 351220 778337 71993 443324 642782 438603 758806 423628 496619 756106 841664 508093 564139 841550 863934 887109 864737 33232 446497 
1 2
2 3
3 5
4 6
5 6
6 8
7 8
8 9
9 10
10 11
11 14
12 14
13 15
14 16
15 16
16 17
17 18
18 19
19 21
20 21
1 4
2 4
3 4
4 5
5 7
6 7
7 9
8 10
9 11
10 12
