49 10 15
7066 659379 847700 878210 725130 578554 265484 650448 264608 180774 
45323 664306 755177 170054 927225 784631 280367 205401 660445 495371 
570286 883017 193899 608156 841134 515558 696577 953179 658267 187358 
221712 227879 320615 474820 795738 983134 620592 623721 48763 306634 
976198 576032 238589 860590 54874 998878 637305 979359 861201 777255 
68961 14916 293948 645481 207731 669956 674547 837108 841239 340001 
984927 545036 774858 561114 250115 929594 601361 498355 968419 25358 
342586 313730 721016 776564 106103 860918 786644 819420 62968 547748 
245270 855396 423304 404474 719104 711749 424386 205659 163460 45407 
673931 739825 285133 300974 959604 246898 907921 603951 135232 488481 
620204 213901 824521 462534 481259 217004 618677 820951 423935 558781 
279880 941833 482575 433550 174543 306250 252772 766311 915880 200984 
669971 392041 82724 73651 902972 753230 190319 917747 710300 687231 
185622 270777 850125 668245 76959 747697 666772 829065 791561 56599 
318752 869941 764504 789552 192802 427206 315081 780419 559275 659650 
40414 783321 519026 322013 901784 854789 624118 424009 81551 265325 
319196 451258 824512 835691 438667 262411 760594 490554 809566 190961 
228743 151404 254353 7308 256142 244911 413201 192800 343128 120172 
157788 334415 31626 116642 619518 55349 901843 114316 515975 181446 
211374 972221 739912 509240 245055 641306 556930 382254 354190 815167 
204357 359305 659861 645899 5593 901721 866117 151581 98868 149353 
26940 178699 494902 160812 716617 756892 848672 331729 326672 951662 
77046 303121 620241 317159 299454 769628 685351 853712 535564 629595 
207534 401728 307828 398796 919532 737443 351517 885007 478516 466925 
642602 627098 168662 967104 34325 980109 44937 2282 517016 43711 
963217 301906 775974 767782 882721 270792 481170 297866 715828 329537 
616729 357126 320385 580168 789950 500477 416047 521577 568667 577468 
260521 627385 341992 425211 333259 428212 268745 419519 685719 321935 
666826 280768 658690 449819 73015 211826 102919 958029 333030 78035 
6728 151241 933755 486541 408397 90936 203084 48049 846866 87012 
615253 553065 377877 17238 232676 70246 482711 470416 728193 24711 
454748 463038 701300 368448 949716 241694 259580 567130 195165 333980 
553502 295526 110290 574959 114034 211801 165090 87671 535218 880847 
521039 509544 240339 385937 603322 597720 536497 791248 943789 428360 
425988 145036 765236 383913 185685 745990 683785 263735 422668 500520 
972616 167046 665977 326662 365826 182820 271632 422904 72699 936799 
92640 914005 909504 800680 748766 207392 904108 264925 314366 57122 
114455 777107 127451 51704 530833 71033 932142 961655 281978 942218 
753901 357290 173466 84748 3623 289880 459318 301517 564049 182763 
121030 649040 52709 605904 502658 510762 375753 561467 108622 44558 
6997 426956 266931 21495 645556 192222 429313 802294 231428 142233 
477445 234792 402199 549153 444857 273571 464304 627440 712915 735800 
626767 591836 981922 846044 122753 574087 289720 439151 168411 418624 
44670 409606 349944 437312 922432 977993 139817 138700 786972 180640 
501371 325837 679892 182858 94834 383329 518178 474411 217684 885177 
523490 972092 70435 484712 226905 491027 464892 610791 500523 559365 
706891 924885 116814 341442 907128 316180 185785 994538 329871 387562 
32582 374166 545803 357733 367333 347855 459760 609848 972378 940463 
979011 943820 298151 413378 900942 143837 826721 832300 396113 734760 
219957 974391 536153 330049 695015 959045 514919 240151 350102 741296 
1 4
2 4
3 5
4 7
5 6
6 7
7 8
9 10
1 2
2 5
3 4
4 6
5 8
6 8
8 9
