250
105 93 11
102 74 18
3 2 1
75 35 73
118 13 85
140 31 98
102 45 7
180 153 20
117 101 32
169 26 80
79 69 65
36 22 4
42 10 6
178 1 57
166 54 158
30 27 4
82 74 11
61 20 3
35 34 29
70 61 56
76 21 67
124 55 93
113 56 15
81 23 64
49 38 19
137 68 95
95 4 2
129 81 38
172 46 86
100 72 21
85 30 61
71 38 42
103 103 56
65 29 4
156 133 21
97 96 60
8 8 6
73 22 52
121 42 46
98 14 81
175 146 63
150 11 50
179 170 116
124 68 6
155 56 107
32 11 20
40 24 35
178 2 59
21 5 8
99 84 97
176 57 172
1 1 1
29 15 9
150 91 74
159 91 49
171 67 48
1 1 1
37 2 18
152 145 116
97 33 7
29 3 4
20 9 12
131 21 94
145 44 50
89 40 70
49 17 49
120 60 117
42 20 42
60 29 5
1 1 1
155 142 20
28 23 20
65 52 45
107 2 35
90 68 74
102 36 35
95 81 27
93 26 8
111 64 94
110 97 61
92 73 20
113 99 100
11 1 8
109 78 18
40 35 33
55 1 43
60 58 60
33 16 23
122 80 9
2 1 1
12 5 1
81 2 69
10 5 6
11 7 8
161 4 42
113 107 18
63 21 55
106 8 14
140 19 80
42 1 13
55 11 17
71 53 34
145 45 121
70 51 23
84 74 64
91 42 1
27 5 8
155 126 133
45 40 7
80 21 43
42 18 37
10 1 3
121 87 88
43 41 29
69 8 57
60 38 34
125 54 82
112 54 92
137 62 17
121 23 40
97 82 70
172 89 48
24 1 6
128 26 91
34 23 28
101 58 55
154 40 38
152 107 111
61 54 4
116 19 9
114 107 57
117 5 22
105 60 53
160 83 129
180 103 46
177 61 140
49 16 6
159 112 130
29 1 2
173 131 136
133 133 72
62 53 58
150 32 58
80 47 57
17 4 1
75 41 63
47 45 45
21 13 19
152 87 120
98 77 23
94 55 14
120 70 50
105 55 22
33 12 3
28 28 13
100 11 54
92 70 78
154 10 63
154 16 149
152 60 57
169 65 80
53 38 36
105 52 63
66 31 55
163 156 95
167 98 98
32 28 28
110 19 39
99 88 73
119 111 111
127 97 107
180 136 30
37 6 19
160 105 98
57 53 40
104 47 81
89 7 10
159 85 80
122 59 81
124 104 47
9 2 2
60 44 58
13 13 9
134 52 14
136 29 51
33 32 18
96 93 85
111 13 74
139 40 31
120 76 88
68 12 6
47 40 15
116 57 112
37 6 37
14 9 2
5 3 5
51 14 28
71 52 5
175 78 67
146 40 63
41 39 11
84 59 18
21 2 5
5 4 1
107 96 84
60 23 49
104 14 9
83 78 9
86 74 55
116 66 84
32 18 15
95 68 87
104 51 20
122 69 85
176 11 7
112 49 65
149 137 95
149 30 99
101 42 101
140 86 14
163 70 47
22 19 15
111 101 24
54 44 3
32 23 22
132 110 13
138 121 68
96 33 78
16 13 4
8 2 1
95 89 54
100 7 55
148 78 64
82 64 13
90 87 50
179 179 132
27 24 4
145 93 19
122 17 6
83 8 18
175 59 131
152 55 24
55 33 27
38 24 14
20 2 11
89 68 28
28 16 7
20 1 16
18 3 17
81 70 53
