4200
1553 81 1310
35019 24708 8990
25981 153 1031
117792 105952 69221
31233 24106 4708
24992 9240 9611
58009 28722 15052
86756 72319 66139
91186 82151 71537
16492 12337 6057
130067 21597 53370
53763 40128 34345
111924 38390 99102
72059 37798 58182
34664 18402 19656
15471 4655 7516
70262 13659 55565
66419 35541 56738
111810 19384 102635
100089 29908 3200
114381 83096 62667
74510 46120 54899
24180 6395 187
73686 43755 65225
10133 2278 2536
85237 59677 4603
121664 54056 82142
52093 44872 2977
111536 77597 38584
33250 13995 17131
119416 13634 44583
130065 119218 39182
40097 29179 28644
31057 19892 15432
11027 744 362
117854 32244 2622
106382 91392 64705
35782 25209 8447
57835 25081 22931
128326 127587 50207
127715 114855 9388
33050 105 32527
121281 120237 37644
61087 5652 216
88379 67573 82536
15577 14697 13419
125507 30458 90448
72246 304 71359
117140 79975 53344
131092 78767 11043
29597 28859 22841
127018 58629 101265
69492 46535 3927
36079 20495 26258
22220 19410 17653
43294 24763 23503
76911 51877 12250
126848 58121 105244
9655 8738 3640
33021 14136 14956
101688 68649 88612
64642 20784 18161
23158 8770 1363
47019 2416 43991
20530 14861 18969
26808 14943 9484
44473 21821 22867
24642 5206 11396
40676 7115 25315
33970 24507 16589
120918 55900 101613
11915 7237 10906
77339 37927 61369
80309 13749 63841
10759 6905 673
30072 8043 11122
84742 84404 54323
127289 81648 110619
92347 70707 45610
107891 101274 27241
81490 76218 69218
48903 41858 3793
35895 28108 16824
110329 9661 65342
13098 11455 6866
37446 20949 32599
51280 28572 11972
22692 12515 10881
57129 7993 33435
100291 87025 80766
63288 50875 19559
65024 19288 10274
39714 37969 33947
117785 88077 84441
69023 58068 11935
112439 93936 68595
72724 661 58192
130210 98534 43418
99429 66076 49550
63837 53434 20038
74699 3359 38341
58751 31339 52672
3168 2484 920
105907 19333 104974
76831 3759 10445
102060 97307 29312
40141 32782 24368
130878 111782 21027
127488 111531 96161
105531 91069 48961
96077 2567 6118
28440 630 6842
129997 55004 7921
47420 27065 4377
808 560 148
107639 69668 13826
45401 35438 23651
31480 14146 12984
123701 82293 90190
1330 793 447
59564 51012 51686
85669 31726 22241
76885 25757 59306
72748 39415 46409
9312 4313 3037
58412 58028 8163
31755 28784 21603
73848 65597 922
48283 38402 16114
32177 18392 1610
22567 15704 5136
53939 14931 10328
45780 41375 31683
117538 5408 114083
101537 99431 38161
125907 92276 38384
79539 481 39496
92841 55272 12894
43605 22215 23543
68623 63831 38592
12992 10236 5456
121223 39593 10151
96662 86004 39020
48505 32417 24387
82897 12372 43602
133854 110053 63146
45250 42044 3824
17932 17649 16881
16515 4561 14164
125513 31216 101813
75376 49056 70273
109940 108373 15306
97316 30777 88128
95286 77422 50058
12223 3251 821
40415 30500 29322
90932 7985 60222
87996 8842 8510
77654 65351 17559
82071 23662 61525
124770 26628 90638
57133 5537 311
15786 12678 13228
55618 54903 4852
93520 12056 18082
13753 4621 6031
32725 10740 12866
28576 28238 8848
95742 62843 57755
90919 48429 89748
108047 37403 105298
85259 83769 35006
34610 2107 6709
104028 93981 20050
7778 1044 3722
2475 2000 2461
116040 18846 23576
22927 19352 7741
70062 12192 34237
110235 90012 88667
103151 42479 85619
67236 61368 36730
113006 76270 44001
74158 9821 30876
21429 10832 9166
89119 21073 7266
56780 44342 43043
102532 90719 76629
116818 103393 39753
108599 102842 1471
63404 5092 49258
110320 72690 75170
9464 8423 4885
6852 5743 355
132297 69293 7141
73909 54059 72873
78173 35817 18803
62070 55533 22380
13663 2367 13618
125364 66036 7281
3276 1699 849
76976 35257 9630
72448 57127 28087
2001 487 1768
119857 86388 64558
63644 22006 8048
32008 11434 28132
95953 22662 13548
18586 13534 11744
77533 41473 67756
130082 110796 49218
65541 2867 63630
18149 14252 7624
9923 3978 4359
78770 49255 40696
38219 24283 12192
71305 51052 4503
101366 42048 76567
80147 65960 17960
53347 47226 27217
125328 94578 32123
16526 14364 3443
53664 16147 9708
56596 45763 3327
100603 107 33899
44105 5486 22792
94194 39181 82281
47924 39172 4726
67769 24247 47392
86833 32049 85103
105845 5972 25192
30547 17506 25534
45370 5272 14703
101880 21720 23052
92817 37069 7397
115984 11493 53554
53615 37217 49424
92961 78045 40272
96845 60223 13733
98486 38193 49526
92344 66384 7332
122055 110547 394
53339 18528 12992
125155 1203 100276
40265 25653 21930
7314 6929 1150
33584 25854 2934
2862 981 2180
41600 31831 39060
18916 3718 16955
42490 12969 41966
110953 39321 107191
74157 47216 51589
95563 31612 94912
82600 40274 74349
10412 396 6952
73214 46818 45350
131410 61773 94990
99243 50707 81385
124221 53326 52279
33851 17648 21760
74302 16290 27395
101721 25940 74026
106574 87420 62812
114264 44633 112039
40556 7406 26528
118475 50464 72881
90791 8892 65804
119485 10505 27899
70748 11373 11449
103221 57589 72765
100295 57577 17454
86675 82849 19651
19859 12096 13945
89719 25991 32410
17995 7212 12578
5767 1071 1195
63079 53527 35949
63030 17363 49645
78169 55804 18765
108454 22651 20832
119010 85072 94472
75728 60486 16374
72037 36606 7913
4279 1847 523
69376 27768 42699
120601 110672 21898
97705 57161 16378
83823 34093 58658
55488 25839 17236
78752 25970 47684
61492 59994 43295
98517 15156 88056
71269 25235 59770
66661 45599 29655
129893 97012 11340
44991 14807 14225
59921 23308 42656
114029 60148 76928
98438 30949 86268
109844 29169 48882
128118 109230 96653
132792 90702 107143
124382 28223 116948
17790 2270 8608
70679 57438 26344
67238 10391 12699
2388 1573 1505
69606 67032 63907
127726 39010 92368
65234 47671 23132
83633 17731 70564
93549 88883 28419
89593 50758 609
76211 32746 47348
23764 15856 12968
98191 3979 20195
15813 4256 6196
111177 47606 58103
83446 9145 10333
62443 27469 27982
131148 20714 12005
117772 76451 106271
115223 36810 14390
68337 17328 25226
103532 12025 13362
6730 5444 1362
39851 3448 23987
89183 19935 87034
15701 4722 2102
96971 26414 43067
40014 25758 26116
100044 60423 92405
65409 23108 23923
38595 10251 38532
3243 2251 1282
131878 67702 27085
69168 30943 29839
115368 65907 78160
5380 1384 1710
124169 56183 19867
118612 68500 86786
132421 90142 89636
25818 15634 1858
120432 70428 111952
9945 9330 1599
98303 36997 19858
45642 29864 27499
94680 32897 41869
115925 40055 9023
93560 88081 2754
93059 26927 30587
105699 1439 101355
2530 853 901
111975 71189 70556
80447 54576 4379
21459 16654 18116
73572 7902 3727
124885 121211 24004
19502 2978 3727
2770 1617 1412
6888 815 4376
113480 72616 23452
124414 22792 10453
50824 9718 9190
9816 6382 7655
11954 2306 4992
72272 43893 42745
126193 43327 5488
53721 42437 26380
70849 55783 17071
132731 114011 18257
115277 115006 110109
127604 36409 26223
106615 34576 78365
66079 35595 7730
36928 27675 12937
95291 73818 3370
40989 10425 34583
43609 2650 13676
51735 50387 40854
33208 31514 20025
134071 16053 105445
80121 77608 76882
94120 71334 41803
18090 3545 5546
19574 8147 9876
75675 3297 44391
127608 108175 127233
70264 30543 13595
82987 82170 10327
69098 21402 10732
48477 14665 20927
37616 34278 30034
56176 39772 6988
127422 27942 80105
102490 86540 12179
51013 26304 48128
85406 35013 40600
44926 23732 10584
95748 15137 44694
38196 37184 4676
42781 27361 19800
12228 205 1423
61482 29082 35491
55077 49599 52239
13218 5873 5034
97347 35153 92453
6595 3728 6389
87322 4669 19117
24735 21913 19741
132033 52560 46420
22985 9330 10346
82545 6286 8401
51750 10073 31405
9921 2247 9842
41265 30653 41180
88877 75723 2436
82206 35773 28824
517 343 103
57089 7508 27950
107891 5100 107211
71995 37032 25635
23092 20526 22236
8539 8310 1313
47292 18026 34792
85472 1124 44303
119707 5648 49691
120871 91289 60374
66873 59411 4540
69218 44447 32201
71248 61020 20311
93067 53417 77420
18327 6513 12638
120481 117728 49116
90458 11300 26426
54768 48141 44231
39596 10832 8636
7618 5478 1659
61359 50214 37967
66883 6485 8572
46402 15115 11426
86420 46768 22170
86343 77148 47010
66539 56034 63591
121942 3999 114827
122241 120627 11251
10924 7499 6840
115942 98276 57820
41389 32848 5812
101095 54361 8282
43237 11758 1711
118335 95150 81696
34310 21128 14150
5352 1487 561
78918 73768 77573
6007 4733 3439
54545 8783 32895
55902 27252 41223
25591 24447 22528
112559 36871 109550
34109 24587 21515
52295 2655 17712
79294 334 6919
42047 35191 40792
9230 3181 4343
96728 76592 56818
105813 11165 101694
89697 67149 44359
39276 14112 3269
42513 14676 18460
58308 30138 10457
60378 2274 43325
3758 3405 1000
55322 38708 33768
40482 31585 5183
34241 5787 10585
20328 5307 1903
8708 633 8035
81295 45830 61214
20528 7933 15007
12422 6767 1254
49742 6348 16820
3967 1599 2722
112082 721 61780
74409 38341 36425
123460 116278 64335
29734 3011 16324
12204 8354 5265
84016 32455 28160
43801 6149 17275
119487 55470 80136
93121 64677 45085
103359 90738 39717
122274 91874 119839
76374 17326 54448
90613 79077 72192
51959 51409 49149
3666 1504 291
55854 30519 45844
37730 32287 25547
95213 71780 88303
22411 16746 6463
131496 67034 48206
89467 33276 82195
57588 20796 5821
113993 36501 9170
4561 963 1586
122817 49336 77277
112821 14593 34073
37290 28340 14447
45595 36525 14052
74732 25991 64334
14491 4158 3066
76679 30744 48586
78303 6455 69425
119260 34520 46204
80307 75963 334
120167 69632 35073
19970 14142 12156
87384 34308 75708
7833 5107 1283
2010 1654 1700
11952 4420 3837
64735 58585 13693
121004 47003 59449
54868 10731 5039
121116 51603 5912
117123 63680 57385
34342 12585 20218
50325 48382 2968
76562 53865 68395
104678 78052 40017
52447 7700 7489
99995 29091 4253
65197 2051 10366
96359 26531 8640
74279 40960 73706
79499 23548 76350
23960 3997 19496
35927 24187 34636
50781 30453 20556
103344 4494 51987
80034 19660 2837
47499 43639 33021
105018 11022 51447
89978 37631 75177
7088 4099 1614
17986 1130 16909
76028 32519 44462
57946 27061 10794
132264 106464 130329
32398 11187 29389
21787 17450 7406
1067 252 352
72377 58248 15673
50155 29135 41033
46362 3985 35872
34862 14101 20194
16712 8308 961
75407 1015 39295
50117 25267 6548
45843 41929 24768
95696 69799 436
103515 23738 56545
36379 35386 5674
77297 57370 9502
118849 40171 21197
61473 2630 56206
106413 60932 20273
106782 51043 99366
6930 6256 1165
29173 28424 19167
87683 58302 16208
81483 22078 12862
40362 2745 17114
2681 2139 930
15255 4016 10444
102645 77295 82929
2460 1408 637
37058 28365 22518
115917 57396 35788
114484 36762 19715
75417 34517 7604
133840 46842 106111
31971 29263 19311
58194 42885 7512
90284 67463 71899
65776 24597 36033
37816 25260 34809
94657 57327 92643
94711 84936 72775
14197 8878 11280
79800 63714 51554
129143 892 8650
22732 4995 21026
127631 117525 74547
123512 40120 54346
9320 2079 7486
15063 6226 3102
91210 15461 47453
74325 72678 55786
45134 36221 26650
73526 58183 30178
33515 5108 5519
3521 2598 2801
40320 725 10610
90042 33188 43005
49056 23585 44333
112733 22345 33205
91248 21216 59462
39674 29406 4728
104348 65786 88497
30305 16577 22080
8296 1301 1552
92250 12746 44092
66296 14468 9389
88008 71806 31022
72536 3392 64174
79207 76623 58687
36937 31211 13757
69470 8131 27050
89912 53169 43990
82260 44465 4427
99328 96929 28914
27659 23435 6256
8640 5607 1749
102786 18000 94170
122481 22213 11770
54042 32052 45665
4630 1442 3856
10111 1063 6855
81817 74220 44726
26512 9616 21497
35777 28438 5249
59761 19290 20090
44173 27269 28484
103156 56508 79019
36774 20517 26875
81715 11146 29092
49486 22115 37918
88710 43198 44560
52702 34707 22848
85779 40546 64639
44403 12804 31106
99651 57971 85698
2715 1734 1523
76603 7736 64611
72460 59299 20098
81550 52126 25802
96709 44934 62543
98346 73416 23886
72924 59799 51203
98896 57891 4255
14270 8005 3852
38712 20730 28136
14051 7933 75
37227 12236 26699
52939 3383 5273
69068 53792 10378
127222 66266 93514
63164 7656 49888
94956 67047 72471
96926 51273 63487
58592 31267 16817
49635 36763 49294
81225 66873 3836
52867 14853 3580
13384 268 10081
117107 652 23938
60305 26989 58453
23783 17632 11366
95911 95909 40756
99057 13802 58963
123173 102347 41384
29907 202 16896
18877 4385 16123
82838 69243 22703
39499 3416 6346
112329 55459 64123
96222 3284 40095
122634 73818 122462
3148 1952 500
48236 17458 22819
5220 915 3421
104738 89542 15371
115607 35997 98232
48734 45871 18333
55988 37863 9104
103785 101393 54426
134131 14493 10845
95446 46522 92117
96969 86624 8366
122136 73706 24705
119938 93707 19261
95082 6939 56671
19679 19552 6269
105553 32348 92140
64034 13653 1858
69001 19565 1214
71836 62772 35607
4885 3792 1477
110435 15443 61947
3651 2095 1227
10680 9343 8652
132549 120682 99016
46040 42408 19040
58331 46456 23579
67587 9694 66455
110675 64220 16095
117439 79306 38736
34247 14037 9111
105662 57064 94113
24831 14757 4862
114055 11767 45004
23828 20465 13574
123574 23469 90855
125558 80442 74311
91051 21722 6757
55013 20809 41741
130765 13626 65339
31983 22095 12313
86350 47281 44347
64951 15693 34942
49676 25447 15282
71046 26977 33394
31249 8851 30859
99747 98332 49666
19410 7749 16693
127875 111947 18451
69019 10809 39680
3711 382 1277
59600 16570 9860
92278 41153 1578
132853 5629 34291
27958 17022 2113
114795 111899 8424
53294 17800 39205
53495 19851 29975
110460 19617 32150
10751 5647 4879
27970 25043 4739
53357 12994 19694
133475 82838 132117
39334 35485 30540
81914 77645 11895
13491 8781 12642
37153 24558 25081
58346 36640 26836
4229 4122 304
875 482 858
111579 48668 101008
17550 3720 1083
75341 59395 16097
5683 4550 1922
102297 29780 60555
16054 2756 8369
46058 18294 11431
30114 19326 6434
119252 39029 114729
124390 82536 84507
61601 43615 53252
25755 14608 3409
97323 9025 29774
53190 11832 21533
15756 13659 1733
114586 77435 63077
122324 82580 89921
96140 4022 60072
79333 34670 65778
27975 15704 23681
1503 1186 247
43752 19017 6459
80959 62448 4053
88921 67471 77733
122879 12857 40253
78032 46033 11080
114000 98932 78524
48243 46777 24292
84016 29100 17743
76767 46969 35769
57437 17247 44173
16990 7590 1530
123520 47484 121017
66811 60326 5464
30802 19295 22442
52019 1893 34562
76620 63608 999
43699 30041 11501
77425 53832 29869
20801 10456 9099
82709 5067 28615
44213 34524 29721
62490 52750 54677
34746 14958 33257
49688 26739 25503
14952 12494 8687
128486 24226 97796
35881 27281 27318
8914 1555 4677
20222 2687 10752
58600 15808 23362
54198 21583 10843
28630 27261 13045
45834 15761 13352
107217 26517 43463
129875 63120 25805
271 146 188
100853 33031 64500
102130 93539 73685
113119 23167 107429
19844 15288 10232
15613 6557 15290
121895 75899 52321
81581 20963 13913
47711 8949 1686
73951 72955 9725
103071 81493 102754
105787 14076 65104
61507 34389 15542
43789 34399 30498
72831 28702 46604
44593 33555 21522
1726 1710 1490
100088 35999 78645
29240 10450 142
129302 51002 114645
116599 17407 99175
51179 26773 42926
8314 3515 1944
125502 68088 38758
26482 597 2770
87682 56203 54409
40968 16132 28282
9558 265 854
101484 63202 52460
28899 9788 3216
62622 26233 40581
81840 38258 50581
2482 1789 173
114314 63797 45926
51188 47765 32313
51807 33442 36924
7096 6608 2785
62712 62209 13320
104609 4157 41029
72489 42005 4948
106484 71615 35692
62292 48451 47803
25186 6585 25086
12850 5626 5881
63091 35754 42201
28835 28157 27336
83801 58359 27802
56126 24775 8782
57048 34731 35312
30495 1820 27538
1928 671 898
23349 9058 18793
117580 99096 49687
35018 25207 32055
108480 88727 51796
106847 7921 45157
52840 10218 23638
6699 3879 5518
54501 17468 52095
109083 38554 56829
61564 30862 43215
4723 588 4409
101129 97414 61359
72024 64214 48066
44131 6118 9196
60430 52955 22211
111269 77583 98933
120323 92045 90702
47112 12737 46006
104383 67532 54813
7825 6086 5852
6456 934 4342
50592 15537 33467
14349 5970 7903
7428 5626 4621
44233 40463 11011
110334 27986 84466
54260 29082 3649
58356 47764 46024
29116 14092 22003
40832 27055 16010
62180 58579 46289
76875 45486 6966
36313 15212 15811
114646 22497 65415
35316 3819 30023
121394 31233 62229
98210 16066 60749
74949 1608 7438
30119 14205 1322
57392 7131 20102
92308 20598 61005
11680 7195 4918
43810 3921 20360
117492 81570 24102
65190 60676 63412
44166 12242 18549
103815 13719 58701
77100 24551 43070
101833 3063 79918
116298 62279 105197
130200 44286 60018
130577 83885 100890
20126 4254 13976
75497 53569 24725
34917 1867 23614
65874 1030 46282
85966 22424 41145
130616 12963 95521
41069 3973 2001
41896 33605 11951
104306 92771 94323
74266 66295 56054
18126 7943 1765
96041 65654 1446
28004 11433 3004
73215 19703 71094
63204 54610 21473
54553 35020 5551
36162 18346 7962
30809 9611 23489
105199 8440 29941
111548 68405 53593
123677 65721 51777
67579 58052 23260
89923 73545 63594
66068 40062 26949
94457 67616 88690
129522 50199 36733
91639 48666 17093
90721 19787 56343
62137 39665 29090
107766 104428 7249
86344 35184 78989
10617 9046 6103
112935 277 67716
41195 12898 37326
44446 41314 16392
92880 46947 61527
77736 62420 13761
97273 40701 37962
12466 11302 7920
96195 36011 34948
104799 6511 16751
1681 786 173
46859 16472 43378
96104 54453 35445
111876 57500 2019
2014 500 146
48266 45852 16557
27057 17731 22702
20798 12365 3817
92930 49958 56006
112277 92190 49260
117968 63601 73534
32825 6757 4950
55181 16138 27115
65695 13403 26982
59011 570 13825
100020 20740 11448
6638 978 170
70863 10709 13963
94389 18225 9322
23227 2104 19664
44029 37020 4550
126234 6825 33642
91844 59811 13345
122312 3560 22229
127063 77342 81963
71981 14393 56596
98986 74518 43880
48279 16673 20978
57998 20455 53058
65003 10071 40936
38347 29009 10797
117494 107582 74233
54939 24338 53041
24490 6079 13019
106019 90115 35720
97380 95434 7006
16484 13589 1148
25748 24671 20982
93401 79110 49607
29316 4613 24978
45236 13452 34310
113569 61946 26785
34732 4329 31438
79202 77458 77971
50822 26773 21825
109217 26829 30671
46387 40724 24318
91250 51122 30673
15690 3290 174
79776 1814 31756
72215 49859 42361
13188 13042 11569
73892 21643 1026
128471 17220 63708
130773 124012 75347
107195 102410 84108
90135 9715 31248
69249 45439 17968
62235 58614 27559
2121 71 2051
46379 22785 36886
132252 28474 8082
48460 23015 31731
19675 7593 19617
69537 17133 10322
101901 71632 49094
30335 21461 26484
32077 6783 20093
34975 25399 7173
80654 52660 72608
33380 20541 17029
16404 11575 6938
3712 2342 2350
54183 39480 4305
57696 40467 43249
14700 14149 14191
33470 9821 15882
43202 34443 40352
55488 11276 45393
83838 66497 56047
69433 31005 38833
110144 7691 60133
116922 103514 77851
17134 6607 14475
39441 13889 9154
103805 67733 30559
51739 16666 18887
88484 62112 56995
75003 34556 55650
113062 34815 15062
37496 33684 8938
96980 46389 79891
8534 2819 4018
119808 62079 20689
12069 7205 9857
39269 6352 15644
14652 4018 11529
116149 66679 51107
6140 3281 5254
47017 20247 2280
35883 21958 7394
66624 38684 49097
121092 118648 104026
6096 1109 3052
56198 10020 23677
115073 84493 31658
109729 78560 38592
26771 24332 15357
12546 10879 5321
50784 41330 12086
127649 96982 105250
41163 31981 19046
73833 35150 27216
73364 38121 24096
71372 16119 49326
88452 58549 27900
19072 16792 13380
14417 6370 14049
87550 37049 63900
11572 5034 534
60089 23188 28645
1266 108 780
126682 58337 39204
103424 41779 78834
133511 18037 49778
126500 20538 40832
107462 85722 95725
102616 67291 57941
14517 6568 4259
77712 66324 22730
111124 31224 527
85307 57692 71806
49390 10814 24936
13997 436 13874
126872 23444 22834
128957 98077 11584
130472 118128 17674
107410 37922 82379
4942 2405 2805
27614 7391 6434
131122 39417 63620
26171 24696 25875
76611 17127 15118
5170 3806 3354
48196 755 16170
96334 41653 80590
78203 49063 15046
52772 47956 45676
9908 7883 610
87243 53244 67106
107691 52348 33613
51938 17231 32323
72120 49551 35786
6499 4809 4816
99060 57512 60466
127599 12378 64110
32699 10571 20749
10472 3786 1293
38153 22810 34254
133341 123815 79987
51584 9112 5053
99433 37907 67866
110383 30116 78700
117200 63225 58659
86400 51942 48998
12466 2788 5688
7638 2766 2985
36941 6328 17850
16532 10635 15867
75884 5396 51121
16677 10693 16139
131917 36255 130867
1992 869 1826
54982 36066 10747
28859 12445 21406
86070 137 38292
21181 1274 10640
40670 19420 38200
39828 19149 18592
35664 16877 5615
129363 116682 85869
46715 44656 42543
37534 23508 24051
5385 3582 1896
97125 32567 3725
102732 49486 43236
59544 4023 13398
133391 74042 26049
86897 36177 86806
99270 12335 76248
82564 50675 4861
32302 8336 11738
60944 5934 28332
128906 57405 1017
83243 62656 48774
36126 12835 2696
105770 75288 94383
132597 2392 51327
103961 30570 51685
123153 85735 96701
35377 30337 14323
49053 26609 28899
106540 55038 25101
53661 43210 27377
4138 3736 3105
100219 21006 57374
88412 68246 13124
53252 44272 47099
45529 40364 18116
69294 22384 37383
42308 13647 18282
133127 104554 24763
98782 28890 44400
44992 28695 41846
131970 47142 40944
119923 75093 45067
111079 65784 23570
28391 25867 12347
52621 21916 4447
125921 51459 47650
62396 35771 8106
55154 3698 39831
107306 74088 21975
96679 84353 87485
19127 11137 17951
134046 31262 53589
74328 44397 4667
98937 5989 14478
55318 49011 19358
74346 5852 13404
74235 56277 6483
124286 84463 113264
112392 63604 100939
46433 36627 35813
29194 11110 26108
53779 48277 32224
18146 6735 1556
131458 27307 12121
46062 17543 4485
53356 7996 23958
67941 53939 633
84913 35672 59243
72951 6694 33516
42173 20177 13392
87230 75073 23799
108154 95005 29359
115482 21374 51488
55441 52759 48901
9721 7697 3175
48813 21016 16895
41324 32842 37645
30352 8168 4525
18269 2910 5558
81962 43301 44148
56077 31741 1461
122701 11128 79508
61491 22429 13643
101693 17951 42747
97664 39421 80721
44618 3959 4185
106632 18653 74508
2273 412 954
88043 19381 86866
51505 42043 7683
41019 11963 17027
77150 30367 60178
130498 107331 3590
130451 116018 56677
8863 1073 2591
66255 60068 18790
32860 25643 18181
83215 77916 69221
59005 32817 17899
106562 10341 93565
25958 9547 2758
119528 44508 112531
47781 4008 13210
93924 17866 78515
110233 106110 81373
54476 44541 35932
119201 106290 12170
106961 17732 43235
83315 47191 67988
122714 121961 33066
72330 19155 19894
103220 48859 39677
55148 35999 29789
101202 40481 910
102348 88196 65457
77987 73078 47079
51474 33061 10564
39675 2002 2438
18574 11497 6273
125763 45767 87263
61969 52532 31532
48675 27774 22326
2867 2218 1135
96935 89941 64681
131729 46355 82665
105295 79318 66728
119113 81144 23878
51995 31404 36616
119372 67239 50414
129280 36158 105356
28290 18686 11388
39227 38459 22248
76689 75282 31873
111641 100120 63553
112015 53826 58297
62642 10551 41317
112469 81981 6771
18349 15263 8323
78107 8766 53173
8575 5080 6288
18794 15404 2459
110962 54117 23705
37913 24312 21000
99841 62617 56336
89087 11836 21035
84200 39425 45691
82752 70671 80138
23513 5214 16385
94019 35005 24775
44038 5062 34904
66138 59536 32884
11747 7471 5632
93622 50832 47204
96291 63709 76458
29361 27378 16501
10379 334 3617
38472 16633 5651
80149 49443 79591
5353 1009 1967
64906 27178 46151
47578 44287 16633
77786 46686 52253
86650 6704 63980
27874 12165 23616
15280 13156 10478
63163 45938 32535
133067 73442 7611
101908 13160 10709
98644 55802 92395
102442 51991 85608
127548 35177 23251
6686 4258 5480
13295 3956 3972
105859 85410 102345
59664 58835 23236
30501 15593 30285
78675 18409 4430
106814 1405 3611
32411 595 4096
77103 76389 22196
112569 10908 15570
105681 67728 46092
76663 50174 36915
124619 59019 35932
24447 3963 13781
90938 23545 32141
85390 24932 51034
104796 57395 71894
113300 28713 30666
87771 32775 39179
22761 19873 19568
22967 10283 14144
80283 19354 40798
10794 3178 8702
75921 240 39458
14511 6855 10456
62477 44012 60926
114884 85477 78288
27859 22075 10123
87480 77585 32829
61257 16427 27719
112409 33018 60052
5535 3315 1426
10622 1002 1522
118439 103612 90225
116175 73425 24441
51580 31975 6524
99515 89385 21510
41475 16915 11229
39760 22376 127
16095 11884 2028
123646 115061 17724
77753 13351 26557
55134 43919 48826
14452 6306 4838
71197 52824 5160
39476 26589 13030
29325 2941 18838
123428 15112 19864
78231 54732 55571
19801 17433 4502
103972 8315 83773
9987 5080 8337
35947 4401 24409
111174 70200 26813
466 148 355
28215 21064 19171
109883 53406 67783
66923 1251 30986
99581 65518 97850
43004 37277 1754
11226 3912 8878
39043 13170 37015
85618 15611 17075
84558 70874 3913
61536 53813 5980
89120 75169 3751
27802 14858 16924
5681 3622 1202
104647 48291 7238
113868 98647 14084
53700 35136 14936
88344 15344 9374
55679 2683 7476
78689 799 41090
39133 11290 26363
1747 312 1110
115132 2 44110
36715 2820 30082
119585 118420 26895
109359 31796 11912
34349 25024 14457
41351 27260 27337
71128 50813 2784
102752 71379 280
125974 11658 33157
49839 19882 49064
48467 26635 37539
29903 7123 10056
26808 16351 17475
133255 17689 86868
83063 74284 48890
30304 27833 9981
124846 24056 70625
98717 98683 45623
42883 23644 1422
24713 5773 22776
125145 54584 89022
21668 4077 3122
28267 2746 19125
82182 18999 18465
39167 22666 11388
11563 4235 3838
36032 20313 27766
77235 25595 27494
45991 39571 40209
83775 23624 58557
53526 48723 242
100174 7257 22955
63507 47671 29461
64005 25052 15549
45814 30710 15038
81216 55695 3964
21044 2557 14190
13485 12957 10367
53236 34538 24142
67358 59446 54535
45911 24868 44557
131013 67670 26616
124207 46275 15740
63961 28514 1858
110550 29369 58603
78571 36682 52068
108125 20727 103690
99390 41598 61496
117864 23448 24543
50802 47632 3510
129968 129889 23418
92937 60291 19349
18197 9870 8694
78639 24592 11322
71446 36156 25114
50521 19900 41391
125029 42724 67989
2777 2137 2058
120825 18390 112006
19055 8228 8696
69267 33257 11164
184 130 103
13757 6893 5599
15107 6135 9756
108927 60964 28199
88683 54675 57116
110804 66682 2564
31446 3515 2495
20557 16134 11078
16734 4881 1526
35374 28101 29118
37353 19216 19284
31853 13939 19791
85086 44052 16470
60438 26116 50238
84928 60806 16248
105722 49795 79555
72315 35314 61757
44339 6896 1809
43559 36777 14950
96166 48261 84903
19629 1430 6810
126952 16031 55342
63905 63691 25034
130877 21850 38478
13953 13227 9239
126136 21778 86789
128949 128798 69108
53267 48623 39006
65161 8792 63011
54545 33134 15251
112547 23344 66482
128192 117378 55350
64866 5113 19019
106290 41968 62037
113794 3984 46877
53994 28590 17385
98409 13148 42243
21156 6943 9007
54017 31733 25642
42392 17712 6326
84437 34926 40902
99107 98937 42812
94092 6940 10181
131491 106991 3915
67837 65410 26504
111617 92584 94082
126841 95980 57603
120182 58683 49194
62402 12106 52435
88270 45341 34539
63718 23647 58682
97245 60108 22851
128881 24965 109903
10742 4241 7131
124877 2363 66319
94342 3991 17655
13564 12564 5839
106719 10179 77223
127066 14052 22327
123341 45714 86740
61188 33309 5702
128492 66729 14293
114992 12396 103661
6507 3635 5642
6943 3099 4517
14049 8726 10889
409 321 217
133060 8132 131305
99862 76564 55529
57071 31072 42363
49816 47886 3405
92637 16059 86575
106448 43866 31772
97464 57582 1673
23580 21842 9855
52881 8176 17791
94445 10566 50212
19875 11561 5440
21600 1585 5479
53487 41754 24686
18743 13616 14465
11942 8041 2778
43035 25197 31977
133088 2590 12129
13943 8294 3691
17408 812 3850
37927 4965 10326
40744 38418 20247
77314 54364 22737
11770 7015 11147
50021 13769 3917
108530 57560 48134
52714 46735 33462
78104 69545 13372
13704 5104 1309
106110 104710 46384
111612 107795 24289
31126 30290 27603
77400 19817 44736
73589 6067 17882
83622 41294 68778
103634 31551 11644
118991 68601 67075
58835 53497 3938
106645 477 40959
46549 17199 4367
87145 38039 64615
69027 7032 61001
28895 25925 25247
108001 52288 102960
92142 76690 27200
110595 20388 85955
76826 9881 61077
118820 9687 35164
44715 13458 1824
83721 42023 25497
115469 34780 6506
131169 32443 62231
91067 741 74553
79343 21781 223
99889 81902 62862
78158 50041 44109
127322 91336 30101
119662 68110 54937
93214 58912 42980
13179 13112 1460
10390 9881 8166
5355 255 4864
58640 36408 53634
97285 62953 49466
74509 14927 31007
55124 10451 38589
29105 5449 27141
71854 22095 39007
83632 37783 67552
100210 54532 70613
34067 24767 25281
98835 94516 95769
88574 53548 47693
103773 79914 19260
130364 60753 72116
25751 18395 24600
77155 23964 59971
21691 10515 4333
51649 33103 49521
25955 16076 2583
67671 63426 45760
127466 1207 68696
7262 3000 6545
105647 15197 57657
105081 89276 40269
101181 31528 22611
58039 51248 32720
14918 864 2017
60152 22673 25921
94680 17720 49013
52718 10800 21855
102211 101816 82030
10993 5029 6620
110197 62952 20921
29167 17173 908
18342 10856 13779
130730 20247 43365
31931 8425 22391
113232 101625 57991
2427 1092 451
59791 33300 34117
17220 4827 10533
8747 4508 4200
91844 53130 42805
20570 6119 5091
50433 35163 29773
105711 104049 89014
79523 63749 26891
74098 35775 51084
107120 51828 22070
21318 6256 7454
8481 6307 8182
112395 56988 14633
36895 4128 36433
58159 23481 19713
37400 18354 28889
13110 5148 13023
48156 12039 22800
53369 24279 30957
48188 15057 31508
83058 47363 39887
115691 54878 81117
61218 284 15878
23685 18215 10598
98090 85200 52741
77711 26508 37318
131053 99504 43489
82010 25569 38135
62369 60258 2445
8126 3717 4425
46765 25971 25650
53233 22852 15337
34083 14182 19700
95657 9071 39257
10898 4088 10867
121464 52737 120342
64506 6110 58223
13795 10995 2545
103489 55054 3481
100575 4203 85046
26256 13752 8378
211 203 45
73543 31364 925
71332 25257 911
29169 3774 2203
11904 1138 4715
128546 93329 24318
53745 28980 37934
25700 144 3657
120031 87947 43935
29743 9322 9725
75016 50170 47777
124190 110340 35724
7365 4663 3555
57578 18952 43372
57526 498 56746
23364 22643 11632
13912 220 12110
79986 44456 10744
73175 54671 69704
53972 40512 23430
116080 83946 8149
70480 28369 34837
16039 12962 6219
11467 6306 648
20944 2209 16238
88632 17269 69231
65154 21613 9714
83970 76905 28373
75830 47376 1868
86054 3862 17919
91734 18800 87814
4043 3656 3809
129456 62322 121978
94626 93009 72902
38697 8104 33814
6176 6027 4423
30322 18737 18153
132190 102818 34478
88859 33155 28354
88915 48826 56132
110104 45476 5230
113296 111376 42475
23875 1976 15965
130619 106854 75269
72059 51186 3240
60455 32935 41833
52381 9425 9599
129850 19197 46079
7497 2936 4483
35358 29961 34011
49059 30275 25859
125147 25831 1134
106992 24954 15169
58842 14358 13080
111741 14123 4154
18607 7062 13138
60012 9878 16712
40344 37950 8550
97698 23463 55552
70159 7443 28671
63347 27999 27407
51507 29644 22667
81084 80910 39179
113367 110241 66046
113981 1907 99666
47271 11647 30819
58884 48173 51844
50245 43490 9297
38887 841 23838
132142 93296 114016
35872 28956 30032
64488 12750 22266
92871 18836 36826
29711 1563 7985
34688 10554 15190
34374 22203 25481
32118 9623 24805
12 5 2
17832 6065 10116
87842 35747 44886
134026 19670 44297
2908 499 1186
23622 17865 4732
122827 57820 30477
100392 31870 6857
38467 38312 36171
779 550 589
119620 105330 94463
22950 8751 19112
86923 52145 66044
35289 34987 20374
84776 300 77274
2834 1097 2548
32195 25524 2440
31530 20755 6540
30373 10172 20751
102868 7394 57327
59021 4005 36744
115614 14296 38364
26626 9377 13367
88393 52146 1989
86648 13578 64165
90285 16126 35852
56582 42162 29573
52212 36920 36900
113910 64762 97677
112774 42336 34120
90226 69845 45826
52604 16988 18770
32026 21928 12499
116709 90162 854
39836 10614 14077
44235 32373 18989
119750 82375 79453
89668 62330 48600
63779 30388 23086
125788 109613 76592
11442 5348 11386
121342 10834 89454
39311 31735 26365
1280 384 867
61783 5860 48110
102280 83589 67258
76166 41303 54104
79548 52198 44646
5190 27 3275
73872 5184 47013
25080 24814 13271
33449 33295 7213
69091 13890 19894
60128 42597 56646
57498 8145 50560
75130 54845 742
74570 53586 34951
52988 18743 16097
85496 27731 62643
90579 21427 80885
98241 10752 35305
62637 16072 27328
25859 16269 23762
78988 4183 15698
61459 23586 28727
115106 91399 99293
59504 58053 14100
77476 15465 74954
64674 40633 30118
95710 92049 32346
60716 41564 16741
76078 25231 59229
93945 21117 20935
14307 4645 11012
126793 48291 98218
105204 42724 60630
67903 36106 34354
129548 102851 96480
118632 39288 113805
19152 5021 8171
113717 68787 105977
27251 25596 17641
19701 877 11600
2128 98 322
54871 44381 24218
19516 9748 10130
100319 2811 74761
38039 12018 28717
48707 17036 46084
36823 10655 21242
95490 9293 24225
124812 9629 77320
54344 14450 28965
120172 12227 35544
30599 22844 27785
27513 14253 13249
3984 131 2361
5719 2458 4713
44387 38405 15758
93304 68561 13487
89507 8615 43008
46331 22992 40907
1165 35 218
26917 6835 681
9915 1057 2166
117236 106476 68225
116092 72619 89026
98556 19767 29479
728 315 251
69248 60059 4491
85874 61660 37845
41617 405 27873
114065 90816 46643
66051 60434 19139
54737 12092 20106
81389 77851 72735
37310 30035 11912
53116 15717 3241
35383 26897 32911
107515 41905 60543
72876 37306 28146
110667 99828 80030
46149 9702 40347
124050 68945 72815
488 96 206
84493 36016 15144
48920 12621 25188
20367 11315 6182
93947 26313 81151
70661 16653 35605
54045 10722 40859
45888 40523 28674
46729 11131 33772
40900 21980 20054
92222 17632 66135
23552 8031 930
118045 90399 43912
93625 34131 1827
124108 42194 16885
82904 17736 5813
100958 55432 23823
127884 26920 90075
73144 39247 64968
25172 24050 16298
75982 2259 50156
35001 32956 7941
42239 33 4291
81939 7899 60331
42045 8357 7789
64442 48852 42243
110573 9177 99283
25816 8178 24149
133734 124062 109448
107363 40487 80680
48170 19909 25402
92453 54002 53811
131861 23097 119919
126618 35856 14107
100390 62484 22665
52999 5967 21230
44093 24861 21779
55929 36392 5483
22048 20985 11792
27420 26370 10265
112133 25814 47616
80933 69785 15211
79129 11434 59257
111070 101585 55443
19147 10226 2547
4667 4429 2990
29572 15278 3460
87373 48755 19887
14821 4162 8679
129497 116149 57355
76844 9851 48623
100967 74094 15226
97664 18249 70424
9438 8701 6725
72089 22469 70758
108620 12729 54534
88689 12121 50465
90109 37490 79778
114206 31660 67984
110894 55369 77616
10858 9151 2001
100024 5997 13339
13743 11368 4292
115015 94362 61131
111390 46238 23044
91041 10103 75094
108760 52284 103226
117783 82198 88220
37171 19964 23554
85298 19303 51149
3825 1525 3048
117067 40480 75911
110542 46485 109404
109166 13344 71742
95058 7115 49916
116151 95606 66075
35701 31069 9485
29944 5905 12119
34814 15336 14401
44805 41286 30084
11312 4890 7111
37967 4590 6982
80933 77410 7577
50616 35672 30858
114498 47496 87515
14261 5763 8528
59890 37065 45915
92112 45281 2593
66149 45943 47926
109597 24337 48725
60160 25753 25443
12161 2936 4737
68268 21039 19601
67741 55355 14990
14985 3545 3829
93072 65013 54488
62002 22184 5066
122689 43702 117353
65187 23326 27690
41377 1892 28669
128765 58519 61061
80891 8139 64115
8839 8362 5697
12463 12110 5648
45176 21891 32748
53188 50911 36541
56473 3131 13733
49634 44887 24005
20055 6298 8687
31390 25222 18352
91880 11131 10800
45998 20954 1968
119238 59204 110985
32842 5616 16082
117457 117162 69345
86613 62880 42852
25395 2956 10110
37180 20013 27969
95149 66924 51358
91264 44216 41032
44449 23643 39535
13812 6679 4632
41451 7793 18167
71001 6539 57421
58241 38197 17277
56711 20700 24484
12265 4675 1357
45261 1467 34456
116876 14143 81438
94362 73720 16543
70220 53454 67968
55015 37296 2496
129552 84936 93863
78909 11809 38423
113120 104023 83737
8919 234 7469
59415 28764 29489
33312 3135 6509
22398 19016 22123
125014 18980 113318
46093 27054 18892
112532 5637 110299
1871 1853 465
22822 15069 20729
104435 57287 21315
117411 63719 108785
560 384 257
120437 91697 41615
134037 130952 69281
29207 10415 2778
81736 47252 65382
21428 5537 19280
72403 24142 7051
31967 1353 17219
78352 77020 28364
31415 12535 15703
105989 31033 4434
19395 3232 2656
90087 46996 49521
102567 61789 16071
39420 17690 32174
42318 23574 34620
56769 11715 647
20222 15861 12400
41333 11819 27317
113863 68201 72295
114605 30914 111553
50286 20682 49268
70092 31716 38308
116871 74912 116664
126966 55183 118111
67433 18450 43802
96062 7277 56974
25445 24232 3223
66436 35714 38035
15828 930 4460
83265 73461 73204
8493 3228 203
37595 26711 24220
116434 40187 48083
69783 46709 29002
127351 100200 11723
81698 35310 61921
101183 62600 16971
96160 56596 73485
24470 14919 23379
6600 2403 143
129671 59904 46705
86700 40070 13510
85175 40486 79326
60536 39550 27693
6996 1479 2475
43288 9784 27856
8503 6077 8408
757 82 23
18656 14935 813
99651 46166 85681
28055 22808 1087
113720 94156 86265
85699 150 5673
54594 50745 43466
32232 29841 8974
60360 31974 21835
102320 74361 19963
98163 67349 58340
5179 4743 2290
56850 6295 5875
116717 39847 18659
93044 3612 35177
124553 32761 47599
85200 45942 52024
16876 1931 11143
94225 43935 76946
5938 3371 3430
52960 20357 23818
127107 82754 2388
7557 4263 1007
54694 1063 9658
14218 4467 4813
88431 1730 44658
52299 17880 44047
82122 22772 11059
129146 18490 119101
74073 2581 19294
43107 11403 23330
6023 1664 3923
125312 42902 14492
39714 31127 25434
117666 82961 12009
101077 2802 1877
27388 15289 15579
86174 9071 19800
121616 116663 30409
111345 64930 42090
85843 22035 80729
25959 1540 14038
38186 29729 30245
6118 120 617
67959 9661 59346
73821 61637 20118
112284 54805 76994
103258 56527 91666
50611 9772 9982
123821 20719 106022
36534 35584 27290
89278 74918 77245
113987 32466 99638
44145 18984 23660
9041 1240 8740
30680 16947 29684
70078 47925 29671
79946 12585 37460
26690 7922 19166
46953 5602 27090
110664 101850 14209
51397 42044 23868
45161 6650 17820
86189 82295 47040
64256 21080 14650
35073 15883 12756
121543 54385 66390
71363 54946 1686
6132 5801 1747
30376 29143 8645
2193 1825 1071
7572 2902 4607
29882 4640 18516
28806 2073 12312
69991 14242 61214
2326 1725 2188
47342 21837 21326
6566 3758 1091
22114 20141 175
17649 5147 1313
58901 27880 51925
85771 8822 78151
31443 4230 30050
22636 283 19826
39414 34175 26208
110222 32461 11973
88599 63524 35129
103588 7652 9312
23261 699 18681
36783 32771 26800
37530 2631 28971
132998 19086 92337
101384 7952 100497
122894 28751 90304
39344 2527 24623
18207 892 2365
47995 38477 12845
40231 12310 13901
38882 13371 340
124592 23109 73898
112346 3130 7832
76124 45921 35283
114272 109976 57965
119084 92589 66204
47488 7139 36073
108250 85179 14893
76640 19892 62220
68295 2886 36678
839 8 689
86150 49566 73046
75351 9442 72732
121941 71608 48952
99805 17976 3614
32652 29027 5437
89812 16003 80770
83242 60107 17251
18896 7418 9686
116491 19605 80759
89702 44814 72018
40400 29174 38641
51590 37186 29248
3108 2205 1928
132772 53308 83540
83299 5848 15542
118811 116558 82939
63228 46289 26660
59835 34366 54024
128258 65067 18006
106449 29069 54692
82836 14517 71341
4941 3083 2539
118773 72177 96777
56900 28712 47431
11234 9110 6716
20964 20413 5950
91892 50689 7404
61999 52640 5471
59999 28764 48917
118775 90401 4230
97541 50821 25820
116587 101557 7465
39336 10734 16305
56660 46658 15692
46388 13999 6848
41571 22652 15314
85045 5788 10501
5999 4978 3144
96685 46590 48768
123489 17273 72
31732 10369 1376
103052 95868 101519
120557 16611 74099
78543 45579 74096
32686 8248 29963
17331 1723 14183
45512 1902 40384
35289 28733 9165
21046 8078 10995
20733 18475 15761
84522 77887 47147
57536 25004 614
3236 1035 3182
110191 29263 89388
5150 2437 2038
58393 19503 54320
70250 46202 60322
74143 14996 26027
25718 11800 7589
2694 2662 474
26163 24125 21138
47213 38015 42367
98540 79259 72830
57418 10187 33649
7281 4982 6265
79893 31257 71439
94117 74030 82765
127988 17547 12830
129284 69202 59934
52642 49726 40662
98033 87202 7331
46485 40718 37743
92194 83729 89032
105737 15314 101455
122649 68072 98069
108783 33963 62376
121428 105950 24974
109425 79164 93690
74308 9461 28232
77465 42470 28817
79560 46293 57584
86019 81684 37090
27086 19366 16367
121269 27033 115543
49426 41553 34938
88296 25400 72941
69518 27673 39281
59319 8615 40387
118216 36864 93003
87544 68573 64532
67650 13933 39725
41942 7698 680
64848 42163 15998
129978 107190 64164
68768 68453 38356
47381 12787 18546
19628 16341 16236
3454 69 58
58114 13458 8154
88900 33335 55767
111294 93617 61400
84587 72358 6331
29802 28604 17848
107093 75679 103516
97702 37564 70585
17798 15116 11173
2971 2558 1098
52643 47787 21912
29565 16232 16313
73637 2106 68930
31721 5407 20370
9131 2283 5193
80417 58886 78976
44507 35606 42658
88576 74105 21166
130005 41592 117327
106314 83479 28530
27440 3726 19119
61629 48829 1596
46962 7654 8455
8269 7930 1931
14477 220 2992
21721 10412 10021
31357 24323 7321
2271 40 29
108019 69789 21451
33095 17475 15315
88835 78874 12333
5695 1920 3149
52343 5027 5639
93925 53732 29910
24558 19273 12803
58048 36629 18670
22832 18772 22525
106839 103729 90375
54497 15595 29764
29906 13948 25583
18897 2480 18113
21980 4953 6589
38075 17852 31912
13750 7742 10431
123751 97707 78459
41504 18168 5943
76779 9948 41904
59437 39899 4413
51890 30561 45223
99393 9545 44344
112881 46506 22380
111328 78160 92551
105357 96358 12866
119269 79865 57869
12533 9579 9835
68398 66282 56510
82910 69608 14410
76285 41900 61809
132735 126767 67819
98720 87862 43252
32410 10437 16705
54492 35333 11718
34488 19312 11274
10405 1516 2797
21389 13653 1684
117282 117174 38705
128398 9295 68532
32117 31889 4247
82690 21759 12020
33569 32797 11705
19677 881 9232
121925 21446 104108
12057 1165 960
40051 4114 13482
3711 466 2024
50463 28012 18405
117562 92202 87787
118617 25128 97536
55256 20066 49750
124808 75441 104173
96652 84947 48098
127051 12982 106311
91260 75085 77870
113988 104631 70831
11650 8775 5619
122816 119759 55038
71483 8126 7685
131314 71888 18933
32749 27375 15519
40562 22377 35121
23692 19827 22686
17700 13018 3058
119485 72959 66912
37633 16968 16079
103662 95854 49405
117272 30056 1558
287 14 246
67477 25502 65501
10047 8312 4678
117900 58106 116270
40111 19916 26262
92898 92724 74071
65782 64177 12843
7334 5889 1725
124224 67661 91903
65902 1770 23704
45906 44953 40746
10293 3236 367
110682 70975 45455
25123 20251 24054
104824 4170 17672
105109 81568 27853
27864 21187 21750
119641 36771 12021
100702 61692 34472
114813 22175 7522
124289 123828 39619
54427 36817 8263
81286 37561 72872
109492 17490 1020
105659 22725 22721
94522 91385 14968
79369 1057 16053
81526 36375 79172
10339 8603 4136
54729 10756 36141
111812 37952 58448
112064 96450 99665
89407 52102 33657
36926 22705 1483
74440 25050 41156
19690 8472 785
94301 89847 67322
53413 31750 51169
72301 26706 3626
46792 33451 17111
105549 16665 49206
113968 75743 39687
110864 73906 5182
37566 12701 5435
4326 283 3716
121554 21751 99889
113162 21896 44632
103937 98273 67931
61802 8381 9423
49528 36896 7536
55995 49518 46387
110231 47924 25752
38698 34033 9235
31924 1608 11507
9218 7590 6754
14706 5183 1507
4586 114 3468
109152 77451 55490
50236 25048 27816
26447 14650 26389
5861 3095 2297
32121 6966 22482
133514 96909 64113
46229 13751 14537
31314 9591 15187
115041 94666 74876
1288 282 211
103774 47568 29132
78328 3619 77365
32740 24597 8491
6519 4129 6267
88544 3608 2760
80556 59375 72505
48420 29145 44167
99592 3061 46838
132715 120846 30249
125571 25851 33205
68520 21777 26024
95784 16750 73007
115522 61051 91557
70903 55546 32809
86788 55537 22470
1414 1059 538
54131 25123 23671
21163 19894 20690
110768 13343 56569
97896 94770 63608
38690 30549 35334
99284 82719 28242
132870 55626 107497
51356 12435 31557
119190 98192 96700
76521 74174 48153
42447 14823 26837
89848 73098 65267
1561 1226 143
9294 5678 1023
71590 16170 62878
100344 85802 49899
39482 6688 18104
77211 66602 72356
51076 41026 30914
52003 7763 13955
112715 2665 30221
41965 22263 11588
63417 39487 17326
86141 82194 27290
111976 109565 64784
21597 11922 2653
103392 17802 76046
100739 72393 10443
115521 52112 44820
1009 707 184
131857 25086 129575
31059 2022 21142
97230 28649 51286
21313 2843 1683
97534 22579 37094
39462 13694 22771
107755 85277 70334
123626 336 15265
1585 851 561
97292 88493 39750
116663 83899 65364
64677 22207 16110
16891 11829 4631
7260 6945 482
130460 107280 34991
111783 46271 49472
74409 57473 16556
60174 9333 24458
61513 50943 31994
35849 9563 12689
116748 112649 46174
9810 6713 3604
77696 6993 37009
67226 54226 37581
103364 70348 32588
118256 53024 57261
79798 79376 45994
45252 20371 25796
102274 5125 53691
70917 14654 20099
94425 36995 55551
78058 55343 20868
29227 8072 5668
64547 4247 490
97758 13723 17185
22005 21299 6765
107297 47477 78351
77078 20703 40744
84392 8024 75969
55453 9017 5963
48155 27438 22566
67540 38338 57106
113179 100323 96224
19937 2329 12536
19448 1551 4214
103170 24648 17241
19686 8751 2162
34195 12431 4935
65452 56865 29690
96658 93535 79949
63524 19962 28954
71854 28703 12486
132870 19906 50416
51432 44717 38923
48144 42493 43266
16285 3590 15691
101682 71989 83542
114526 55413 35731
67038 34302 66973
17957 17297 8995
53557 18837 1879
48756 19850 14539
127272 77737 125559
43728 28334 8494
34325 18107 32844
130075 66736 126263
79018 10155 58499
124017 119338 56536
5877 5684 5215
108962 27380 62144
68686 31952 19061
119628 77485 63153
1456 358 849
131265 82009 46281
15460 15448 10110
95190 44744 49573
71118 54832 38950
58440 11430 17475
38971 9203 11761
112764 108623 100940
63217 20055 57229
106557 68356 101889
26280 873 6176
31746 458 29071
101737 91839 89132
87823 75848 62324
121422 28217 99552
74334 56783 24098
98891 77365 28806
35184 27119 14068
94398 81998 70152
121509 87907 112411
111316 21633 14989
12834 12166 7439
23792 14694 9314
130551 2836 100952
53250 32496 46682
88266 27150 23845
88551 5606 54506
50989 34776 49981
9441 3158 7263
12334 6877 6917
129518 89642 123770
80701 74281 27606
103396 50124 97706
58735 30920 44011
76077 45559 55084
118540 95317 87790
131488 24950 123935
122105 99398 106024
113451 73137 60763
17747 14452 10200
121543 34533 97792
18458 2926 18326
45548 43475 43178
106879 99148 71093
83510 7042 26794
31708 21284 22799
61478 34406 36807
131452 56257 48303
41878 41580 33070
93424 92924 42582
82100 39168 49830
32008 11164 19600
126986 58003 2817
116520 7212 104843
20192 8330 3209
133226 19433 40074
76437 56594 68119
32420 14482 8215
100176 1341 99157
20054 9774 4950
63318 13660 46616
69406 67512 27769
96622 22908 44995
10388 2701 2174
124931 14983 106161
11226 8177 3144
89435 58109 65120
59343 5330 31708
5601 4806 2117
11750 9564 7006
115017 93010 31162
39229 23088 21231
62731 57094 34372
97090 38384 43136
19598 124 4131
55783 30577 1944
121959 14830 113085
69934 1236 17419
44661 5746 23446
101436 8491 67188
5927 3306 4285
82364 58296 49372
46783 27460 3760
46105 44565 42534
64300 18581 64284
29611 25644 20242
111432 60280 61379
69569 37171 55544
40457 26937 32091
78448 22565 1271
55829 20322 54380
121991 41168 91973
7204 1592 2400
15015 1048 5016
26061 13787 22938
30079 28828 13350
54903 53721 44637
120760 43279 14003
8680 7100 4328
8701 7820 5672
66813 16937 61610
90925 89095 51988
73255 23748 66522
5070 2283 3559
113893 69106 42652
27655 13508 6251
1290 918 139
2678 2073 2579
5620 267 2715
62942 35774 31580
73105 12753 18891
6324 2997 2864
109640 15576 80368
124208 105711 28638
26490 20725 20232
23893 11084 1627
66482 44369 43511
109924 5322 80682
125493 87194 73896
31186 22250 8119
1356 776 158
19548 2117 10303
38805 28478 3689
130005 93784 15230
41745 41109 22841
29378 19094 20741
74823 69294 37803
63512 56117 49088
61778 48129 37015
76299 73686 42734
16259 1115 14074
117608 75395 11462
130001 35123 75054
82502 60611 44634
111012 35979 46088
103857 52028 53883
81028 987 19028
793 234 296
60652 17728 52713
12954 3171 722
117978 58451 58980
125688 62333 34757
69504 18720 47013
131105 82759 68520
59603 38351 42575
32325 3311 8630
69221 61547 406
40630 25111 21900
35615 34463 22916
68313 6597 61096
87997 84561 85733
29819 2210 27249
122720 18411 74424
66528 55204 13748
52035 48492 23166
50385 19943 49412
108252 84790 10143
61667 27738 23969
59019 13310 33809
42176 9707 19717
115886 74824 5850
43507 7045 41837
111043 18814 8140
9036 6197 3897
61782 41040 9610
19694 17829 16905
3991 2109 257
8454 6256 3074
27206 20493 7276
88518 28032 76696
65552 7477 5372
74811 40846 8410
8710 5168 4426
35432 15189 13241
18803 3286 4648
4024 833 2860
49197 32191 2500
31323 14576 12608
44342 37958 7040
93938 62191 93705
95301 8269 86197
65464 33110 20036
69571 35669 65886
67528 15999 4383
70359 38998 47823
102212 97965 80103
115921 32638 9498
91541 54822 17090
56848 16961 31978
100325 44736 57104
114520 72627 88344
3278 343 2579
127036 64437 119382
6356 2066 2332
102404 87418 48865
88427 6377 60104
79571 9748 51781
134144 62836 50680
123681 82219 10381
40608 30159 33441
91569 6149 57551
21337 5871 17935
33195 16555 1681
4110 2440 3082
64221 968 61813
133292 90466 50308
125699 66499 15424
122334 20508 118459
65674 36753 58349
67255 54527 18443
40007 23601 28322
16285 12291 2758
119970 20602 29681
16832 1849 4557
19100 906 15387
70274 58081 67863
69765 48011 36812
12634 5384 6911
58779 56627 52448
52606 40656 45051
25435 947 18863
114921 104158 20128
16141 10460 2267
115562 106187 34187
2278 1472 1778
49289 38216 24988
34266 27110 18987
78884 52574 67313
6247 2708 614
100909 85135 22674
47822 12602 34001
110911 100422 32277
77567 52234 55375
131078 60242 45238
72031 66944 23242
50311 50189 47192
104405 79752 59803
94539 23835 17266
29943 22299 18064
47336 29202 19667
24280 20701 19047
91622 49536 49908
11516 9324 176
92147 38470 31783
10945 293 3768
32572 26613 21181
111378 35051 52138
84959 71061 23082
8146 1249 6794
74855 25597 53786
55163 27778 29170
2113 642 298
42553 5055 35087
110625 40084 70723
21841 1661 21280
113465 2190 53216
39713 1152 8900
63749 16378 8398
78557 24793 42214
100926 2608 51313
69380 60285 27784
76446 54275 19577
66053 53599 61472
58663 6660 16528
86050 84898 10780
105277 50677 90678
106632 92186 54633
10340 7519 4920
83428 23010 59439
113079 78443 449
59302 42746 20916
37799 21789 11579
56966 19981 42762
17361 10730 6305
62983 23663 26047
112183 24345 30930
122366 44041 95145
133919 104130 33164
24675 18602 3745
24021 23862 21464
22022 14826 14846
54622 13090 51215
20328 20030 3460
32771 24977 29483
61378 49224 34222
60956 21134 57701
57087 24149 31474
16075 11494 15118
103258 55945 12318
34200 20121 15519
71649 62637 65830
39757 25293 10572
128191 84569 63996
68400 2463 481
49629 8282 42608
104871 73924 18528
126629 109116 117710
127481 43812 113578
15936 12938 2782
124048 112950 39731
61304 60795 40351
8740 570 4380
114210 94236 30942
125870 16494 10718
11799 406 2678
127515 82461 13340
57521 46339 23786
49993 19497 16575
102030 3936 23981
129379 111041 24685
36458 11464 34025
53165 7850 17608
70911 66245 40378
77545 203 58230
68448 30694 34092
101565 64616 78211
81494 13161 11233
73209 61846 19850
130820 89362 121466
120025 99669 85313
14093 3180 283
16863 14745 9798
43258 13177 6053
116311 18546 98946
70496 5011 57718
92780 18826 44170
25419 1478 17151
72843 24085 26885
13226 5468 2713
129349 88984 14514
52198 42026 44539
98767 45375 84430
121910 47813 1349
53079 42018 8387
79338 43697 34725
96185 63780 34043
56525 9955 53265
98318 18829 40370
19898 12290 11180
23849 1046 16070
106322 53667 72278
84042 50633 74504
36502 15198 29053
27744 14005 10239
118046 108892 113339
120454 19964 50418
127003 52022 52125
15737 11544 981
36896 3673 13664
38031 15020 26721
82773 61176 69435
123112 4502 4709
99177 91391 21050
12685 1393 4747
51113 21689 37508
49731 41181 36753
15097 3623 7176
95717 91690 91834
37094 36077 3741
115272 85028 5602
18677 2378 4044
9316 4866 6424
59884 10605 27248
79387 12979 53186
131879 17156 110162
100078 18361 6995
31159 26410 18345
107589 92172 38200
5072 1241 1045
114000 65769 38757
42017 11065 39592
6446 3330 2708
76203 40882 62920
102616 39804 70703
78840 36591 50050
6712 2855 144
100391 1171 21570
3664 372 547
77518 46652 69561
71682 41842 3415
18818 16045 18673
39126 17741 3632
109066 7687 91204
120572 19480 53903
35054 19380 21867
110133 108238 15088
16654 7946 14423
39417 15047 10861
129993 59690 3721
91105 62493 37214
125653 59859 22841
28460 16229 21737
100242 27332 15532
100077 28582 82032
15314 5852 8074
109744 80348 10293
56535 4680 39273
28166 620 4624
87666 66069 30071
59524 31478 55535
105500 95360 66464
42891 25562 15412
8259 5201 8222
84957 55532 6008
53366 5355 24738
110337 9081 2207
75512 12479 72988
41082 9932 3046
40972 22237 22572
20529 9474 18597
107361 95259 47392
100641 26558 67411
86519 49124 9434
95967 31822 38303
30042 5662 28242
4764 2965 4634
28277 4365 12309
88916 82061 12012
17251 4292 1655
28198 24031 14801
119822 78718 20742
4732 2237 2141
120453 82891 32914
79508 45133 50108
114944 62642 7901
33492 28153 12675
18377 16897 4
55033 1168 21652
110883 78060 99245
100618 69601 15676
44049 16802 10110
85574 80886 76637
127445 67052 17004
46811 22953 41003
105557 36981 42012
53796 35500 5350
115274 33604 109146
106458 19669 16584
17916 9960 16098
113363 56064 37817
50870 12676 48481
79600 2852 50497
85709 68953 74007
102473 83963 61089
73226 49030 23373
25067 1917 12136
48816 7985 34504
37797 32601 5413
51565 18716 6072
16409 2909 9977
42865 41421 21435
37821 1182 18072
108997 19098 45553
90739 38317 73119
91324 6149 25425
14152 8649 10464
31229 15764 13265
68116 35776 18599
101689 101639 19541
2493 86 614
57626 47702 52610
67730 64381 9046
97136 70263 66233
14027 400 8743
95757 57499 72211
113007 6684 80026
63778 5139 28778
7876 1446 2222
25184 21903 15482
51966 42973 32690
42428 10197 11968
88196 12610 877
61469 50700 49359
32349 3474 17406
117801 41699 108849
66514 65799 65882
39206 38424 34927
82895 24551 3156
62389 16467 21592
113142 64390 1293
92066 33774 68913
321 145 63
13546 2476 2833
71083 10562 20667
58769 39112 47698
96108 50229 9657
107705 9531 34024
19295 10540 5924
128893 68826 105647
65965 39974 21810
46231 11941 3441
84372 28742 20554
48307 24908 42566
24192 12707 12593
75540 70422 15931
31342 5537 12208
85071 56401 71921
8477 2454 2353
32134 29217 12907
56462 34617 51647
70574 24521 27755
36043 32216 2157
23415 10234 19198
41447 24370 17535
50441 38304 18331
78140 23906 33343
113465 35072 52416
112859 92506 31784
94789 30588 42715
25146 23562 14673
37601 28999 7242
92105 45564 39661
33143 9262 26711
108306 92254 47920
61236 26932 32216
115249 100192 95896
6150 3029 5569
52133 8532 47345
51903 16714 33687
98472 81802 48600
77022 58180 7725
98948 89042 94970
100403 73002 48250
11546 1192 2449
91767 72612 19046
92740 72095 20288
47409 40643 31472
16685 8344 8887
100407 9994 61542
70144 7978 45000
59324 59199 52684
47892 11905 31692
23184 10017 16691
105357 95214 101493
134109 107598 108563
68506 52213 44375
77879 39392 30319
26380 13692 19379
84799 84363 60467
33278 21117 16463
21581 14280 3010
11055 6226 8689
58310 47794 9293
29803 11289 13205
4320 2608 393
19639 5073 17502
38910 4532 22118
16625 7874 11998
97118 95064 19939
127694 38322 28226
42057 9983 36973
14124 12894 742
35952 2022 28446
87707 73444 78116
106559 100603 95832
1404 1001 1154
41419 10679 9998
74944 17690 43609
19364 15388 4109
29253 26113 28399
81348 40343 43251
71235 58856 57062
7902 1763 4155
64769 14041 445
36709 24421 21957
27974 23659 24741
111806 51388 11747
33862 12432 15834
63922 43964 46812
125613 38343 11193
83196 56497 974
79762 70857 48487
112458 23194 67357
87350 39463 54632
49215 18986 156
57805 29281 18826
131570 111955 47100
100230 26223 36981
51077 18977 43214
118051 99946 22597
31602 24483 25204
64082 50383 57775
7332 2511 6487
110578 54389 44578
44867 18940 31480
80255 76698 37275
36580 11038 7453
41425 21877 5431
74901 38767 33603
47148 496 17738
3830 3307 552
41153 25762 36517
99776 17419 19212
59327 58599 59189
109643 26534 108103
37976 34222 22122
128272 73581 27676
96844 22154 78839
104527 81394 100075
38613 704 38247
72385 2031 67716
1079 1054 406
32294 30090 12941
103631 26479 13374
45360 8206 8195
36727 9435 6173
131136 47398 17131
33631 3044 16371
21673 3574 18943
121323 103472 59569
129975 108150 22795
55048 30157 8501
22636 6516 5100
68693 14570 59254
118690 17640 30892
7667 3731 1811
45268 2210 38003
25498 9832 2628
89014 76651 16679
92909 38569 75237
105396 11976 43148
89103 25966 39738
5110 121 4819
77475 42835 29048
36274 23553 6121
102177 54375 91184
6436 6294 1089
122523 93564 20894
12574 2069 4573
50417 2285 47855
47544 36468 40901
22452 16914 8228
22850 11293 22768
51979 1541 47837
107962 101732 36665
53140 47825 27313
30736 12418 22525
51770 34821 47765
81516 18712 52754
82238 61043 51497
90514 79458 11832
24697 18922 8645
95574 50094 74246
10187 492 3241
130851 124188 50430
104268 12383 81592
82828 73045 9183
50403 16842 28686
78834 68668 66523
113842 604 97942
39687 10340 23735
111633 14645 63635
23170 658 13411
103771 30744 49832
35226 31622 3411
30389 10404 30076
31901 13833 15826
46841 26663 25154
34332 4938 8355
35054 9025 7365
62135 4246 43301
50720 48615 16483
35777 25226 27474
33108 24668 6634
12142 4695 9927
88680 79588 52708
96461 5455 62951
89168 59556 63232
48364 40639 33870
113491 25384 89118
113275 26067 68008
54294 28086 2692
7575 829 2588
70447 55091 22582
63154 13062 51004
100131 69795 22096
83686 3713 79923
82097 36987 33764
88049 29946 42267
130861 127769 15889
94568 1566 51097
29580 2502 4242
14794 170 13027
83168 61418 77706
125531 31399 96894
18543 5873 7706
50622 23077 7760
1530 430 658
13563 3556 1308
78292 16985 676
93349 62704 60505
38361 29064 19389
80199 11207 43050
83820 43144 46278
30774 6449 21136
28517 26887 17530
60436 42799 17226
20528 15054 1683
127433 95559 55272
57556 47408 9512
126573 19582 10509
62959 1541 58969
20031 10553 7547
20620 6375 4059
9410 3417 8792
95309 30587 91852
20003 6072 17205
122616 95437 108692
36855 30480 4653
38440 7710 8598
63112 12114 23194
64020 6652 31271
130874 52142 128925
6171 3516 662
78452 38742 44181
73143 11220 7042
133011 116330 35323
102154 12781 5973
64286 33685 26016
131141 16683 38353
13954 7756 6681
31947 14106 22666
69777 69602 39
103632 103559 48572
121938 95478 20341
35982 17303 28746
2524 2238 524
86797 3105 8591
112082 100401 44201
118694 20606 7166
127273 50690 102717
35264 31974 22813
122737 57737 72851
40645 26737 29090
60655 5264 8732
53960 39781 39392
112727 25584 62487
49592 37187 27144
122030 111978 111645
117495 92597 101985
75140 22517 13655
95972 31937 13873
40715 21094 39599
131142 75304 26636
61833 46144 49170
22035 15530 14030
85171 41841 83155
115931 45819 29080
133200 101825 32160
121669 38118 50411
102108 25000 55250
65408 58619 55770
82223 12243 5067
90278 9418 1005
5935 3341 3781
58414 33795 52178
126206 38892 104936
39747 14490 36315
79205 22857 69446
116041 73172 107949
30174 2206 4994
101703 68705 70586
111490 104649 42464
27827 27138 18175
53952 42765 49156
83335 888 4103
115769 71376 5157
40302 22949 3769
121806 47194 94137
20140 19740 14927
31269 1800 19613
31084 28345 28707
90471 53195 48950
74287 26338 47256
37678 13135 31926
29500 21812 15824
18125 14991 7981
126812 48508 78450
58138 35303 50758
128197 52233 7065
14620 12707 12020
92342 38423 46675
57698 14843 47654
114042 80240 72054
115971 45803 104922
55375 34265 19068
5069 3069 166
14207 4299 12974
107335 93383 70636
124982 92302 62057
122473 112533 70204
109178 90073 27203
22745 5922 14636
10198 7141 2358
50909 45589 47195
57464 9645 57054
7486 2427 2339
76599 65193 1994
71210 51803 12483
105153 63531 101772
94193 14625 26805
119770 114316 60874
70515 1124 32624
53612 22726 3922
82686 81214 4792
133256 55930 35329
1456 500 1157
7004 4650 5727
37791 13913 9567
50649 39464 32515
120202 30250 20487
51986 42383 40147
91037 30107 25363
100939 15075 71192
92201 18765 57236
41321 36933 6736
48916 28539 46992
110292 90234 86749
47627 25127 42088
77497 32633 55466
17579 4703 9654
50794 8026 50325
133051 71407 75302
106197 85146 4591
25680 24926 7637
114732 58850 68005
30553 3816 4953
53076 5305 8610
65028 18563 13669
38308 27547 34149
18521 4247 13341
47571 23490 6280
9971 2518 3704
55070 43760 39214
121376 68922 65104
124309 17389 102621
49628 18432 29945
81765 20716 3066
125247 100254 94370
88163 87901 75225
63218 19483 5644
98762 96894 41443
119135 36914 96328
57825 53480 52696
81411 33159 12753
43435 19404 13277
96016 26835 68492
124443 56609 26060
132423 99189 64417
3681 2570 1512
120633 79419 30159
21915 4326 420
120309 101457 1317
121683 117943 68232
123208 27964 116377
80059 9290 42859
78050 73786 71904
103205 57240 31136
74659 74500 6196
114111 100236 37697
41917 22367 6367
37225 27762 8649
35290 13210 23936
98903 43077 61392
122956 111450 6927
119718 92304 14160
83668 51364 35054
52777 14019 24362
113301 16297 52130
101697 81393 58287
4874 468 2719
42474 25400 28693
132984 113694 3642
62177 36462 1271
10251 3799 547
69651 26931 46258
3742 3135 2630
94252 2636 10054
12501 10451 8466
94141 30533 47925
38753 16497 15034
70695 13308 24678
106899 1785 48496
12791 5101 9064
94071 14899 79076
100547 42369 52886
58889 47305 1503
49035 39475 24533
104470 19339 94682
124428 10421 42088
11838 796 5031
67007 40304 54671
48212 13981 259
128220 54336 21447
126164 15227 60611
107453 52716 55340
3536 2745 682
69600 34550 40506
95147 77645 42651
58009 39210 20319
6415 4650 4477
85883 70105 25149
29042 4836 26598
109451 68204 82284
82542 1623 34833
43965 9144 9660
42909 6705 35459
30934 9707 12798
127500 65587 87899
77688 35415 42411
127577 72136 73806
2607 358 2525
104865 20457 51700
72400 69077 54195
66100 18025 9192
18956 11237 15883
5760 3230 680
32358 12068 23717
127585 68315 115136
117134 110904 85147
18989 18220 5082
66976 58260 18198
88968 55063 84892
57421 19992 21784
99448 53669 42652
113742 91601 35872
76073 7465 12161
34601 23683 11997
119269 84498 102212
121884 35112 98133
33947 823 14901
76134 34034 28551
117860 32874 113592
43746 42311 6871
97615 19766 50335
119151 105241 24090
110774 90772 9676
69724 54348 39578
19485 6098 1613
80965 44252 70151
11953 523 10505
125959 78022 20459
94259 41230 64785
37772 3294 30407
118503 111950 61311
124504 73163 63768
8759 8363 541
94563 24463 10938
90379 21607 84011
88270 52809 68228
38441 373 12634
24801 19310 11283
82447 80931 6217
47822 17553 11157
7541 352 6204
133632 58051 131551
32997 13838 30641
61991 5585 56312
65383 56970 5396
75929 39565 32883
70397 2485 107
55920 9772 43459
122378 95513 114046
29356 10502 18658
96353 67857 79205
88648 73828 71671
3510 2946 127
45710 23988 4566
41434 25114 19509
95952 18621 78453
98353 65482 45139
61973 41846 46498
48245 3459 14265
41120 481 1198
104051 85234 22205
46806 42386 21473
133781 32511 30691
124818 67687 70414
93987 58044 59142
68110 3528 39331
115684 63558 17415
131512 68530 27400
10182 7300 1102
26821 2128 17760
96378 75593 21116
106646 96403 94542
51943 17232 36044
121206 103214 50006
57021 24085 40041
111395 106980 75716
57008 55965 48334
62454 20236 30750
84685 28155 60255
99990 61634 15350
79225 51420 53662
96318 52384 27633
57829 28072 2673
66913 20378 11406
4857 247 27
45473 42053 7255
52166 48780 10157
31892 10978 30081
28241 25041 13645
122496 97202 107879
86220 10445 78926
93434 2201 22193
59777 34092 24753
78420 19802 68908
6205 4427 1212
69108 68211 50187
70615 64237 21941
61044 25844 30340
36340 31930 5639
15902 2916 15647
91810 60969 10520
101545 94642 23523
91075 15883 64833
121066 59928 111610
40821 11777 24116
24678 7873 17882
1516 669 1232
52426 15269 15180
126282 23101 91837
119836 113476 110989
86798 79509 14015
118266 1613 39422
17205 13620 12111
111185 3829 83067
95419 36036 86600
69433 19708 39164
16870 15526 9908
10565 7044 5510
83742 26023 77169
117672 40996 59558
93942 23340 21077
55608 3750 50260
130066 78578 21889
89710 86913 69571
45218 13114 19994
88782 30443 84167
125491 112029 83688
23730 6920 19537
4812 1938 1875
112795 11602 1068
53906 44862 20687
9861 6735 1011
59053 45896 30907
50775 40321 2116
44049 29334 25026
76105 43023 42423
122 90 31
18325 13832 12958
78981 68300 36033
37902 34721 36414
41594 32999 847
127836 23523 19585
129892 82117 107122
44467 3326 922
63963 10810 33396
119787 25447 116505
81736 58051 32685
63608 29828 52583
55719 27170 49141
75817 54172 5210
121423 10037 98422
47747 24181 13396
90503 8786 85184
125603 4585 54576
46026 24709 36335
22789 1305 20913
46962 42259 16040
122146 55495 13135
59620 20863 14672
58879 11209 55545
26718 21738 19231
43238 24663 29275
99885 27314 41513
111605 92843 94634
59469 38773 15501
9139 129 5208
77894 50033 20692
88184 86824 17423
54347 35867 49260
51628 40260 50848
101875 42377 32360
75613 30030 57547
60085 53263 12916
88897 84164 42405
122381 100413 10354
74645 1277 28161
20962 1762 6610
7911 6567 7679
125562 42247 29619
5780 555 5390
46569 1180 21806
110928 107897 16683
9119 4893 7925
59542 47319 9451
127648 107778 62048
28097 11975 10161
46468 35834 29771
80489 52967 73131
96348 17310 90565
121687 101579 108765
128029 48102 109214
71471 48259 2562
88992 27159 62095
91804 32275 37495
41163 1660 23415
90340 61445 73319
108761 73410 95723
108855 32770 7822
46310 29578 34367
63320 55201 7951
24517 7007 20684
85442 30249 40812
53658 46113 15666
70912 52594 58079
74820 37383 37530
41846 4540 40808
30245 28165 24790
72789 57814 52662
98391 35625 25537
84093 75268 83091
29768 4421 11510
104727 84828 65697
93310 29090 87036
60795 21757 31634
24460 10705 2050
104973 79797 49071
25532 19248 20504
98272 28038 50038
125835 59344 93422
95357 66049 24481
113502 996 100865
9239 111 8140
49228 30574 40980
14462 11134 6143
115479 59018 26766
32816 19346 104
120887 11659 87486
29001 11415 24292
2326 343 1232
17320 3065 11373
105074 35812 2092
104619 53166 3339
74406 6617 45328
124849 59900 97158
109184 53272 89647
118195 19230 103775
57882 22323 26537
75437 37583 54603
97693 56552 60613
67686 53655 47065
716 134 179
35214 3457 25773
64292 51220 39670
127477 117670 24504
7379 5455 5762
57204 1405 48214
2346 1545 2174
49571 5074 5339
15439 9689 1309
28432 26553 2276
63157 25929 35575
25122 13899 20193
128394 71870 69973
67413 50911 21803
85544 38314 15288
84103 17609 42635
77180 21321 31557
12969 10862 6687
36793 27817 22233
5225 3922 4907
95166 9430 47507
104944 68736 53499
67282 9185 14168
62050 19473 31349
31764 4568 7818
74621 8808 69092
78046 3838 61127
12533 4884 6559
115955 48162 98338
88443 2413 17150
57571 18420 19070
124303 116133 86005
86336 34465 40651
129768 119490 40483
20469 6969 15604
11275 1431 10999
70875 60306 22513
99880 97883 23682
83164 26544 59857
102209 46729 11059
74315 57230 5646
29829 17592 2990
21880 103 10967
13538 1905 516
132260 70369 71100
15253 6418 11516
9179 6884 4475
66213 6722 55163
26869 25659 1255
61054 31575 44446
132277 93332 127623
87127 64700 12502
25046 14646 24121
30417 19040 21374
113735 65285 106517
70731 49479 51532
127632 11847 52289
9151 5887 1407
85474 18343 66132
41220 11323 13102
99332 32833 32562
38700 37131 11595
104815 49050 69444
71091 46866 20223
112249 61431 80110
15386 9840 13074
69564 46692 48403
42496 23457 6748
129146 5876 37877
78681 74103 39829
18901 7096 17924
27361 17083 15682
91985 91403 32849
132097 45424 63365
64505 34866 59026
102388 19012 70748
109297 52768 52920
64736 61591 12007
66835 20786 40133
122221 60777 90519
26270 25782 16630
81424 43707 9917
102521 16002 43949
51867 33577 32137
37631 13314 11860
118243 75133 38326
38234 27408 16933
119523 12127 98906
92815 24441 15063
6360 2243 529
181 103 51
12039 3576 11835
19103 11372 15684
10450 1876 7399
13471 62 3527
201 45 100
102729 100335 49292
107048 13927 2911
95362 22865 80658
22061 8815 16813
41627 13216 25307
98605 56603 67053
54879 44111 1370
13519 8967 5854
130873 50007 34031
62359 40794 23163
87763 83462 40828
112958 69454 85224
107679 88833 83559
23123 5471 4963
126841 119807 61088
59675 41264 44107
64661 59522 4805
67577 41046 32461
78670 63954 13555
45279 37450 11461
14379 2464 9670
18165 8137 6645
51898 5838 12357
106986 57321 35224
53968 46369 36045
68867 33983 67057
58348 6320 15781
63878 22843 27167
43158 607 22887
77925 16897 10773
129931 60610 116557
27613 8382 15032
32277 19100 8141
22473 7796 9128
27980 14056 25287
44857 9267 3465
66611 13542 47519
10503 3601 6701
93009 84212 35041
52274 17849 10639
73590 31207 18594
20406 1252 952
72538 16131 43471
7414 1819 5818
99114 33096 83894
94915 7767 52977
78930 13822 77792
69340 1963 13763
15837 820 7353
118642 106595 106209
17054 4624 7329
97626 82342 46380
88838 68910 7170
84839 20136 55218
89919 71717 60212
45674 35816 36121
59289 27467 44932
129106 120777 82789
20724 5915 12797
80566 51753 33637
28926 23006 4137
7238 350 4568
48202 22112 8490
77592 59789 7061
79763 64113 18077
38158 8109 7650
20346 20014 407
18602 6526 9755
124481 72016 102691
36949 4280 7376
51067 15595 21277
28466 14248 8719
125957 43533 114545
17629 10016 13370
115290 54645 54913
18419 17390 6529
96452 17413 94757
14281 12921 9746
103974 97863 49230
38367 20110 6348
90338 75491 79810
32727 13592 11205
52600 27180 21968
76496 17010 48201
26313 24356 9040
72541 48170 115
36981 14173 19675
41387 19620 30929
88579 27154 80630
52439 17110 22984
117626 99733 51522
112609 84193 89273
21533 8301 10932
14752 7243 10770
108891 82091 27453
118248 47813 60980
16727 14301 4809
111377 69544 28476
77914 28656 2202
127620 84267 60582
39295 36110 22862
126458 50355 62317
37987 26045 14085
27704 276 13275
3504 1082 2207
9664 1557 1139
6999 4514 4586
18163 5180 2676
35277 5858 23590
76875 21961 21115
70449 19234 58209
81737 80032 28708
61937 13353 19914
130400 47701 18207
29675 25915 24337
105495 91038 47504
133689 70271 104618
132657 131005 18729
47531 47022 14778
45812 35546 18302
98360 70679 93415
87921 53686 56017
76069 20720 67659
75378 2904 19382
126584 125515 103805
112148 27686 27638
123150 54344 36556
123283 35820 32073
46759 12914 27578
125500 11544 94081
119902 45399 58775
100501 10441 15140
30652 29590 25572
1671 597 1541
67305 60619 47038
59846 15564 51625
9070 1638 6677
86786 45392 76419
27222 6361 8655
124316 75009 68413
33558 1999 22873
4621 3912 2722
72130 62922 47419
121202 90891 16342
104738 62343 59908
3186 2019 2456
92868 80221 87596
36020 28562 34955
42995 17751 40219
80572 39067 26835
94556 60490 92203
36243 35703 14469
109808 101354 19984
30837 3579 20058
88789 22761 8729
69758 49870 29765
5592 1158 715
19683 14858 9243
120009 68129 27295
122141 46304 28531
45698 44754 28314
44092 37061 12861
61751 46109 15837
84712 912 11813
10911 5493 470
33336 26218 21989
27449 19096 13794
114028 10396 6007
74053 61035 59632
11055 9587 2929
53582 50456 25999
72957 50812 50166
252 124 173
69882 52897 67460
20515 11746 14625
73735 29787 70640
42269 42257 16466
72495 4293 58529
24599 9018 22244
50282 10852 34271
61292 3190 20338
34444 7686 2330
24994 21580 22191
95414 75552 61228
114878 98531 51718
64346 29514 5925
71793 18689 3019
66945 7301 48613
98548 55264 20975
62627 49573 2994
114120 99468 68414
9873 7299 5324
62057 38265 42910
27902 11171 15519
104206 88651 11209
86617 76469 47672
28462 21801 21409
73277 46312 41551
88061 6175 75028
7277 6481 4495
2294 1541 1656
28001 9737 22592
73421 23291 64305
34033 18833 10677
31881 7626 965
33833 19198 15581
90852 7955 32750
93250 89419 89950
75025 51585 73996
58653 36698 25990
36910 28544 20560
6057 1394 1873
15399 3462 3521
35346 21473 6299
55507 53114 6019
123717 34861 36996
68616 65103 51184
38779 14359 27353
27111 8095 21372
98499 32458 772
17571 3493 13062
99727 15385 73391
52756 18689 25742
21475 15908 9723
18608 1238 1348
88877 74979 55659
120695 86735 53659
121917 20118 112882
115344 109524 44175
23704 19104 4455
58508 9419 21764
80610 56894 62097
60100 41834 7932
132069 63990 90500
91402 32802 84934
45842 43169 35016
76639 33716 53647
15144 12552 1468
124366 35203 28611
73870 37198 41682
49899 9994 1168
12958 3320 641
85520 3340 25190
15915 4476 5132
47403 44680 5642
78930 47957 74816
108639 56864 57290
61519 14450 22197
128484 124442 92319
121921 57634 54723
55811 12444 11844
102376 2171 85318
63128 46992 55886
69080 58829 13872
81807 35005 13943
39637 9797 35926
90349 79462 90338
122196 81330 20992
30317 27924 4934
89228 21997 49221
20163 14998 8288
132949 102741 69660
56503 33725 43039
79720 48360 55376
11661 9430 6381
74752 61631 4710
92429 20656 88537
122795 101951 60941
108709 64115 39577
87125 39777 85221
132166 67952 14190
35141 8450 4206
123963 123278 108473
97146 48402 79548
119851 83645 22537
7244 153 7231
47177 18209 10891
129203 54552 28351
122283 1136 88271
15644 11774 5489
59437 37274 6961
27385 3501 15690
11652 11632 8904
18269 7556 13638
98963 76138 86679
1669 1491 1174
77957 58436 1067
54410 12386 6146
112321 95594 76876
11766 2425 6692
121801 110502 39932
114555 22064 82515
412 307 295
96335 47602 64563
66937 12124 12629
51832 8728 36587
49061 30010 11634
102442 58065 33228
45676 9745 44928
1819 57 1281
95160 80367 18870
93532 77103 57634
127926 91726 45169
48207 41901 40118
98622 15234 37298
92922 40652 56830
48397 32029 35194
4615 3468 659
83147 40576 14680
47954 28184 31387
90462 29955 18610
30768 5665 16847
129006 6319 101465
128551 102182 50181
104449 187 65247
49408 35911 21042
111592 20709 80444
75890 1009 64912
79128 65454 66010
94509 10824 36963
34311 9686 24407
82842 38703 46611
103760 80671 34459
41479 7889 25242
124159 76692 73570
59954 55838 5848
28230 26662 10936
131186 39189 20632
98183 86114 2778
44465 20631 873
90112 13133 41466
100563 11202 29111
94985 21688 21621
17230 16589 10645
29559 20410 15401
46439 10258 19228
113298 42455 30389
124006 119475 26832
64464 23949 58363
48320 12437 11853
125308 124166 113704
63021 23198 7385
25986 19571 6791
51201 1891 16644
128538 14498 40157
22039 9508 20441
79625 24358 3337
47019 7125 20313
9313 6910 3401
51128 31991 16957
41158 32718 26700
24405 18739 7731
99145 61784 34450
26353 4745 7581
108301 60225 51860
72293 10274 24033
38566 22505 10582
92338 82592 2920
63785 45532 20452
59014 45596 39606
15410 3884 5526
2918 1219 431
103834 45381 56993
24086 19377 23479
19353 7979 18518
40416 21057 18781
70144 64770 8548
15500 478 1425
64312 17805 5279
1238 249 179
37677 8892 19569
97537 64331 29365
75525 45572 42864
54775 26381 39856
57417 40107 24332
115472 9762 109596
63593 45653 2910
51491 28772 49132
7320 7154 5356
14713 9035 10531
131235 62537 99691
52091 37852 49945
45936 15807 35803
68577 25206 49744
97879 35537 65587
65826 19808 10733
21281 11672 8968
31492 5413 705
123098 33488 114906
44514 33478 18503
41039 32096 4109
114590 65699 53793
23503 17771 23103
41916 14783 1337
129936 116631 5083
39131 28997 36021
13272 65 11837
4212 2752 409
58358 55504 49583
115153 40743 73583
127948 71390 27183
116063 80025 71711
117913 108627 12593
11765 5625 2497
51427 11722 29722
87104 6724 6994
111512 24096 84196
10306 7525 9397
90465 17108 31837
78146 20898 1004
75304 43513 1381
29058 10756 1921
131341 81617 16753
74433 17943 43888
84047 71176 12598
116843 6859 28332
118845 47101 70446
128555 53392 4039
120665 1729 2275
30076 28145 28196
15369 14483 9312
74384 16441 65376
87963 17752 3977
64490 23204 18490
82885 3711 76125
125823 13426 21524
97982 49429 26975
60749 485 14633
