1050
648 168 279
601 82 50
413 55 368
482 33 283
675 45 76
265 154 27
766 766 160
739 545 389
472 356 406
726 220 622
676 576 472
520 286 159
295 35 278
164 17 51
654 622 73
252 4 206
430 401 430
365 352 248
529 447 116
414 237 228
104 60 41
421 53 147
129 23 11
361 73 198
558 249 287
411 15 27
706 536 55
164 136 2
509 328 234
496 73 306
467 83 310
38 15 5
458 74 126
300 57 239
731 684 414
377 168 161
557 340 136
213 93 201
503 418 330
668 126 554
300 148 72
480 408 182
356 356 315
720 441 27
488 36 31
238 44 162
336 10 71
272 223 15
118 74 65
480 202 318
303 68 217
691 31 470
39 22 15
539 248 322
130 83 104
737 297 602
767 155 352
586 480 327
396 230 25
132 60 66
63 9 28
243 60 190
736 700 475
479 354 479
599 110 228
277 112 163
691 22 224
699 594 453
109 31 77
194 119 71
187 122 58
735 350 668
334 95 85
514 275 229
367 54 156
491 186 72
289 83 87
749 440 149
278 58 188
627 230 55
697 264 16
129 57 106
506 67 221
591 167 475
371 155 28
631 285 134
714 501 271
572 509 398
107 82 65
199 91 104
111 61 52
289 161 191
13 12 7
222 196 67
172 122 142
503 84 275
147 6 95
632 345 258
642 440 601
314 152 122
289 73 204
331 35 220
606 28 186
586 396 417
597 463 191
317 227 223
611 240 83
152 106 17
266 248 142
334 303 304
649 233 119
407 240 229
689 514 562
363 47 216
293 181 263
518 98 500
47 20 23
653 218 562
178 8 123
417 48 18
713 260 443
302 211 159
536 472 398
200 78 40
270 120 111
736 416 682
755 716 423
149 124 67
548 468 153
421 370 97
252 220 147
346 320 261
765 495 272
581 346 427
496 347 350
275 238 112
468 70 208
88 64 2
597 51 385
208 96 153
37 19 19
734 604 595
631 509 135
104 91 60
460 415 304
464 205 288
766 61 717
25 21 14
614 187 444
476 218 223
119 3 94
4 1 1
3 1 1
119 21 40
645 93 390
454 223 306
72 19 65
390 153 118
293 36 87
301 133 190
67 11 47
449 222 276
498 54 134
42 38 35
310 308 248
259 249 50
684 458 148
443 262 36
686 70 424
47 43 23
281 78 98
595 534 137
317 253 274
444 185 275
474 76 46
582 104 243
606 334 408
207 14 136
644 540 126
476 299 118
405 68 60
514 218 18
676 219 421
187 110 29
281 21 277
313 132 262
218 148 45
678 670 484
137 60 32
150 13 119
409 91 367
529 151 528
592 216 284
44 3 42
350 218 17
231 108 119
689 26 113
490 397 291
290 269 205
706 644 134
511 385 389
510 194 165
536 185 425
475 104 329
294 231 133
276 245 196
274 94 152
234 70 79
338 234 118
141 118 105
137 53 132
119 71 109
374 183 262
544 180 15
668 603 461
472 430 176
687 160 218
125 57 17
462 460 429
442 119 310
278 29 69
157 60 147
225 39 196
332 31 115
350 119 333
220 109 23
44 19 12
307 205 281
446 179 181
45 31 20
365 309 25
354 2 237
264 248 136
76 9 42
221 190 97
634 203 354
340 15 214
79 2 43
162 89 85
698 641 153
97 97 36
445 275 53
723 448 574
752 693 486
55 8 34
471 351 108
747 307 535
288 39 133
649 149 253
29 27 4
657 137 494
495 387 65
554 249 283
468 379 30
312 100 15
450 232 167
375 309 68
549 126 75
349 224 276
582 356 5
229 52 128
82 67 37
429 322 427
360 18 151
717 451 717
141 67 27
74 2 44
30 15 19
65 49 54
484 282 174
564 210 103
305 242 261
216 162 123
185 29 149
735 352 313
375 223 293
415 240 402
287 195 110
690 585 157
584 337 149
183 64 153
435 239 5
409 236 183
82 13 41
423 72 249
101 54 57
102 87 71
382 71 41
326 125 99
382 39 243
767 93 643
357 79 182
121 11 116
162 77 109
265 175 224
189 175 124
88 2 38
590 147 341
409 36 228
450 158 291
458 448 50
685 246 301
636 190 342
370 272 259
3 2 1
307 60 60
357 297 38
143 97 13
558 395 401
681 179 118
335 215 206
63 13 26
94 28 45
430 28 316
661 233 173
357 250 63
671 508 524
44 12 10
138 93 132
74 6 48
614 354 138
52 5 24
511 404 387
705 496 483
27 13 2
410 292 258
296 94 42
623 166 217
165 156 87
346 32 85
644 8 177
107 27 19
570 446 140
133 43 13
480 30 51
703 432 407
396 130 91
123 81 72
56 32 39
642 390 287
313 22 68
61 16 39
50 24 30
390 19 262
396 62 248
54 4 37
437 428 189
457 290 21
529 333 329
741 113 726
662 349 177
108 66 94
753 394 704
345 232 216
223 7 54
5 2 1
60 29 27
5 3 3
269 193 84
530 74 347
235 42 186
37 6 27
202 12 66
537 74 317
345 188 261
712 697 432
357 237 187
182 108 91
103 19 97
503 475 52
43 15 24
269 154 133
109 89 49
68 10 45
209 153 21
722 162 394
2 1 2
659 598 549
644 142 46
302 24 254
154 18 26
520 320 306
724 31 665
418 251 77
617 140 164
72 43 6
331 181 76
403 302 322
242 242 63
256 252 176
417 233 404
583 30 285
563 254 267
5 4 2
376 306 5
14 3 3
546 450 432
756 743 222
644 639 482
87 42 12
142 84 39
79 59 9
338 315 266
639 4 93
386 218 82
625 495 494
477 346 246
487 35 304
475 451 111
498 75 443
431 350 428
9 4 1
223 33 73
580 27 234
633 589 579
667 433 607
251 219 4
763 156 547
714 252 412
436 342 210
199 195 170
570 213 128
616 609 100
174 148 84
447 50 369
558 183 178
700 35 561
727 492 575
720 42 380
61 21 3
418 89 230
430 405 350
75 48 74
399 88 331
603 535 356
744 79 414
623 412 300
632 449 163
333 172 139
167 137 119
515 473 243
299 78 33
425 50 277
448 322 272
693 673 71
288 93 103
167 110 98
710 78 93
707 279 525
612 2 517
393 45 245
666 301 215
536 470 358
555 133 208
137 72 116
516 349 162
372 258 161
734 693 720
14 8 9
174 66 172
666 63 115
6 5 1
404 185 55
518 125 282
373 15 5
157 32 143
697 316 165
537 82 124
675 329 20
209 101 192
313 46 23
342 152 83
177 10 130
606 423 4
114 10 110
136 8 94
306 193 265
135 52 102
524 339 191
664 600 38
730 247 727
183 116 63
274 12 18
491 119 130
531 332 515
557 180 102
451 336 421
148 70 129
56 4 2
313 256 57
63 12 37
487 232 21
501 309 457
249 83 243
124 82 120
496 3 487
117 24 105
416 307 65
153 131 37
78 60 41
409 132 156
344 160 82
656 360 265
718 362 301
427 227 7
159 85 90
156 38 11
45 11 9
485 485 140
585 161 498
500 409 84
592 549 571
700 596 180
375 299 316
609 10 349
382 314 115
269 192 16
481 30 475
134 84 87
36 13 18
48 12 36
231 63 82
146 28 41
410 136 318
484 471 136
707 448 96
489 388 208
223 13 214
232 58 101
224 61 20
91 49 88
230 67 167
78 18 5
381 61 67
667 447 591
420 196 361
357 291 79
410 396 258
296 97 99
578 458 269
558 480 535
709 541 394
104 55 98
344 53 299
714 349 149
575 91 121
708 704 65
318 238 279
409 18 206
37 17 28
306 200 260
711 378 446
199 79 28
95 39 49
516 68 297
675 656 351
764 586 325
115 40 44
254 244 184
579 308 35
571 157 364
635 26 440
281 195 254
189 185 177
608 467 244
178 41 44
112 112 79
481 101 441
131 30 81
313 120 168
516 68 120
554 283 217
572 420 571
95 9 79
245 181 12
684 547 346
433 358 218
480 160 83
548 62 10
640 358 212
245 140 2
579 313 429
411 377 38
69 22 25
362 92 282
528 45 108
203 147 179
258 206 12
666 515 351
579 333 254
95 62 44
343 274 249
505 64 133
29 28 29
154 139 53
355 54 57
315 143 1
2 2 2
611 367 53
658 201 316
374 288 201
402 165 71
276 35 270
419 231 352
522 271 413
340 65 164
461 84 230
538 199 330
349 295 10
478 48 124
584 279 171
515 165 446
676 455 225
380 152 11
504 266 293
60 20 9
371 324 2
438 63 76
558 513 163
637 2 180
351 103 343
360 332 211
568 479 476
181 156 94
726 645 415
31 28 2
33 15 13
202 31 26
694 385 638
449 385 136
137 24 125
382 21 282
755 463 424
37 35 11
475 235 96
600 76 387
666 299 108
319 146 65
460 229 59
60 18 7
715 26 105
387 196 60
639 630 184
525 244 72
620 251 520
432 338 11
475 5 448
129 119 83
366 126 91
16 10 9
65 39 59
118 15 93
115 49 110
397 60 364
663 287 194
347 191 190
638 215 333
56 22 45
297 141 241
593 336 138
619 588 63
638 72 474
200 134 77
571 344 297
602 346 238
81 58 52
16 5 8
764 753 428
748 732 512
614 542 145
107 4 53
134 17 70
355 336 219
22 22 14
717 645 631
665 160 387
563 390 464
372 236 138
320 100 240
723 243 321
389 241 160
150 141 128
58 12 10
485 251 432
363 184 361
767 308 597
560 552 445
684 508 245
763 85 707
21 19 10
742 346 571
378 354 201
134 48 19
306 30 20
195 147 148
395 245 155
144 140 112
212 212 84
522 224 32
355 251 38
293 62 288
476 315 167
736 224 671
527 160 464
33 5 28
71 5 2
549 81 498
25 7 11
641 641 378
343 96 128
450 133 127
550 459 204
547 209 356
537 101 105
444 83 327
626 508 595
20 2 14
657 9 371
334 23 53
360 148 109
211 135 208
58 27 15
623 589 427
344 119 306
530 1 295
224 124 115
495 246 48
179 153 35
227 20 86
435 250 281
645 616 97
598 95 136
64 55 22
546 525 518
608 264 28
290 183 58
179 77 40
485 375 314
125 12 26
424 354 324
264 242 181
105 51 9
266 75 128
242 106 176
732 498 65
761 309 234
496 269 453
88 83 86
2 2 1
665 381 171
244 86 55
541 451 140
443 406 257
758 218 311
325 63 286
384 68 245
562 521 46
154 121 27
601 289 495
304 102 44
747 513 417
110 11 29
761 419 318
135 35 5
447 258 116
31 13 31
106 81 75
587 300 124
687 653 576
119 38 27
104 73 25
376 198 27
457 451 94
328 72 39
559 411 440
330 302 127
227 169 93
681 45 360
648 235 405
409 163 17
673 187 423
233 92 151
482 377 314
305 69 139
621 53 254
596 109 309
436 280 331
360 170 8
162 123 92
511 468 225
405 364 332
20 15 13
322 103 146
403 255 210
490 212 24
287 255 15
415 199 175
652 277 598
36 8 3
249 222 215
433 417 159
513 17 68
637 598 12
19 17 14
8 1 5
411 377 357
650 467 349
70 32 36
395 67 172
134 64 47
764 411 635
59 5 11
483 368 320
735 135 15
141 9 42
366 210 160
229 226 127
279 146 115
652 281 498
296 296 123
302 191 29
639 508 191
320 137 158
720 374 193
221 208 169
482 446 352
368 309 11
671 336 445
763 701 419
344 244 72
327 100 199
348 207 239
266 133 111
16 2 16
577 224 134
326 130 52
752 342 81
547 283 88
544 133 136
643 277 125
698 48 491
407 38 164
403 203 201
636 316 124
369 206 75
38 33 32
362 344 242
700 520 382
259 87 106
386 268 71
301 115 110
358 287 130
703 65 322
351 308 36
515 40 366
192 76 137
441 109 237
642 151 205
74 10 57
454 361 227
487 95 378
502 426 118
149 5 111
434 122 40
432 124 58
419 100 336
164 43 137
648 76 117
515 122 72
95 19 94
675 89 472
462 323 250
715 41 136
402 317 147
158 21 72
375 103 368
406 392 278
289 253 153
745 560 182
275 10 121
60 36 60
52 10 23
669 606 401
722 206 81
192 95 95
525 387 172
168 126 89
217 2 170
350 202 341
45 27 18
512 122 406
129 117 83
554 117 432
609 10 467
79 74 2
394 210 119
43 17 9
696 612 15
685 371 628
584 533 554
6 5 1
172 32 121
628 209 24
175 50 165
659 521 406
575 451 477
445 39 71
731 179 628
520 309 29
139 107 127
445 55 357
196 193 108
453 69 249
214 209 126
416 256 216
416 120 171
469 242 235
493 246 140
371 212 150
402 89 205
705 625 433
324 301 265
571 278 358
324 71 246
250 236 63
458 264 235
641 534 260
549 536 487
216 69 78
769 451 560
736 297 514
305 88 162
278 102 144
292 24 264
288 127 2
490 479 409
241 221 228
523 475 150
348 291 215
642 274 453
305 247 14
695 370 253
411 134 380
601 201 263
505 5 117
177 140 157
67 47 35
697 611 232
677 588 557
637 516 487
750 147 739
634 168 321
66 47 43
518 323 440
295 3 66
492 141 426
127 107 73
9 3 7
464 305 193
53 36 6
352 37 333
213 200 183
294 131 39
443 307 358
138 118 14
388 256 228
393 111 218
80 37 50
575 104 247
271 186 195
39 3 17
3 3 2
155 146 10
370 69 339
718 50 160
7 1 2
119 4 2
31 18 19
27 10 3
77 20 77
338 333 312
157 129 138
763 250 208
88 48 62
289 92 197
122 98 119
638 625 444
723 487 550
703 582 124
45 28 7
341 225 125
637 207 244
753 542 129
685 82 281
441 33 86
718 265 286
206 6 196
580 4 548
339 67 87
583 215 548
302 99 153
25 24 20
748 280 22
9 7 2
4 3 2
431 218 354
355 272 316
283 44 154
450 381 311
30 13 27
298 100 27
39 28 5
725 685 132
646 437 150
188 169 89
657 655 270
524 23 196
588 158 505
181 32 151
359 252 214
683 248 350
570 569 553
509 395 27
479 335 13
279 51 273
217 119 106
211 170 154
594 214 569
459 233 44
631 254 469
332 177 230
304 281 162
419 392 311
765 233 312
419 275 121
156 129 62
192 84 82
422 399 216
698 638 24
313 149 26
740 596 514
658 168 184
298 38 159
443 275 431
252 12 12
295 252 48
756 82 453
316 221 54
650 329 125
336 176 283
