4250
314278 80197 218027
400629 325621 269948
857052 697544 282163
567164 526063 107091
792017 670027 418043
398725 249308 110903
15920 10171 10105
59450 43790 25878
156274 129020 92235
979716 809285 859367
761845 679527 512282
650757 435606 532326
841238 149221 595805
799209 59233 565687
68870 15284 5905
625956 93927 120669
482626 20972 399844
161224 61799 135235
527380 509970 346167
812276 448144 242245
120596 25619 75072
85113 24488 22693
856555 210792 579329
926205 183974 866645
188574 89238 77255
937780 663975 837581
202706 166078 129089
903170 512844 368150
722317 540676 10607
813803 167521 435619
848566 831099 505447
883937 851412 371864
907553 94311 158385
828606 136943 316933
959061 566721 951242
904213 142880 684329
752632 709281 62579
691564 686601 234704
969985 233000 719050
317888 228858 90884
433574 6312 142226
547885 208917 444944
433720 427713 370357
293602 2844 73653
727387 304483 33035
594522 533048 148755
265389 78740 197331
396193 47787 214955
77322 32647 55077
677978 315878 141813
708333 232649 86136
535559 486680 478582
244580 500 207840
604983 479647 229937
8468 173 1183
270752 176939 197812
434186 275868 345558
469852 399088 287593
812214 449643 339191
958545 902858 120340
249516 27172 202946
537542 356633 51838
85119 19150 32654
83286 46460 43851
481487 337640 286980
892166 726243 27617
329516 192878 182271
305642 142532 194418
323915 287263 34422
954501 322448 340897
452681 119172 129342
384372 117095 309023
554757 213292 237190
241372 70484 197425
575426 387270 194094
259883 254704 188312
541500 532743 288988
877673 523712 81634
938455 565866 853732
948497 871575 247882
207252 71801 129559
800366 612530 394031
849373 232380 806087
707269 134889 264712
870446 659897 845594
149786 37599 18236
652948 461262 244797
642648 168948 220262
647545 251739 213362
4408 2008 147
669902 512765 366339
137438 90912 59315
874924 282352 599812
317982 86276 111646
917674 308393 714680
311825 141448 192111
372184 52213 174270
13771 1285 2511
147613 60825 111755
752976 306197 375211
154996 71858 95569
191595 119060 122388
903603 180560 362262
602660 21204 474033
391972 352714 319558
714972 480578 622178
394353 164613 156890
704529 545359 511842
498294 309166 203328
2821 99 1107
207791 76517 154042
500548 239215 109108
767915 580158 644943
447364 256581 11036
652333 186751 428530
780663 773601 194898
831932 120324 397512
608237 519965 503885
215191 6043 107550
138972 63868 4827
831868 416950 209344
351354 18618 263903
426797 171993 340008
922167 909909 884079
331268 167346 80228
832996 596422 441449
774560 588359 112668
38955 10719 28707
307771 129056 209005
246806 42357 132994
79472 50762 69808
613035 253998 436646
11997 7397 1647
719429 686383 439802
888075 551339 783304
906319 871215 430928
283675 143149 265828
101291 98691 34729
948029 253911 357755
403826 206461 326831
143622 124884 61235
194110 34467 72608
829137 804454 43224
66644 35709 30010
296312 170277 175984
212795 197740 17194
378667 377514 332832
305650 291727 29104
756866 88305 225069
39259 6524 22032
274704 21269 135170
286135 237283 153105
903137 124693 470986
536538 197680 37959
134288 73348 30969
818691 138133 497635
173581 148712 136614
209714 135594 18093
218326 5646 104493
821568 819044 347410
591352 412622 63106
402198 76851 92295
54042 34551 44748
693283 448366 80188
569027 94199 547236
174199 3010 6311
797551 755746 692967
717324 464369 217985
515356 492341 62030
75586 2215 11543
887712 650475 249030
816490 135013 551637
461893 437359 212884
249719 202551 206028
899035 35738 605409
10219 1507 7368
75554 14714 6212
43405 13286 7146
691415 333745 77210
963691 281338 434557
142621 119106 86402
331857 308180 313237
436148 398864 124728
442899 353029 127111
815858 450960 375343
574506 353999 486706
240586 29149 138167
629517 547907 515375
131044 38573 3367
19889 15683 12893
577681 287003 105887
782188 617525 221171
445256 398538 321260
401451 138496 233124
145521 116556 142532
168727 105746 88582
564174 360316 563714
951732 25502 111107
845624 185168 318758
312183 253477 278030
455432 413589 263472
594839 198511 589047
781837 593521 546146
748036 284958 625806
928509 654473 134597
491679 392478 101770
236203 76537 113420
821402 201890 764574
843091 112836 49498
795852 320729 106401
979761 7232 47926
675734 249608 190887
956211 870669 474383
323153 116872 72074
85997 49868 35361
898512 105710 295052
15144 14451 14387
490312 332066 200160
555720 289557 135995
793632 126219 395918
842086 324571 836636
34681 28058 20245
705071 332431 6105
585141 481622 383961
578093 105185 505819
484485 331673 428459
781741 495802 95447
925148 505822 836066
374938 333104 54235
166808 128994 9585
485466 35920 222036
875262 157009 320537
502669 458120 813
971858 268252 172721
793454 25418 409552
541613 58077 63607
548944 220657 12839
673948 283233 204506
366968 131519 338238
217559 126942 71547
187877 119144 176845
14149 5464 2057
527999 130166 37280
456977 118738 60334
215663 111605 169037
145857 98966 88791
348854 145650 210591
35647 2758 10373
245738 6640 68504
601985 189879 249790
844042 344127 123583
217958 180791 28812
376307 189350 17709
892645 23020 91325
458827 167243 259438
582842 75854 189111
905229 358598 751096
153055 134439 55557
209737 24323 51846
347761 109344 323744
433964 138482 94573
677300 317828 309415
282356 74842 181834
381134 104150 239999
689107 304439 146911
582129 572743 84209
672487 455545 452028
680098 472258 351036
377915 19039 244556
864552 372210 339891
633003 448488 453775
524500 301440 332362
913585 174440 157489
634587 17142 47510
290420 125343 200031
18692 5654 12703
22264 17731 8523
786123 163407 309186
604655 360222 176414
923236 844046 305777
196009 136596 113565
422645 309265 254670
422310 34611 376041
626898 106270 540810
132861 97832 8601
82435 1006 39512
283773 134816 153927
825945 660799 305862
365899 359414 2695
26217 7246 8254
272878 85101 7122
123725 122027 26484
125352 3034 2922
831364 326633 428122
751300 412014 100044
701557 103487 15903
872495 855598 257104
38888 12932 10347
343477 327897 310419
696947 580378 160592
706068 49062 503517
349136 180737 43292
511476 66301 190021
154920 74280 62894
688069 376052 510317
179690 36254 114274
750333 169321 531188
706899 218418 488940
385905 381824 158370
308958 129440 203458
847326 673956 217800
143341 112067 38744
903630 380784 829979
196775 135079 21764
661793 330123 624462
302572 152421 252610
41581 27366 8177
935780 193899 471390
142487 110719 129745
569081 437201 156330
150799 80429 124424
177599 48415 140252
167183 59618 20744
450615 351912 108740
150530 137488 120306
626291 331468 46378
91181 73672 5392
861379 381091 446342
653996 126684 83315
105330 23700 15434
883163 355718 676032
319678 66752 307841
496181 418553 277097
703249 428049 661190
308167 91220 117466
313230 108532 65779
420690 84805 270644
334139 251843 81918
741964 573327 637364
772153 26372 512350
432811 432126 303028
702955 145928 26832
88239 802 8042
431979 117639 349533
118185 12264 3625
594822 353755 593011
367921 287466 135951
865686 655398 472664
393010 302931 89483
269738 137046 88465
987672 546380 736480
368404 3033 343284
182464 104727 16248
132505 5970 39423
923235 600262 135066
986931 913755 91954
536768 464319 310298
674057 318885 408248
786423 648950 646762
396588 377085 171299
705786 680557 10660
344817 103932 268963
292033 135427 114760
365951 42389 159745
551291 134824 297851
161101 125952 38934
835629 283688 724505
905018 867006 86650
174087 112874 24851
772174 400385 229937
92382 57174 45883
552294 411460 465507
938705 7386 361306
316417 203977 308772
124872 60811 85970
823462 434870 768800
386216 57717 155483
710179 492867 6488
886139 772117 628375
230592 54941 79372
232177 204368 178971
444683 381750 155579
191502 1017 90931
926726 271916 84926
25660 11450 10955
282728 167822 6589
86953 73350 34555
58609 48567 6249
865013 197362 293267
57706 6740 40685
488746 128233 392706
906538 682465 82261
417002 192107 395784
462563 102302 208524
448143 400122 57757
290145 53191 9230
353404 261512 207938
571916 116815 134082
874435 86763 335786
471382 233173 399324
89336 78032 68762
823699 455480 634723
255172 90864 160017
392191 193510 263945
340912 285786 181225
878255 763077 773676
217376 60623 137444
911657 676732 292118
921406 322757 386288
368432 155476 312616
32567 32253 27431
812863 659 299372
610120 189972 125857
149387 90384 110415
424871 234497 249601
279242 118392 94935
168642 117751 24716
858048 26842 155734
827590 459058 340122
688741 198830 384092
359264 339418 276950
19431 11327 9548
161186 78825 114369
856021 842402 329499
872485 628615 716789
154543 152405 53167
257986 169902 136416
322715 107713 124380
238823 157576 62397
204429 141712 193261
188472 141522 146573
354986 11831 122056
188515 70286 45482
583466 188285 535328
26813 22293 10516
795410 382470 611908
930362 302990 136445
813750 373705 765323
795089 531602 256931
357697 251423 65313
536264 449404 48220
677991 404940 27352
958424 528584 177874
759084 704828 587647
552220 458047 169628
168874 84953 118582
260194 147789 110596
101209 25306 12631
695701 402925 124738
774618 263578 405634
977562 963643 292707
877003 55972 516067
258577 4538 243448
714969 298789 641319
358962 225819 138000
139990 124522 1571
962000 445298 398759
3860 2195 3824
12397 907 4430
215990 128536 98028
237311 141676 109867
868363 599345 507902
337292 101432 288645
390463 56987 163228
643279 413939 280242
521437 296947 82352
219142 104078 103966
122335 74025 117052
835143 625740 669794
785675 657613 588886
796452 426384 46864
77259 30536 54379
266200 226279 236419
149538 6585 111337
720404 200455 168258
508847 369942 364628
397381 351909 229215
542803 474964 174170
705895 441348 243652
411606 84762 170808
608870 43984 518542
443905 328033 272147
194554 2658 135912
426505 66542 417999
121481 35444 83850
603330 66703 352465
540876 237853 230232
955397 564125 933517
747371 645574 495736
289800 226801 256727
538817 1293 419813
575568 533343 413334
738881 570906 297190
73890 62456 47004
780844 536258 412164
63871 2114 33658
844671 597161 543100
907799 903298 350638
885304 818653 691962
719257 34078 38082
819218 135506 682269
534270 70984 81592
332044 161394 297101
378547 25077 157726
259381 27027 160067
207243 7840 190262
126388 67086 85936
278863 69961 219069
811933 804091 672156
503632 44785 199092
493326 488228 261399
88460 71178 13114
525450 308931 104780
256777 154889 122425
87532 17220 68382
797149 627553 323311
254735 162920 37005
288617 263824 271998
984383 556917 838047
57886 42402 34586
964560 211577 589871
387707 350117 153753
269064 225172 37871
752774 490451 567684
645926 194367 11133
19548 12328 10812
679364 308988 499694
145287 129404 19862
766948 483260 226697
633344 452469 114610
157955 117241 109842
914881 159531 514687
23578 21271 17842
270878 152984 43166
812197 31517 668277
39707 25566 5535
561896 540653 294827
911214 164010 437585
432829 227206 67852
421261 205621 15137
14834 5622 13336
637092 325398 397539
212842 140084 7931
587824 560709 272224
800975 139040 633621
255861 63350 200
326096 292935 127852
875323 758794 177733
701953 523761 86427
19547 18928 10096
612772 117013 113056
881643 170481 76762
691813 373382 365566
409839 375045 178154
897275 85471 171046
755236 493498 49064
477134 387937 303866
897891 242005 734225
875719 727105 465874
222661 19583 16928
988582 709864 592750
5916 1372 929
568481 315534 485368
636270 366630 481827
581638 523343 334517
10823 1609 3744
513806 35378 429078
242857 153265 212733
767791 58889 441435
111066 255 64068
207215 42244 66637
892495 515082 748962
106205 55587 75105
655722 148210 243888
401044 15574 102793
990604 317316 933638
538498 28978 421208
49604 44260 27833
990475 83583 952220
621392 26670 253673
2173 1147 306
803504 75032 628632
68728 39018 24077
311504 36875 305327
965212 940651 838519
620447 129001 365767
317852 217683 208601
505783 189769 214784
709160 703583 535483
985108 270143 775052
549506 231836 430832
794347 179659 522806
247820 211132 173155
59393 44226 40525
681418 368236 493619
136282 55583 63322
819409 370303 273322
336143 9930 211853
784078 211122 218140
386894 16304 150662
746334 307937 151123
406848 8970 15694
271365 151835 252840
575001 266257 130099
536493 359214 223064
712957 602528 84797
438339 45626 263430
368080 331188 206419
417241 172051 25769
258219 54797 230119
684892 347126 120794
499684 292295 402965
941366 258714 713037
271058 101674 47993
206471 59055 26684
738485 230648 713692
304467 132108 126316
109785 79151 7097
418220 71705 205729
300154 97757 282983
962110 757582 680998
801782 170018 184293
960265 227420 845149
922503 818278 149434
44860 19975 22451
715998 424606 251688
300274 1653 263687
280736 152581 202119
856899 189947 108910
460176 9282 100102
927462 317220 135156
934797 324969 422109
451464 130900 58011
854738 737994 522847
134769 68267 119036
12142 8802 4867
11213 9471 6588
442766 239234 294366
753468 486791 576281
868452 442741 99981
511681 421359 71585
279682 47326 235989
626874 42659 536359
837636 547309 503128
131109 112084 112155
615605 125277 308532
942281 717598 260177
395210 31725 358983
658553 254695 624978
124199 116102 85659
806223 777429 28306
588246 43561 269569
305855 88972 251140
369269 280359 320414
756283 400272 392461
335989 175550 128052
688416 593046 411240
536014 445025 405878
112181 52886 82272
400102 45423 267211
689455 244788 279614
627677 527283 426288
808960 93335 535576
736961 672771 344435
812185 474790 667283
404473 105597 375901
873427 864421 4872
980418 315448 397259
509038 320667 144263
3655 2257 514
67042 16787 13301
852488 340715 443254
186937 19534 154548
243456 57578 239142
979193 244753 757467
678966 9486 406731
847712 295006 665125
240065 45241 140643
1670 990 1168
124121 56529 89533
122513 104093 59803
473556 272064 257792
44841 32164 3640
882856 197007 211133
313745 37354 28245
948126 823609 911555
659657 257165 620529
903210 473236 555599
603663 253275 328618
528532 338917 510236
616075 529024 446246
643835 387770 257434
362047 311260 146218
204279 109962 145800
116788 105993 109364
357 250 115
272925 119309 163716
16138 15859 418
874818 144704 394280
298935 264269 130612
223894 212027 114912
892749 825852 449983
926180 314406 364853
214185 182836 164266
38865 28020 13322
598892 576938 327335
391424 219418 82127
545008 446317 335641
162044 146 131068
936146 35415 753114
475525 351719 57688
439825 144540 387009
836250 288361 507142
534565 34371 319946
655733 282095 473811
97034 6456 37395
14395 2392 14385
882858 537332 39493
281194 234510 196181
178224 62050 30483
970325 516351 398908
903147 754190 699797
182012 174006 172649
303962 184286 171098
367612 105246 44914
8722 1565 2369
470750 451287 64074
463102 227525 267981
148296 22490 9617
838910 89324 309151
588394 176791 375147
189789 57521 155178
466537 449154 225089
236715 47965 32406
304953 5443 283475
628836 46588 591662
888630 814767 415859
735915 306107 61318
624013 35385 49515
878580 794537 403109
409442 269499 192215
360739 293088 258768
115834 79976 114490
302758 164497 74086
979114 751894 619423
690837 320899 5793
837575 584343 458739
804332 433938 617686
988318 875794 835255
390560 206404 151083
822368 574591 443833
974061 617644 421477
898364 106136 561951
842748 444405 357373
117030 114338 4676
721015 259651 182866
824480 622608 67759
95621 76400 49908
358390 231807 253100
346908 187734 316358
548479 327027 519656
155988 63356 8649
843769 39323 189323
611751 74435 308
874550 351563 379317
290814 208996 46751
299684 115724 41594
102313 20306 92073
188944 56668 23536
443440 307362 47218
44134 636 40832
136677 61322 2515
483853 248808 108711
54118 43689 36078
522266 327103 291693
310712 194567 190933
9364 39 6849
347651 264232 11537
814160 779715 497327
924657 471236 391541
189666 156145 109163
678269 389182 432814
839741 139474 290274
766183 288499 634467
345775 326925 200542
942971 349080 374157
4728 2086 3188
667312 9349 382412
455658 423982 338122
473240 209303 180983
518156 69674 474739
183113 144789 156536
556300 129146 247207
493663 450912 260050
682889 680132 142228
308907 69557 196597
669753 417610 457381
202901 90409 186324
868926 366098 636860
563946 96389 110805
570010 442175 439257
820590 531263 554416
175465 52035 114275
519941 812 259117
60950 54800 25873
29063 26437 879
488353 165135 432238
614265 5751 60902
733405 136784 69071
427757 124890 2731
140933 47551 113650
385596 330272 173474
769901 455902 224140
116604 79332 50193
486764 114826 462071
39960 34188 30421
638329 192039 180418
58142 33358 9933
810304 779118 440342
358519 231364 154598
911203 506065 301282
225727 95419 140391
169091 43397 166509
506513 401140 341020
793997 578230 699560
197712 42702 75944
812850 57103 2604
428148 339908 348700
280160 60185 261340
794749 231101 524764
832917 399174 794828
495636 199000 457398
358261 124365 245063
581984 544804 80440
154431 135722 148958
435571 82268 332194
771966 626065 425335
966804 302358 152831
573010 73323 91016
676396 160181 294633
867779 398416 520703
954742 467186 405194
700804 531163 661229
218913 155416 182373
55114 29317 19463
395277 360513 51095
424841 176307 169786
358999 266959 123216
385711 328715 30644
425944 314950 170520
458772 449610 253416
446874 124021 395776
235466 221219 131154
887611 854194 679604
636894 631721 214367
204361 51675 25946
367885 134198 128305
694081 141980 447052
182409 126131 171764
392533 237634 219717
788522 68864 516509
605836 129762 215667
908624 829891 48147
405907 65995 136988
175450 73884 111037
759050 372163 490328
727955 250865 710034
453908 21714 278119
793205 333050 158159
846841 575904 665733
5206 3359 1835
743600 267734 669632
142573 21608 36092
93100 54133 24555
876911 320375 772211
350802 75774 227191
875056 808227 769142
920088 309817 844025
849800 529170 447356
67647 122 19550
477420 29217 96228
911388 734879 577423
518713 34050 122388
887295 539831 331157
268726 57180 95386
607676 218269 105892
855673 818715 408080
594359 481113 430592
193618 78667 75304
140383 100311 46003
837242 493642 483257
673178 209904 419088
75386 52506 42920
502217 422234 8284
175612 153795 1628
573660 319645 453588
858723 814326 800450
339553 54057 280272
659295 588717 6637
751407 715313 529033
359077 255623 58942
799658 509494 704939
574881 359873 542709
578189 424173 334365
224438 144951 115235
830814 582950 405682
535911 56721 152525
276995 105244 128776
867526 219480 428866
898155 635933 632674
750891 710402 13835
970273 28532 163274
163962 47808 24226
718001 179012 217079
531916 469598 429806
671682 504764 248567
455444 210669 375662
3624 3509 402
646852 204459 141009
770369 463925 239661
484258 209343 84684
183266 96476 8508
731362 497065 497933
302389 234154 184
134322 105141 39244
901644 651161 761354
622818 577782 68598
624737 274777 264807
978106 700494 975769
584836 462283 327907
464082 211657 427757
728346 87000 691597
862795 281176 37387
545789 289540 109800
841440 340608 508150
165983 95480 88489
536802 388470 469949
638153 293848 574453
614829 109266 77786
680188 537859 136815
242717 86688 116705
810610 804961 360880
967257 380368 508451
10381 349 6563
872725 679363 667286
123239 71702 29543
598706 90435 332732
124593 3336 108076
274172 88407 205766
78616 61493 58866
149027 9498 36120
325885 224531 140091
734300 516395 660828
954016 829576 880059
875104 719820 88047
342077 246425 146766
450781 48278 136586
432185 298394 248649
397504 360893 178545
849591 54925 81703
415132 37723 78423
123848 89541 12656
368993 258397 245285
521930 252704 436900
395418 88726 147862
331078 30689 159159
875007 826752 138039
171643 86471 102011
530516 336664 88517
722533 441209 213597
410645 167011 328777
349503 156917 305718
605479 188586 544252
920424 811882 859494
899953 221623 38240
514962 373671 193136
667072 9352 238008
376863 317832 221201
184945 103160 74791
744857 305967 43485
548423 93302 181751
573347 106849 32238
737505 280147 153540
747698 303721 536001
360132 355874 346779
533268 61498 134868
793005 553301 92065
315280 272791 78221
872725 12044 438013
776618 467033 70209
688782 195641 675640
23857 7855 18772
556624 352664 122167
474289 13263 404817
518924 386167 505645
285830 191580 183511
511971 471617 448840
788680 157384 168357
249142 181487 44306
299988 294564 13942
760925 227702 619629
953176 77466 684781
500950 55104 145882
183607 181999 81025
432936 49786 14923
176558 9941 159248
682256 507127 456661
518243 6713 83651
12611 5018 4864
482641 219531 62052
769788 748497 701780
180426 157417 41878
215330 53358 70422
123584 47432 121900
759872 134130 508422
654987 147184 202308
986563 628107 24708
909461 509311 525785
450179 388057 191249
100024 37726 17075
769167 474809 513659
950645 375555 24140
47438 15484 23530
540996 421711 17625
10392 3075 6103
93583 19378 68460
711036 418337 593794
206630 79731 108833
945868 483277 549140
792509 540610 712622
107367 45409 74585
820229 549709 500060
845109 441438 156261
133775 17105 45911
686926 66015 503201
212169 101529 199310
8793 7232 4904
230079 223466 192356
725306 220943 611270
893107 874710 63750
958780 40433 383005
867549 689048 851232
616778 485289 430858
669253 640483 300197
634275 26219 355589
368307 182379 263766
39284 9911 36160
985362 944535 6166
378281 301706 338792
911735 499414 282767
589124 164272 223920
93959 39558 16144
826943 296551 752697
649381 559035 276669
605518 220919 116389
907161 73345 91692
810891 357138 668481
574555 568434 504816
649931 438515 550260
504118 240922 335265
184521 79366 160933
575848 309476 345445
802976 595943 240790
2723 1746 2232
428529 233822 103130
939577 476104 3441
798580 676436 502929
372768 146436 39874
429620 332012 98882
562662 69535 480381
652893 299060 175559
511623 67633 113413
462207 19723 352283
852037 241424 274235
438584 412944 243535
449686 247875 343873
167546 98007 126400
883166 371698 150643
635891 178886 316688
208821 165413 164651
853652 814456 157125
738418 531248 427627
356207 307758 247047
324967 304873 295724
63719 57439 19753
952777 198439 243750
520396 43193 392348
984161 117612 136582
809903 351554 203852
206307 15789 101974
950207 387694 627802
150715 121909 96410
845026 260743 824334
207023 116331 100200
865584 17971 640123
15556 7146 14112
857018 625768 99632
285061 134194 230684
201568 116045 127247
439741 2335 6534
381269 238046 24407
944190 856765 384023
520178 183837 460630
949623 835982 726566
460031 375292 399819
540524 123593 85057
30790 1062 26445
209705 197748 156465
687762 184123 386423
973157 55746 137302
365046 361505 87173
432732 171767 132139
735903 324619 523576
193033 136488 55114
390441 241597 326136
91651 40448 72749
754778 130068 712737
318051 101889 61264
377952 139259 68739
803386 163852 33599
958945 187593 582355
677813 117814 302102
15705 10658 10548
117157 23158 75889
808038 677431 103130
182146 46780 66067
854947 631271 410121
159857 9607 112533
875398 412654 215608
542246 444161 268568
207198 100657 186810
585027 281609 109993
72966 36341 43359
628643 129947 221874
394201 96829 14119
674006 343909 274421
554374 21468 370721
27754 7877 22938
775004 574723 355943
721636 619620 19446
671776 541337 602969
930876 581266 76482
905778 193831 211577
332699 212976 221524
529039 179570 226326
886300 386897 444435
811293 542738 614210
151142 120332 59343
70590 13428 61693
446311 436463 150520
608975 525254 107628
657439 193888 250976
187300 70557 66618
428584 381247 192789
166059 149765 148598
177636 10276 166745
681420 222308 418814
385903 185203 108763
277189 219883 80876
892836 601397 430823
990824 633871 767324
177975 68152 17881
972391 150984 902475
589984 544724 144138
599400 257381 533560
386766 250103 289339
761006 154045 319040
255375 211067 101314
642325 462801 34913
30744 2635 85
664780 511148 323295
84011 9319 54482
888941 369515 852463
800546 500292 165338
728736 679897 397691
315363 2602 141911
860072 433962 764691
962559 814558 230557
578916 69985 570269
754017 349217 728785
84134 31684 71336
612889 382742 12084
974135 779549 431330
434441 169481 33677
863922 177694 29334
649905 441910 277038
406151 46692 329750
102557 66577 21204
405586 399719 297722
464056 30550 38642
345758 58635 19035
20392 9996 12627
899397 307726 557638
679382 95338 464349
238541 176418 226543
964864 547054 611684
824932 323218 264732
864716 258917 418903
427384 296115 255839
565323 234350 287203
744945 75780 38665
534898 276896 290694
987416 54728 757230
609320 339487 234252
84727 17934 42513
853809 235490 321239
956086 768908 239781
744365 235964 688834
659053 305907 18992
457579 199404 392470
690104 550693 565602
930182 279699 792876
266150 162125 198890
812024 19749 122967
171424 129182 49480
317966 145571 161590
924279 887559 794052
61704 52162 44018
505526 374116 296007
977433 320221 611299
390655 183675 288819
191275 186923 107245
612888 402307 284536
641447 391001 237989
871217 454232 424360
813674 781386 325231
46647 21632 12046
275490 21040 228258
538989 430541 231995
891964 463477 13580
851383 644362 383100
593658 190124 31036
105975 72049 76946
135799 82722 38168
140118 36109 42391
395425 80011 311674
88532 51389 21628
150990 128232 36524
224504 156824 54970
124509 24424 26257
351293 101848 327043
776938 212655 752382
566104 321075 275606
785762 33380 784935
766941 660578 575061
510902 471025 386386
821248 603262 334821
787018 17441 426450
699112 505627 91787
920623 621599 439352
352671 191232 23475
431929 57046 79839
972458 681938 534957
522081 92279 370424
902510 682240 744954
482399 57062 41878
780501 177602 430960
730236 670243 213440
636146 477003 54129
948194 147990 272948
378771 263049 167772
306481 184945 79908
120381 88814 101232
188657 40423 67654
943697 751794 565721
749842 87173 538426
474543 378918 283067
494938 79791 210
81967 53229 76850
696965 691802 633222
489941 154164 401610
975957 4462 950815
509713 324239 323055
823710 549238 304738
766770 382072 580463
962808 554715 313324
922153 92865 615859
754608 407964 462986
778419 414948 622544
951009 764404 292041
94962 55721 43985
207404 124465 77001
708365 332107 519265
24864 23315 21865
384429 172547 84964
770870 566086 160587
662798 642236 44602
224725 84056 131486
47154 39969 14585
185612 134639 135533
917953 661038 600581
717704 74633 472818
718 204 692
571000 145724 345475
115609 55328 66814
166797 15831 50678
685480 270879 609404
799751 352323 348
753489 700540 99964
830041 798049 196099
776933 214515 610120
41151 8665 25865
282802 60188 116040
775141 317497 35465
987511 141159 897268
824640 148501 807844
265703 62205 119328
162103 90056 91666
715028 234273 38727
681079 298570 8413
559343 366514 171302
800773 151988 72192
61202 16944 38903
505365 104547 396164
208570 82904 202920
489779 215213 424354
708439 213041 675945
185819 3252 133617
256514 205670 256118
95820 43879 95094
841942 283284 622348
888799 40508 665698
424194 30571 416951
658694 592179 316049
156730 5817 13138
878148 84262 153352
29001 22993 16362
671631 136763 595831
302631 254749 49656
374847 113190 155007
366519 222549 162929
842582 409805 684411
547016 529883 196468
304894 194734 195406
403236 184549 106585
440418 419838 197676
7978 6388 7319
545577 329154 166831
558314 235281 294485
292713 140567 290815
333678 93031 254630
587108 581669 303462
794024 155810 549693
394513 277165 102297
806550 207613 492015
641329 119508 352036
176274 37939 86835
550853 142671 119491
420301 181505 291736
720544 531830 71993
400432 44093 93428
490769 52957 278576
450192 232434 8918
468943 238511 113443
261314 54291 211537
893387 636069 414171
670164 660169 382722
524063 410808 141692
607136 171513 582907
777053 637775 92777
267971 77514 132219
761240 424271 527338
564204 283962 154779
651748 357837 281199
853837 273858 658238
814915 531950 252188
980129 614647 278515
90190 41152 44991
390987 105833 314320
682725 4809 328756
383305 143874 374246
637722 502846 594650
315912 310005 260018
800948 637964 154655
34300 29443 22623
983583 414692 688250
426346 292212 46235
109581 98549 81458
108902 28265 12251
430562 295380 100397
127529 107740 21945
95774 5847 32285
64436 1140 1973
927354 328763 71648
614131 33728 104730
765260 584973 386662
680951 343537 469850
753435 579617 253422
516880 347215 102562
832572 258065 298010
918570 106775 815673
642424 79465 335271
110452 44013 29555
613524 434358 297556
135810 42735 132183
732099 473073 465291
315461 7284 70952
499487 476454 333134
360956 263968 303200
19373 9533 16959
119772 37011 109491
748741 611339 23016
678780 359759 65061
737977 51181 154380
255835 221683 50813
964398 18390 489492
977806 758857 975045
936475 890912 527945
212683 33756 77754
256744 27014 72606
339790 22782 214671
705222 27624 367279
278033 110314 55750
984155 750324 62627
806022 504578 725172
298111 266490 185605
599176 314108 493887
585958 78227 249863
131062 16604 54531
319759 165900 48220
212888 208277 11631
537458 256695 274977
730264 670816 99953
676847 602756 182223
358720 56507 100429
832493 502855 687229
29581 27444 13101
22737 2510 19177
208744 105637 18969
570720 432902 46183
690048 409630 27057
326638 194973 88667
404148 206182 140853
283003 82864 266564
45501 4802 15360
724255 191076 86600
490552 419102 137359
802818 261570 625674
592114 197057 555356
541857 366028 261037
57789 15075 7373
898080 350260 684457
874676 381085 319843
666289 591774 39086
774392 520777 422950
662300 383157 541603
514667 366545 212413
426331 167029 290634
455151 227994 210006
936877 561459 44526
646874 350623 534022
866640 343919 861361
516250 254146 81367
682492 515518 234767
564347 305735 2942
541526 160338 383675
577179 159914 122019
894694 330294 399914
346756 67643 176276
558866 408753 210221
713162 400970 500559
607678 105646 355232
474152 64934 195261
470856 449907 383252
217345 22510 195799
418666 124405 246460
932945 306865 18382
93352 67442 80016
380641 151851 207769
212118 158466 186123
145502 99740 51484
691889 198471 175150
226442 132074 45308
228233 133804 63382
472503 391295 449936
174713 147144 109079
676744 392699 292485
506182 293069 114746
72138 55514 40877
502205 70646 402976
306466 77810 154417
30292 27206 3080
437747 282925 334732
32886 29814 4795
624840 325551 487136
101783 79686 27854
244628 2977 33428
596185 184492 456523
769334 368185 415398
563870 510474 535440
856114 297223 773236
929816 277654 681333
605016 241019 128230
472633 358590 433022
840320 192707 353284
168262 123751 76442
741689 300860 637667
545060 335454 34358
407469 285882 132399
399557 28051 2209
819686 728876 645901
392101 101337 346716
893128 841965 544443
144408 70145 100199
62101 21374 30441
208016 162506 143236
182338 17292 8335
333664 61667 101654
494364 10771 110588
648082 454540 580965
316182 247035 260498
782663 290911 213616
711381 692797 554363
476590 372236 20679
244592 216556 118333
42195 32085 30666
842535 589383 232961
185574 13733 83533
15289 7665 9665
765830 196435 660962
255407 63863 37525
427368 195491 306512
807000 234965 61423
752369 205562 381961
139307 38571 59357
217686 184824 161516
284773 249202 256655
28806 19743 7468
729417 59492 656192
166608 148072 10809
909273 862734 683052
415136 221401 327542
803699 355152 353603
898204 637875 412775
521718 160832 292310
323909 315137 164427
81928 25561 59447
831489 440941 26496
331248 215523 188666
40938 5506 17709
775740 279064 634777
221308 104866 22571
228960 184069 30995
280674 162817 164745
285338 232903 99977
594116 307267 330469
482881 125129 356276
789251 370488 33553
129090 102355 2133
958650 10041 876912
437014 171407 106801
391589 215027 191418
386238 192584 217270
891818 763610 444258
405245 171195 229896
961764 493377 958830
604900 230893 355306
685604 571464 82705
248787 145718 161699
614625 320491 149636
343661 270509 324456
519921 344879 510187
510128 237084 339502
911512 34820 314721
374907 15793 342413
578360 43169 21072
312071 138972 191966
463483 172090 85106
134562 124096 20584
825763 22664 367014
796271 456010 94659
39730 16546 29768
916530 351321 153998
605589 411618 500236
547752 479824 530841
132504 114102 23733
600433 380456 563429
891550 297446 722240
712666 34646 135988
226490 217661 90708
575842 251547 99079
513272 303911 455220
278172 153925 122155
368472 48445 281672
311127 275485 94890
677483 314879 340014
198357 50898 104044
529601 99845 175767
656511 52186 230859
732487 74109 584575
242297 23735 181247
648285 631289 190496
183902 80818 174635
395304 270883 54029
491710 324801 122860
18961 4299 4369
282690 262698 35296
414347 251873 111946
624409 274427 12883
938901 738104 12313
382164 159003 245561
506458 102654 495714
165471 95424 94785
84272 51173 15375
879776 272851 520539
369774 36495 121119
258441 81406 211890
513308 438674 149360
933680 480012 338036
963032 74030 421738
877608 348815 509855
656976 216560 454699
576020 389890 59483
402907 91984 300487
465739 435321 8191
391973 71836 31549
868224 485156 142059
522288 356447 111269
160675 12075 109718
709028 272806 324813
526532 98786 286138
495261 278000 388662
454938 228546 54142
97008 13411 88335
453547 159737 250272
844129 481079 350648
461964 159890 86154
505273 484849 19776
752514 616645 20791
88137 54835 10208
10051 5998 5523
169304 56680 61158
196765 109993 143296
31264 16368 4983
713589 574652 260597
41105 32812 3131
607990 594634 186986
729204 23270 645439
795681 76507 59141
951505 677729 305363
801607 787671 264517
596127 559169 185183
167362 164539 94220
848646 819958 763093
712183 551419 181959
243953 114880 187875
335544 215986 49005
833829 588106 210383
143940 106043 137307
959093 443619 661144
624865 7513 18013
790233 749543 259500
670399 314355 262756
743590 18202 600784
150520 50491 4800
862021 505610 651931
241362 26488 137298
82308 68958 51159
612576 83632 288866
669785 16167 390987
898706 78721 111343
780493 79578 450150
64707 10825 35155
735720 689319 610358
74215 26213 27911
944380 520958 881887
413802 306721 306855
927812 323132 675660
918033 52602 763634
792184 413382 163683
390549 91385 290740
712956 694372 151017
888962 276063 729548
747245 74430 622822
72668 21232 16705
836340 56243 54852
30580 3189 12924
401370 327538 183521
503049 275372 295537
377955 215702 298751
187818 31307 68910
132531 61783 4018
39843 2969 33062
685536 355482 157253
436855 167018 289990
13438 6872 2862
315909 152261 158751
552751 217768 178822
563427 507315 159324
337834 234517 194000
186557 852 23602
719839 544533 628621
768870 79883 601544
824069 509557 213474
681538 183806 79422
549975 486837 221403
659438 638878 572060
724133 131458 508908
388985 296642 191697
395167 366366 302109
37715 19091 28323
528672 362371 273971
388877 117241 286127
377721 362273 116108
333131 106130 144225
490000 361586 433326
546947 512850 59958
941149 166403 622020
441741 8608 4271
149401 71990 140362
230545 160456 169061
632995 351105 367393
577888 156544 390879
451252 30846 158381
429316 394784 378579
47593 30846 29604
78401 56678 12316
626214 567025 138169
14894 846 4283
101502 83479 73493
684430 107408 86190
917988 208645 525665
440258 177422 84090
970148 808467 754876
668077 131021 663875
677705 364946 364719
389341 172236 325959
342766 271283 1898
36963 26423 16036
116188 72861 46141
404111 101020 210150
297098 229529 276362
591840 317977 465071
292305 223615 133320
93670 161 88390
587486 245453 518216
61875 60261 61544
134074 118615 69733
240210 199813 118525
528468 112850 475646
1554 139 1444
176197 54175 147793
95893 79596 60938
501951 87551 101089
115168 51681 52216
462437 155007 184562
436454 239632 183448
310454 309910 85285
598373 328804 157214
208752 25268 43718
3742 929 925
21468 574 12489
678672 420518 210988
263911 41334 123992
791616 240500 314756
378894 158815 278261
439994 30678 341224
493595 374167 450194
356249 7771 91532
809863 15354 278318
114604 13754 94327
879469 355647 615443
967713 507073 151696
460629 254947 176801
143285 95397 73374
128029 5259 40333
613591 491786 17028
561651 324900 307204
476884 290202 431132
126712 47185 42706
855940 412145 160263
39618 14297 30065
852782 246424 327961
832564 684812 545432
464629 213886 21014
33491 4140 3799
882190 801263 272613
234553 73417 1028
518015 440961 253639
954970 92716 416928
31904 23264 11076
634203 555961 64811
966735 640877 249622
255202 25518 124463
248143 73777 38438
241869 20437 189216
982399 7989 498339
24490 17288 15085
54041 5621 53068
681051 302170 369278
799596 589451 742000
502081 255859 17278
899558 481258 45595
794882 707080 28826
608266 511006 162290
770494 597765 338781
914402 908204 704500
636784 143351 222888
850579 745888 14770
172068 64274 75037
891177 702436 798146
614782 548043 155331
544006 385207 235130
522718 518139 49882
613243 139619 404994
638685 422780 24357
811244 324216 771765
850607 322782 399001
282061 26330 63970
370506 204657 106815
491381 155189 1302
979788 933868 815625
574316 36171 465746
192270 47720 144430
487352 319552 423235
112260 94914 35757
636901 466788 94450
982705 383304 946854
588754 271668 253733
118065 75889 20716
641387 630209 284812
583923 510513 252846
184900 37461 119259
139276 62490 1060
707214 158597 356306
592108 514034 191967
505795 221955 72757
470553 19665 148195
981545 174478 809270
19152 17021 3349
228048 147102 1493
334135 126176 326262
831797 396923 332808
789986 782971 657607
60741 17375 47048
753900 274666 49230
47307 6344 37253
552503 117117 469367
884554 61635 716400
192550 93056 147992
94811 170 81961
203958 133592 71196
25487 25260 2750
254826 125697 52605
234972 69895 188457
591511 401293 558604
974672 856718 494138
715339 141385 249231
466090 394130 252098
600247 357625 192051
366134 359088 118866
329881 293954 69273
367892 252692 174404
192847 25050 181883
225128 85169 95796
488576 241506 244293
859535 798580 535839
652032 371438 172668
441989 422014 399139
140133 101682 1337
840674 315471 561986
134727 1423 122077
430658 13360 211689
252316 154843 197760
875227 351925 797757
879036 160548 507864
96199 10614 88989
782796 418303 286465
966892 864186 101263
698114 480421 283653
646982 349225 554265
813518 583597 397003
806420 407992 412909
841907 751554 385984
162591 42805 15748
814274 668923 232707
442293 286124 50029
405301 288599 195778
723928 535170 412782
719641 75177 633240
650290 281460 230023
656555 635526 382002
603223 412581 315921
877182 609384 766819
645475 499931 10880
841729 346093 106264
300210 131122 37138
890038 313170 464873
64915 1704 18449
751083 408835 642672
440351 67400 127427
15244 247 743
224598 48609 112483
508367 20816 25138
265724 180802 4394
473806 179208 72462
168818 76567 85381
479534 71042 105976
877818 561163 559501
253678 90647 76754
577688 39881 282888
135020 34517 87129
6039 4426 4126
586923 153624 17143
726282 38455 114114
678206 198752 92289
800475 159739 403025
257811 76749 218604
116978 3001 75821
468108 439153 63784
514849 302273 455903
19472 17594 8477
296042 6750 31593
597328 194250 293934
531428 228479 454789
640542 231485 475499
255244 184907 56886
51130 11766 27451
593736 134766 304180
425899 296269 70372
265263 41007 94177
77601 69450 48412
910495 311342 216752
427656 259557 369766
87541 43336 86497
336368 271565 313422
154080 130056 54958
493277 286612 40388
667821 479759 389697
650047 123910 446060
599281 30961 103466
881106 605437 862527
391143 22155 212529
880769 575768 598784
13216 12622 1297
2446 1901 1476
381284 139362 93315
102440 100971 87306
511055 481399 252436
107785 70282 25442
978010 728285 113713
103671 103638 51836
255928 193792 106620
599726 13452 45286
95941 16665 17610
569911 373869 110763
722341 315941 313604
707944 420408 252562
773433 621496 719000
829554 281920 821082
821053 130051 589788
430238 78528 339641
658060 128421 395878
907029 365400 128499
932703 472316 74195
777142 571477 626565
176309 7817 45098
251215 224053 38526
781274 728440 361317
187270 33915 49309
717406 196378 388226
353176 125543 200650
493385 249723 212740
979819 203258 970435
483249 197564 426752
520451 480844 360269
300941 75574 288798
358430 147766 185839
47558 14228 94
58801 52077 31909
567714 306854 502473
624992 147053 363284
264671 130605 82757
14693 1451 9044
376926 312844 60363
800890 635605 109552
208186 121417 43815
725521 278832 439370
752423 233096 157775
149248 7022 80252
180427 75537 9323
263455 148253 139136
639571 398934 171985
344200 253740 126646
262128 126194 206198
432074 103947 117798
154098 31110 33965
710286 418708 209853
569650 82952 284722
396118 185793 153101
770333 484739 504340
826156 331494 790781
530390 415696 453152
719438 539697 318515
504052 133966 324481
170546 130302 49559
922149 58265 672508
690996 614510 632859
98319 63383 30332
949850 221339 525749
862994 841825 376724
889494 82625 677907
229541 207705 210801
22611 10123 701
330667 859 328173
393008 216214 333190
219325 13498 165051
892083 605447 75282
829739 364214 490664
651258 363772 50617
298325 49663 86965
806421 447255 152716
517475 217210 174276
218028 166999 40319
122231 32348 80750
708063 73742 312373
293938 284427 290465
209603 90954 76932
218779 12664 38156
473050 263369 129352
873260 463831 72591
218807 20547 161640
625068 173319 472209
837418 828526 316002
589113 304272 296810
623126 83145 201376
249429 148324 230828
554628 300869 234192
813054 120822 178068
192968 30563 40027
392410 113277 387956
765108 375608 464106
180197 76309 6070
712453 361406 663768
139082 97484 60111
919454 288613 100093
149727 100543 82347
729263 171442 326454
979243 163830 151584
603029 395788 377760
761574 106078 361304
383335 328528 199561
381039 196126 1413
664356 149187 516288
752760 589631 99940
643493 558804 391196
326570 267285 202007
917686 727237 688646
965513 866797 141760
784641 381278 409897
869639 414809 253327
576371 233422 481793
949002 377278 409384
815655 364281 333836
106610 62060 95634
876502 305956 100700
818842 697304 85188
462895 448567 69921
637649 195630 405477
897194 328781 144431
161153 150075 96782
8211 6398 6107
299026 256864 243338
166479 53789 36840
239748 107580 59208
985043 308863 638693
255705 182569 255157
223338 13369 201157
327003 284105 249371
200273 128968 40245
1153 533 1058
827126 377643 761431
216383 141810 149311
557966 234063 245084
601094 277582 137381
84365 16692 27493
132735 80963 29191
330636 2485 75048
94269 34748 62158
297778 2052 172829
284845 106760 81406
820026 359359 452450
278231 147960 116441
698084 308906 55966
868977 600471 195666
522507 305487 100753
613298 227689 241691
470231 46090 288406
942464 680759 240114
229465 170407 125296
547586 282610 90328
327344 242854 242417
146863 132935 61747
804121 271679 598575
563908 366659 153466
55950 17513 10923
896375 597591 722381
990907 804954 614466
371938 88187 146806
595623 5386 589292
43800 15204 32090
907807 536581 547371
677169 105722 622427
61269 26361 18158
390494 89444 325825
23851 3646 11928
969848 302769 698468
351492 81108 249428
844619 606996 222939
505146 477041 243813
151972 126788 27071
123612 6861 32007
664393 226271 22986
50537 7128 19947
568100 140305 341913
725457 560785 141182
762854 414356 637665
785066 276297 544725
402473 61338 299008
818225 670522 605650
910658 622903 737370
727136 600517 513319
426132 397707 350683
229024 81890 59377
113073 47331 93761
574226 275951 109430
603437 499518 171331
25224 2425 5100
186427 174134 9228
447721 153597 15056
76234 39381 16602
269746 100123 35547
180592 91119 87977
876889 831355 645917
962402 219236 539773
419452 334222 302498
409896 161915 29666
214890 24834 171233
526681 456274 457448
856673 262385 615638
762429 724449 66432
751064 26986 257524
566344 73618 432278
419173 346554 215426
370384 71515 131708
105222 72421 97709
172691 109067 120645
48892 17831 1560
10170 6271 9283
85731 63571 3428
841751 683217 543535
100653 77194 25973
938010 651028 107243
253629 253030 145388
2518 146 2514
652766 541540 271858
715366 404527 69932
414105 1859 288779
396235 274390 255751
51119 48580 38583
775193 497661 507297
782477 173168 766544
117891 51027 70015
631059 358108 63078
908280 713229 277897
131926 62926 6954
315829 146303 235837
505438 309622 96507
373530 325291 65826
363836 105913 192247
333832 61140 13402
549158 139704 304429
361500 34150 151207
271717 210463 202056
875903 92717 809862
427962 130077 55870
296645 234748 163419
105107 82313 51705
264134 58789 68549
374794 303963 169940
454107 503 436877
603548 537212 442903
168343 147676 13982
66096 8452 30998
352810 36999 196480
115799 106983 39931
311585 106881 41429
388659 171074 229123
711999 266160 427162
516307 222397 74613
257561 215994 193932
386506 315411 256349
229237 172824 80443
845234 406111 536590
630749 115268 585376
392997 388622 369714
278261 103814 106184
727298 117775 461694
813680 370018 21293
378463 346586 236701
66842 44569 22902
89493 76892 74074
583516 159035 536988
956995 169658 50802
922869 770080 245834
106962 26371 87406
934850 19584 718456
116337 47146 19354
362103 193218 162942
426730 114224 197122
648553 472921 216730
168568 67604 168527
195880 46220 3280
979469 248944 853777
717807 428765 204440
943467 546854 468911
213814 36123 166597
915738 726441 539246
633533 166894 524614
150722 50264 5154
416825 144163 137504
727472 649555 332054
746106 382573 148418
344496 32624 43524
927173 882879 602140
558003 346700 52320
211977 205185 57291
959442 263877 882503
383092 39509 75655
352324 150427 29285
912174 142256 393036
355754 237216 200591
485468 120623 142406
75492 14658 64636
758830 424795 101529
568814 510921 505172
856562 350509 411156
760388 672534 138878
960669 832689 623501
446709 69953 232803
538952 325756 2876
543507 475597 501587
113621 52094 63676
5398 2223 3129
848429 88888 837965
501757 124081 239332
297721 225056 173161
264318 206597 76919
23320 8098 23035
216423 203288 128363
893483 716601 861718
52492 15757 33250
177385 75698 71619
972186 198790 752546
223902 60734 14524
240387 158414 63430
211561 52104 156286
650372 513388 549376
915044 182663 54221
813122 560225 529121
611269 514509 347993
461149 390861 196189
787401 645062 76614
633052 50332 342800
954822 605463 249583
527861 406802 279689
301465 177299 119562
594635 257494 256103
239867 214254 37946
311238 259599 58495
829286 591472 380057
971378 301861 796433
399574 130713 173212
574062 550432 179567
85109 72320 12067
989702 703387 339592
576546 534605 102988
531063 334272 220896
810957 506418 97750
755586 211665 489373
319408 176934 240835
101086 59997 31790
119137 105668 41034
306344 170931 195237
849460 44788 722442
197654 171425 123237
68611 64257 3371
860011 744382 822554
901933 867289 649242
938946 890975 517886
3937 3262 1328
422767 350092 332316
165005 40403 75429
181539 110222 117003
971697 74933 930724
783213 720850 244612
767151 390667 722827
301885 222962 7973
769398 258254 265484
654928 427732 307813
527064 333747 308455
399634 133565 175657
497541 207334 119402
367664 126672 10583
77221 15705 4460
18249 3488 5360
326971 270283 125114
312581 86020 197703
988124 24459 927743
84354 22713 65966
838844 596798 199716
737750 114915 271654
701866 157691 255880
691217 305841 516213
252340 195300 221131
51698 30532 19345
831853 269330 53055
324383 67565 264501
361931 69719 162340
574375 120447 498351
172854 128538 125048
6765 2456 3946
178708 91651 178077
492369 477599 118626
864146 658620 547985
683365 62284 629451
640451 470660 445579
294031 34494 3437
130741 119924 125305
852208 88817 267009
532465 428407 236207
245018 224062 203965
803605 564347 136128
440111 76465 186728
563850 167635 501747
581300 117685 191035
425007 359821 108048
23036 4466 9958
339880 32310 143270
37906 19022 36767
367685 60757 344450
572085 95037 464958
768128 71249 161409
887438 588228 106584
170913 3216 130778
592947 341759 48368
558455 468709 531059
487312 405916 235443
36620 30969 26924
692197 16918 108635
805136 330464 354880
293677 50310 80189
633334 397877 174315
73155 48243 44823
500149 365169 322785
143900 41441 65418
752319 49734 282572
270925 61349 163943
544991 15838 281946
699697 260546 71845
67879 8651 66588
354801 246530 70202
715964 692743 544748
962332 891123 466484
130277 7542 66280
812970 122957 126144
438466 104676 404289
862248 260767 545511
312559 260214 226858
281791 128264 268069
351651 292954 108672
83126 63637 65361
141871 94229 7254
688716 379304 498140
778348 558210 696396
843912 528086 750138
526289 354019 151604
909555 609223 108275
634755 440611 264339
872360 164720 105719
725530 178078 590939
114729 105986 95903
416174 137650 172541
688849 182436 199724
916220 415173 781198
569237 512025 541666
260994 208844 191798
652221 87097 82908
702054 277774 617953
498580 474216 221342
789727 68213 306956
276197 68750 49511
451019 229627 68780
647469 270115 110789
822585 495301 472173
706832 397671 197760
623300 341347 492250
270890 225294 8650
155373 127688 93896
542442 518625 109774
20521 19179 19078
472505 4937 114694
717623 474483 367636
238174 223497 7555
791622 715374 202858
63521 28670 33650
601529 291837 395246
217967 13831 209964
456296 199126 355081
933689 578953 281698
958945 77350 632620
316492 16501 39331
612370 357364 203676
208639 139288 82018
888086 404936 603942
910501 112373 870863
615929 464321 112246
198944 184943 7506
196196 52476 52432
153472 46055 60890
33583 27142 1328
67265 18397 31362
545810 238595 150147
619852 468159 326997
77228 44045 69434
333783 247111 40067
327946 67868 47143
617608 214060 225535
570064 444908 342736
837981 733415 628631
857792 178374 347869
296286 73759 29335
920447 807683 484773
762148 212986 615630
955691 587818 79933
8280 1677 1564
918807 831518 494985
600518 260368 527196
49498 419 3687
620009 475151 346564
551045 416248 95732
103201 11363 34620
518510 96896 318798
728751 376747 92916
624535 337098 94700
522397 490476 344325
70265 57928 8382
116937 10079 93888
849323 600113 569181
71623 71440 8261
822471 415405 651951
152201 118907 14007
674691 299391 656162
86875 26398 9426
410634 116643 167390
705395 506878 25548
691942 232603 645873
289805 114519 151852
222316 212109 69006
560147 350919 51307
962444 787562 516428
116036 53265 6098
812988 799611 18265
831199 182681 752739
632857 444362 18925
787451 119263 149754
954345 649 742370
586284 471617 326837
713917 297273 99139
736212 588489 278190
222183 173658 168464
974165 415135 228219
510636 364276 35805
588731 419407 506572
395688 153234 244429
2239 1774 1185
765481 178899 684746
187783 99918 28334
225466 62215 105216
659607 146144 331456
675956 112541 432864
77958 5987 67145
236677 166829 139833
861316 664723 440735
92469 81396 23744
858200 401541 728289
629083 310093 252918
794142 658183 248867
36369 33526 23325
877736 280204 365077
655931 371421 12845
122838 26421 81400
109904 47504 77784
229507 31334 186926
539908 12614 263118
885418 279715 609509
203449 183160 50263
821054 298666 244047
860674 319365 840145
119125 107920 13542
797330 498825 574694
937004 830188 337184
236354 162124 6595
642934 250707 164872
715505 122451 124928
273728 176183 115526
956351 924700 663441
151623 85431 68736
258982 225361 36845
643736 431443 289750
500146 257031 474180
339914 51897 147460
297727 259497 142860
39214 5580 11975
984549 26267 355778
478080 285975 354789
463252 434436 238580
321440 243044 35365
176464 23491 82466
209318 160046 198908
49182 39265 39284
728307 510626 692847
930592 732053 141261
765649 277153 144238
169560 21014 96262
982929 712980 209539
514564 334208 354624
427756 278851 352849
572970 502586 316831
835857 236708 64004
40606 34222 35510
234770 190291 205157
308990 266593 51899
723943 88906 518297
916104 177646 124886
980198 39829 157403
408027 218977 364211
189017 76251 95642
303949 218532 130594
519662 250749 390306
370379 97426 176253
413010 367751 105824
434774 416762 400817
355340 86130 108581
407449 3944 261355
185454 54969 112593
112650 24255 67734
950769 506824 937435
21168 5512 14324
105938 27300 79512
539774 291059 302413
59727 22926 7332
470817 47555 29362
690924 157023 655055
775954 69170 406917
72191 32584 23248
780910 48366 425844
284462 177919 105019
926877 215566 677226
583461 384351 180424
339589 50147 322384
451038 10079 371486
57464 54453 15527
633055 316726 37488
699402 622923 551910
891284 855098 189426
316863 158704 4194
79511 58228 40781
742113 624443 470444
37177 27139 36381
718227 330564 211582
795180 58371 190437
508158 19633 234662
89672 73750 84319
53433 3046 30942
645767 464399 624865
428433 80523 40419
401426 166932 350238
161230 38535 41787
234260 175436 180111
59097 42531 52799
877599 827516 739913
937061 500497 158325
472268 256066 274420
361039 127146 16425
803626 503667 438921
508029 3289 458315
6757 5421 1416
447483 434300 207867
933867 206057 714375
175397 122166 143232
388813 308481 188403
406722 324868 16209
848719 412873 465700
903076 836790 577661
144178 137045 397
471465 358868 374154
24685 9246 5742
965205 897296 793127
938504 591137 575959
430917 130387 142231
445252 290476 52930
190587 166528 178432
975820 48967 146155
49615 16196 21726
455134 392197 65050
306356 219370 68148
245852 241232 118721
359665 72630 17796
661633 322272 156217
825503 82498 283248
10786 7659 6507
230945 134349 209990
56523 13011 33973
440610 423754 129200
119026 105730 12349
706431 429045 387668
341172 278764 237351
25290 12778 1756
467642 434374 434254
745728 688716 233877
904588 570430 491814
475214 161470 172797
52215 34808 48383
625073 322265 149345
813004 230343 254839
120419 3033 102323
823965 750653 377330
818089 294597 35631
767143 145072 173678
142480 94240 92992
721374 10980 28313
124256 79195 5263
290936 207948 214398
538530 394025 65027
459541 284275 29834
675560 143603 80130
204539 176223 200641
496330 373624 147357
819629 490460 733521
628941 217748 193368
83739 77789 30845
394032 338476 298256
678766 168324 346559
100780 4131 54707
252887 225716 67169
711858 209119 696843
157117 48508 80680
129516 58528 76121
220226 77428 7183
230520 74852 99200
25015 4147 2508
556149 432417 35459
121517 35573 53091
372778 261905 204554
598586 326253 17453
898801 272541 669079
984680 182550 83577
802006 497619 104000
877391 195412 850933
820267 287707 267828
492984 243637 122314
580155 172247 26226
845197 773455 153929
346683 31495 24239
875315 382554 236892
789971 402434 614427
278802 206371 193088
675751 276995 118117
583062 378435 267828
52119 31656 25957
279956 81812 41083
627727 448363 524980
667440 576379 56927
892679 364999 254125
968639 962911 8124
774647 279192 482442
525573 487489 413432
251690 158250 13285
274006 219478 137846
395922 333078 292244
251691 22526 141270
534937 403657 365635
299668 25678 45101
464049 40270 176281
382906 197175 222186
412168 3777 81139
746592 532684 15988
710118 35232 212890
748784 214458 444287
595517 470293 291973
26029 22233 11129
41063 18969 40163
723257 365515 46029
627694 340674 570525
596706 233066 399029
892230 708613 745866
432896 213515 114576
175124 159269 74751
929787 666096 415332
881310 879912 654866
89152 49782 32551
82600 35122 31731
149821 139819 42383
97145 66225 32983
582011 439477 4679
64101 10923 29688
177821 176860 168639
913782 388599 563780
888306 62393 713579
359351 253776 63939
946548 355614 100866
36302 12656 35530
440762 211853 353363
476253 320704 208130
635173 472426 445678
740561 528693 490729
672526 132572 323651
963778 577440 88929
738033 151251 537504
35322 5186 33991
983075 735838 420984
182247 89248 29447
538289 301211 363803
493487 334177 270852
927804 755110 418394
768559 335793 654418
140705 1729 27870
266245 123190 174403
203229 52756 121644
296880 71941 144974
311052 66081 35155
312509 133268 284611
590393 387682 586341
325638 146676 174552
979768 630829 306703
778388 377617 764857
316882 163828 23747
796248 587495 622494
173810 70490 26086
597433 540397 548043
615046 427119 474559
858475 386818 492165
644604 105790 241081
104484 90037 101133
870174 665848 84900
16140 7757 12478
203733 85045 90364
941366 490963 253057
686784 498063 391515
23937 18105 1242
777183 463562 74348
149007 68968 131854
532467 300460 72325
859714 514555 145227
866931 21449 587019
578337 437779 425521
483320 84939 405659
236553 172901 183728
512609 72168 61014
376638 298117 116278
837238 280630 126673
368246 148383 338007
476085 228145 111331
502374 77910 466865
213786 41092 25886
323118 199030 79577
597281 238820 370318
12861 11979 8527
213129 179274 180041
66577 46171 9771
553524 228262 140856
511756 492590 385658
319228 258426 182802
105418 95590 2936
54075 39999 4688
588264 477129 223890
339703 16559 117612
476016 63656 304400
250133 219164 120784
967184 840928 29648
481548 415057 202762
717646 236979 631315
923253 292303 878671
398321 26349 343865
482943 177167 324478
591041 441562 139764
375925 8165 198554
796341 484628 687606
111082 31776 9299
861368 576690 702481
946799 182473 100907
385317 153914 356293
667271 605550 199511
830683 462963 738091
560971 107568 307867
766598 737775 534506
849332 118596 229080
219776 14967 48932
636724 612530 208889
547209 121332 180001
124983 6414 93720
203103 30019 124674
228234 175148 71115
263158 230580 198583
562486 243436 170759
759208 158093 491000
274744 215165 223994
355556 288560 354239
54955 35524 45774
173020 50414 89313
84195 15903 14603
833192 811312 412868
915776 374227 742553
156319 94120 52786
853958 848242 159177
591173 8436 256346
547447 433104 239780
626106 149727 27092
12248 2812 8565
497984 299638 359980
488656 356770 348529
890685 844249 630576
850430 717387 565983
157119 116640 57100
664976 614852 161378
53286 11342 18491
718297 703819 257596
758882 113406 723421
46962 7411 30029
652416 81708 552158
417777 224454 141347
648088 327697 527842
57679 6281 39293
439213 165768 77285
442789 403084 131037
34041 27930 1063
397158 83569 94321
811097 353538 157874
813038 232048 476304
664935 15595 460151
526046 503495 272036
901801 73974 539276
63323 39295 22596
376488 314216 71066
880699 684145 672647
76723 31543 24456
316846 249148 272207
757082 663595 676271
560474 268 555882
721020 480436 63095
267964 255992 192973
329446 193251 141717
516388 27066 190192
826855 25789 743674
182773 96705 50900
577410 429349 131636
184411 103854 41720
921353 624201 333439
860700 660285 821250
230719 20012 214844
274639 1791 42442
194007 33558 21466
786001 707842 670697
66330 47771 27904
2099 825 1249
927096 293329 792492
185962 179204 68107
748991 108137 57538
846116 663659 324228
858715 355896 314087
242048 64861 70560
172683 80870 84993
838591 696853 172618
886561 769768 561202
64612 22668 28585
551305 544428 298792
736459 410739 492611
745210 309295 155479
941982 914368 892380
228152 200492 88744
83818 58482 14991
519456 102192 22867
687614 424478 411008
653638 290487 533910
941438 904882 627548
20295 8309 196
147341 110541 121194
328519 164540 181212
495881 239134 298264
459626 114054 161961
938548 164189 142358
929041 147821 891825
931850 415782 250969
84878 30559 14638
296697 263893 6003
530013 498821 18559
564177 157413 178339
530429 508275 256776
879408 32469 480978
97743 73047 86344
986637 335350 551088
897215 480290 257370
256354 182134 111820
75442 2573 10217
817444 620944 585103
269591 158571 145482
482321 188142 97608
195757 77064 18161
128228 22726 88648
670139 63581 37599
65800 62484 21095
166680 2247 50579
470493 54263 53565
139896 132705 133536
16395 5247 14453
717846 178364 400756
406670 309399 232829
305017 110503 276755
441463 388621 69038
259400 5784 145901
321310 221023 77944
364765 89804 239917
917021 693298 843081
886144 243075 184920
824882 454599 417031
704276 290063 453851
67948 29354 13803
26651 5075 3299
931309 437854 547348
27470 11535 218
924468 699613 374438
663347 475185 405057
701399 624707 439305
397608 194123 297192
304709 107299 270532
653530 278983 272775
855931 606235 613685
173608 4453 167170
905218 795168 580375
697051 400294 61683
575707 220216 436981
82436 22983 75323
110350 76472 22001
338835 264892 217440
856894 94007 196522
177732 73486 18186
126924 71173 69008
928680 908006 312753
215468 50568 68882
152876 126640 77725
95096 52946 38880
619847 577188 304105
526065 84584 100522
324147 73096 169721
914743 135245 535173
500426 187327 25131
355765 83583 208688
393120 6610 114926
124746 35003 93622
480168 378572 35726
610130 43800 607465
706912 66971 197223
378542 116137 8295
963194 367374 253742
374153 213990 292466
804722 203885 674475
784855 397085 311401
353040 42336 12595
634504 107888 301325
957670 850493 824609
528884 441692 281702
967773 579092 348715
22816 9277 12902
873707 395007 57708
794567 703747 73982
299356 62441 200376
142257 41704 15402
153141 30109 86306
148309 56121 57330
185618 38889 22125
880924 55913 333429
124806 2782 98169
612773 200184 562736
330778 110727 154946
463139 406460 318064
512816 496255 288611
711490 375860 353920
182087 40831 73591
527871 60202 208687
198161 13639 121852
729860 448436 354669
745467 38641 589131
466990 444862 445297
253201 136092 220356
186928 129994 26666
714139 118259 271893
115400 17209 71634
894144 893067 656002
245236 7023 26184
851799 492328 476449
546321 377936 127958
294120 193261 259513
374451 251140 177854
661432 282452 382189
945049 585992 752611
446697 198928 95098
402582 68599 369507
396181 20150 131148
161179 110700 80032
786795 716025 324348
203838 116601 36562
679652 59023 511029
346505 100368 82160
306310 102889 260257
755390 707080 93032
863665 587730 168984
680657 146932 604952
522403 259917 285270
561729 457452 466136
358758 83503 357501
347945 40219 212899
437621 284115 239083
883699 91752 279866
407677 88963 131266
4079 2160 4046
649370 202466 560083
45705 5493 26042
382672 297295 193833
172602 18043 55201
954770 2319 361726
314588 43571 49805
665892 91610 558484
310873 214105 37195
451494 208229 315558
922294 200020 554643
367569 328573 120064
483054 270831 308238
801032 174222 292869
152633 103956 37830
427673 185051 376804
901223 41233 105646
51047 21890 50177
913276 584398 435977
369176 76511 147025
676728 154937 381309
170007 157534 33953
418884 83642 350761
903163 692343 757263
228623 193971 118781
213359 123749 113076
887242 789681 433055
921902 206602 526566
552774 527816 265936
18464 6001 1772
948634 744230 492679
980472 354395 452840
186114 23476 33040
392099 170879 8768
44591 31899 18079
231662 62182 51873
700600 465823 680693
452859 335150 422302
760314 716697 274374
767488 762269 333892
966882 746949 886164
448694 399714 353430
947161 470837 13416
886119 99742 545281
626451 45078 440123
351603 15047 69458
487833 68227 153355
843874 786193 784489
764632 698544 49684
800293 488239 209525
626312 96313 27855
420281 337500 125267
480434 142309 226178
397115 154552 372210
853582 804265 267027
506200 476690 137670
827484 630352 533331
571901 519734 432475
348732 7093 171272
70289 23325 47149
214056 91670 146141
906301 649223 800446
901975 756111 597518
667711 401082 136187
595860 594331 308405
604580 431655 189180
599098 348925 237399
827810 625156 608217
243965 50647 24801
787456 759445 41216
170091 111976 102255
857760 588573 757134
232809 121324 38507
588161 441795 490337
360916 325323 200642
60080 6320 37044
285306 275596 33535
588785 377434 211929
973653 6614 398129
370010 77633 171371
714110 117414 677891
760423 219873 678217
498889 149644 485400
915336 750601 202637
618867 414033 489036
970630 740489 434124
613725 565961 239383
977806 192815 912988
852309 719732 481995
291276 124991 156739
795851 147468 778164
559182 497408 333881
831310 575889 291527
795735 620434 144808
791954 83838 90495
17881 4653 9740
179913 140463 5945
359531 103042 50787
390252 225660 64660
56727 27069 4154
775906 127511 282329
424913 361652 1548
759121 537721 732946
946414 649182 209337
986340 600179 174178
216226 143264 21224
313060 281958 131351
989955 735306 709639
297848 156785 24223
734915 678679 321015
843255 825208 415285
954048 772260 25049
885378 123142 774430
335730 227044 249353
983095 348476 312619
179906 166942 46397
569954 385444 415298
627842 589519 239648
921213 414733 599290
700599 667985 57887
657203 479089 382950
667137 287515 284341
89100 58382 41167
56126 27667 14094
124301 54697 14447
726983 85157 664472
461427 23280 326824
266516 8901 147141
77133 13706 72969
605988 103824 342235
268400 113028 38586
965270 818460 937411
802910 270129 10637
153413 4611 107351
979837 947635 722076
602481 594 448720
163446 138116 84635
701854 419124 318790
964425 721995 731821
616498 116526 138462
353981 155909 191296
187168 29874 44794
897 613 658
905900 414664 510281
226300 156432 131668
901243 857028 379179
744094 237746 726513
989287 414782 906709
193019 14734 190732
88587 18537 44072
556750 441447 391198
711222 657733 705343
509296 411490 255632
759849 527714 732759
815087 584951 431193
275606 39422 209298
907611 305911 321541
561886 449124 484124
961289 235216 357541
354835 196462 152802
970858 724650 918544
226936 74373 152386
141935 131605 6245
616459 147999 398573
842447 819202 43023
199128 94399 72461
443638 240734 405280
880545 573443 447641
91176 10160 63276
972466 12396 845031
797833 201841 109880
69556 7634 61204
39468 18999 30991
133938 35804 32054
699320 405506 517726
709437 447187 350216
520097 76336 226999
804752 420479 12398
185434 80071 77464
470196 320486 3278
633300 131006 409495
427108 347482 170189
605631 547758 441453
334634 34506 254221
223642 185963 102765
267916 72169 70414
631462 52963 601259
836125 26592 435598
949645 263475 678876
980725 695315 228840
575611 546776 479808
326436 41632 326402
494168 352006 23308
443690 30968 118995
810370 55806 781026
663247 81587 304142
553823 119230 321997
366968 277502 122044
231186 31602 157578
574438 265186 92
92106 58724 41258
738726 393128 140167
223408 124870 191024
85336 16989 83121
277620 173693 169985
450483 303494 162143
980213 711956 237
886691 561838 456638
597809 52777 234382
797767 695422 533903
476279 122583 23529
538862 527281 220071
160259 36590 35480
626420 362913 263925
202581 169929 86119
147569 69400 14400
769602 315184 546992
201957 61204 53988
122644 74261 75497
359313 259087 41738
870509 492695 584975
140750 91814 84789
634260 47920 386561
826441 101057 587546
405509 321032 254218
87101 16919 2833
759340 31122 329424
290314 98345 207480
724868 8666 572338
642442 256282 353467
582366 190473 401482
677636 529749 366450
688945 194909 431942
469345 156068 224595
675630 117250 420237
954059 427020 398388
212684 44616 22212
291213 279364 165371
618014 121607 501164
225063 70744 182135
20224 643 15914
615676 97309 3538
248760 149038 220045
676483 450367 623601
723239 482146 121257
758453 647304 601717
482771 334393 321947
180622 52214 179024
215584 351 142282
94639 81775 47039
22450 8112 14382
23425 1168 10145
438596 329979 273912
888029 365768 591639
320658 23028 129653
19448 659 15738
508333 425985 72261
472438 300649 161492
390748 16369 16771
515862 504731 448920
284162 217314 266619
293519 244113 121321
643523 454687 370838
437440 142057 352822
782994 532485 690634
678343 156912 165915
886901 690090 881153
182102 113889 8328
537506 469739 384858
75598 65499 11766
62627 9722 19761
980883 470869 200846
764630 696784 460122
825349 476796 314013
266501 54369 92404
103362 51442 13351
122898 98312 63853
861313 188487 461678
274988 172322 147731
9146 1505 895
6168 1623 3053
122875 98993 72725
984215 530059 641559
102087 69413 10320
133601 10409 54400
232284 147485 54616
416498 214178 190788
322983 224711 308428
791397 492875 82678
467070 160412 324299
671692 128952 412472
388017 219625 67868
326480 5097 287879
361179 301802 123465
718782 43423 219861
158225 145656 22740
701100 12388 19760
904977 829312 124307
565204 223656 293317
837141 806804 220063
324003 149647 21631
480631 270224 476010
747322 553510 421917
561027 541804 360634
48571 38304 28266
656414 525985 549047
351683 238732 182778
673746 554428 384318
229295 57652 133710
826024 594964 316312
522228 342092 328334
906651 378322 488800
926076 309799 118311
108182 15039 13123
653275 327092 617768
397454 254490 156996
29553 3693 10775
163950 158654 38051
617466 34005 213332
918951 294408 910597
148599 67958 83780
136536 13232 76102
769416 325062 205864
326208 294260 116415
263426 245151 116767
24907 1658 978
369153 114057 47731
449487 119578 152551
447575 30647 429360
10032 8685 3252
302718 228409 168863
987653 288273 718214
469608 165813 434606
904953 344550 613768
27599 9486 8748
651034 499091 266981
210373 94082 187819
604384 494575 220931
717656 223781 153492
76243 58398 26762
904222 121871 529645
69143 43301 9171
185166 15410 16997
636568 367310 619290
679536 312687 53162
627492 427250 206075
437969 353405 427286
196616 123552 180610
174674 44689 4451
317537 67917 15124
198091 166471 52107
205555 55414 132859
678801 119255 354021
736648 404750 349713
40066 24495 28776
115285 584 10675
373060 94176 162759
769961 603970 599620
652597 500344 12659
768428 259407 638000
487571 335490 234926
666372 69273 358591
223447 131582 196601
609076 222997 429021
288828 219879 8006
886622 857753 880426
491560 463341 435379
772655 509619 674409
518340 354185 355920
958932 328628 948938
702486 438725 427653
454553 324826 423844
547038 481966 510415
594183 243622 546048
328376 84714 68253
440265 105736 254477
845138 572183 8958
327728 279616 265634
225387 13636 60347
603462 131883 81752
424052 198372 198124
656146 561118 189098
41647 28108 18175
955945 52157 116320
737870 87788 557061
244402 20654 108556
717784 201065 430683
41799 141 19277
647368 136979 518942
746898 285440 678434
927832 737007 776781
158330 72026 88452
475337 187088 90727
532233 99442 252861
761213 512850 304794
852524 126899 474500
656848 210196 221090
312245 294190 245063
893336 164448 646461
248793 27332 154576
770672 635966 58721
847322 749090 226042
605657 108797 77415
129468 105678 31290
897174 419117 254508
291019 236803 208469
450379 99158 45647
67286 21148 38667
847627 496887 594447
124374 24389 21155
159328 1378 6873
15142 12560 7520
851987 811132 525541
972417 161723 580798
632286 168917 529515
517697 10487 328348
702317 523610 261566
597971 50456 378367
520745 361887 177430
879770 874835 628390
462468 198532 301463
52156 29189 21471
747180 477177 156776
684641 202938 235570
488522 292623 404273
192490 139131 114352
239422 55498 238658
424499 83238 363745
609374 164801 69626
766675 593864 458921
488800 88380 52581
6906 83 2854
498280 87990 465309
505281 431777 16542
468881 203565 362878
834385 458569 91085
373051 66888 189880
830992 619148 57683
488632 298539 168927
533763 97831 510664
75446 63966 7617
87859 70584 48070
548243 44524 476094
551659 36676 67837
73087 54735 39568
531134 150506 63470
49391 32755 18590
943890 787009 897032
892910 217952 603058
380864 12035 40123
86107 8460 6181
421831 70986 320222
376339 142605 241386
896700 512406 139252
141019 132360 16162
64278 57895 44507
817571 399785 69479
855275 605353 50429
161951 75003 71275
206882 19014 192920
614131 577175 562194
866733 161498 40737
938585 438693 455989
251607 82598 149293
56472 1433 29370
224666 156847 185873
520712 115175 224799
551666 232102 401986
709061 562013 206359
786559 223359 678539
29065 14731 1535
323392 191789 207752
89516 83576 20773
38595 26908 3751
739640 282120 19269
23511 16867 18229
466203 76505 440700
360598 337345 203288
146466 21219 112404
808429 197453 57781
327534 82500 135163
881941 74050 362902
281109 104633 197635
790147 397636 252428
780071 240370 198712
229382 12239 123748
738354 625482 406406
330745 18369 61303
214229 204081 97821
854980 475652 550914
807183 318390 393376
758623 586159 509506
528543 419029 441629
18892 13539 11119
979582 386824 70393
470721 368150 109937
797497 668939 792983
177746 101300 60889
845809 752363 563830
950501 862144 782770
230841 29001 115669
464039 314447 449151
670663 269233 109911
967777 282352 191208
661860 7962 378399
532930 118630 355824
274177 150651 32526
859763 241857 15966
924799 819371 744414
354385 2214 316709
565266 435609 495604
616710 469066 355569
111179 88957 40687
182866 156100 159382
12254 2325 2538
113319 99912 88477
71597 31093 28656
172598 155151 140259
237795 235956 61843
613128 166113 366733
987527 437030 202063
741306 386230 322533
520719 256757 413504
91268 72024 71294
329 46 52
907885 270105 745372
623392 601920 359027
376671 159823 141043
782986 456789 305491
766448 353856 42666
728128 608127 490990
714462 2147 688022
221176 105331 52793
569797 341477 220915
182481 80049 42282
980833 426655 431218
927211 494975 248171
225637 122763 113158
783191 662625 368317
276160 117002 109448
71670 58974 67729
341196 106683 223814
408248 220390 5880
899900 511924 505664
6157 1561 2087
767158 266712 357944
108814 37536 102189
286946 67636 106892
7943 6340 6769
441856 162712 151347
988534 411051 470966
630924 296823 609664
796740 171003 773957
355251 302164 233335
210794 111269 117050
927456 194419 703750
776227 408760 543471
144933 118448 96191
862354 190496 854712
654585 571220 411887
90809 35209 77103
55505 2958 21173
123605 20144 27394
595138 553807 529508
12113 7442 5730
596888 445174 146583
140171 43959 3408
698890 32306 106776
887982 870750 131253
801946 52789 798861
75260 61764 42444
585753 496786 140757
290892 143781 130507
780400 731281 468901
517183 265793 166090
844172 231311 127579
563051 364590 388762
853053 476507 164415
267171 156111 28151
889672 144171 870415
666194 521162 399343
514540 15406 397770
724184 703479 186279
518285 129087 439276
169540 68819 3259
523736 353745 115473
599832 33210 576409
129817 76248 122331
706168 8629 74669
962061 309750 435575
132589 115989 5368
948747 811985 473326
940105 818642 610625
99757 42044 3690
611152 498025 474088
442863 345098 111717
245792 244074 12990
238180 15187 161037
582594 59274 360210
952852 875096 422559
624307 519381 134851
606008 327692 272078
67995 1569 64674
988256 164187 315156
660498 61135 368638
893600 851187 723294
987730 837155 506002
824355 169966 189105
824996 37800 473655
887700 509738 160448
154163 131635 76734
76002 9504 26089
118980 97965 14376
191367 67402 146886
333777 213465 127372
807910 36401 722529
399751 283773 23156
425458 235217 199723
244114 29987 72224
663805 520793 303417
690977 146817 27670
850437 729484 742655
699099 263148 276553
242339 126333 23907
828772 763737 542445
489528 373312 322011
228248 65576 34971
888020 832815 63189
55043 28944 1080
592647 21873 150330
332197 297657 199819
165108 139651 109561
181345 42109 83319
780578 724944 686861
140809 80703 116161
314131 120024 254971
117970 37623 49697
531223 399759 339168
857313 801830 646347
225163 222967 30728
638150 252394 464352
423618 233030 396299
647295 593609 216928
598072 482068 343909
202856 49821 43391
295484 144972 193419
267082 165192 181930
856332 251249 675048
505256 110225 241453
811294 571439 419206
884740 351112 359213
292296 103999 138851
980092 31743 943005
815868 204806 458074
590014 303137 558682
586515 563133 302603
66736 1605 65240
437928 202239 284363
893344 69999 494641
32032 22483 995
904168 459005 149485
936565 905295 408275
545280 235837 339905
50600 1229 49252
676658 187847 599189
792841 157797 255296
442894 263900 248584
499970 102444 72232
41594 32378 27162
33789 9936 16394
782127 642296 101200
955074 808723 593816
347059 164536 244113
53238 6662 12578
431341 98167 97232
303691 16855 252064
601300 43270 294291
403244 107737 77647
290442 197188 64659
966332 17949 726016
373107 302980 291874
275046 134846 256406
210224 36091 104744
613051 569832 577319
968181 910793 210344
498 74 468
352453 140475 324744
427094 243235 172967
908883 901042 373748
723742 391626 193489
20876 9159 13080
670153 248757 315210
576764 410548 376829
81756 11424 4193
989065 497808 171343
214944 161523 50226
795294 468656 127637
3544 2753 3382
985662 84858 39193
458531 71617 176298
462308 343013 209006
848501 520260 644650
270811 53798 195232
575620 188149 539542
486866 126321 379980
96826 51217 89687
265157 246410 224603
186079 130471 161526
690548 470689 552241
911195 316609 344144
806303 687543 761477
863239 369479 183139
727331 485248 218327
499522 6923 484966
908978 514029 790978
416904 380828 277409
584409 418560 379446
644603 459294 190846
220921 183218 155469
928088 750199 390339
506473 143055 294332
929974 921755 285510
868344 234080 34139
285096 260322 232053
853512 168377 638060
126656 22462 79329
565399 459396 419063
987189 166763 381770
503374 313907 429079
956057 96288 387615
952569 57690 280843
763692 744805 336542
509878 18152 165899
208320 62442 1664
235902 126435 190338
394866 245586 302857
712510 17553 630389
904591 64137 497517
662729 619402 646544
567733 67576 270136
626495 387857 406846
964798 353728 217371
266417 90071 102281
809189 580439 23423
663030 97541 629840
901448 266136 719893
784735 716530 87964
907021 402228 414010
97653 49429 26529
760472 44056 717206
903336 846857 256306
234214 47301 209782
767859 60659 730187
311499 76398 187336
213739 174099 165207
789561 627661 123462
651691 89680 370574
548586 239125 515721
617880 119934 467893
269327 67067 257202
535347 315686 531954
851181 625879 481319
906370 641922 232173
113480 89595 49312
253837 177677 229004
447263 46885 155017
564340 465372 90943
880631 238777 351882
444182 43361 179252
723253 266150 15220
633419 503864 475138
905327 353585 60687
41111 8623 15985
521470 492691 355190
836823 152457 773864
412883 132000 193822
955422 39993 566996
887614 628566 870581
166145 88716 152791
867364 92392 70282
358396 279252 149531
77285 6391 61642
563420 17045 168004
513611 320347 491901
644641 430361 261965
640958 333143 444869
832830 821952 82367
500313 315196 443538
824267 604337 715189
558872 441871 506337
558610 96685 261914
424396 189323 146875
902799 539344 586949
849249 309610 523861
858525 161725 207944
907751 214964 463160
895320 260096 611610
83023 65546 35409
981054 829466 242391
306534 166301 258754
773976 628233 405573
225779 91648 202234
352690 10237 5855
188416 42562 149340
233995 196731 42691
112316 94213 110325
120589 115528 114142
387139 368822 99066
460429 55418 228542
293559 243249 51425
914662 440200 751011
934683 97044 612703
560098 513574 323963
464048 14461 25187
47798 42915 34067
677180 610295 422668
489919 364199 47234
654545 131650 242872
607937 520721 269122
268569 206621 121619
439512 394086 202763
50491 13306 48238
56748 6145 44961
284571 117392 211238
929330 876498 831291
126772 51085 48232
390786 34895 180608
924737 175681 477815
384234 325592 369687
114624 24641 59710
369696 347214 179149
202090 179356 53235
880554 584994 520110
73446 4339 30413
457080 57912 1244
481578 3537 132006
566177 6213 106010
465617 8117 36776
691332 48332 376110
686764 455884 321316
163689 36009 120013
177403 102022 25167
115047 53537 8319
378090 135475 312381
182995 117706 43870
712684 401624 601642
896423 793812 835232
238506 176028 1750
143370 56586 97947
179355 106667 21910
312630 264872 170369
147552 22890 119457
413832 335997 226738
151449 39769 63732
50561 46005 3567
116996 29898 109117
155509 13617 51003
589440 168771 533694
124245 68174 16070
585002 256508 19671
843485 599277 474834
397400 298927 329908
470042 408352 354076
10376 861 2310
631059 484166 251889
341487 33225 232529
135021 70104 111089
593674 14052 151968
956916 557627 766605
371746 287701 182512
749408 695226 466561
638983 29019 322227
946311 176453 18807
58436 31661 40868
574814 303374 94096
527267 178866 370990
418347 188090 310329
28292 6717 1178
146123 90151 37298
580066 363824 59894
238948 71080 138049
18276 3224 17052
580684 236238 75841
474148 210430 267456
24859 16821 21615
330838 108675 162675
426207 311781 131449
68086 52380 9073
883815 484273 284706
808480 388867 81426
854048 75744 696714
806205 5437 720832
106433 47959 16970
971832 299141 23318
306941 3019 229887
644185 139669 477884
300780 243566 8447
667427 65542 57656
452048 356130 391822
244709 196509 58604
692812 173176 580525
729066 13658 626318
80829 30945 64322
346158 249400 223566
409129 34076 48867
474622 898 391530
632726 624731 278890
452408 320487 393047
664238 248622 138691
604735 237113 493535
309778 108402 184682
779655 233103 38560
191351 73209 179553
553304 24165 255325
879729 402260 380710
625818 377564 337684
303572 171272 89226
834590 455728 577240
812182 670367 135102
754019 608295 170692
670374 173811 154003
847177 598315 522070
695185 79387 479671
674334 655182 648441
348650 105673 52529
866031 742079 202713
540520 536513 416037
562369 331469 86928
134569 113821 103123
824508 704240 311915
159835 67607 28713
614536 13352 24222
85151 55993 1723
128206 12946 79085
764437 88035 137594
413781 9920 314287
929186 419360 451903
552713 322705 462207
858669 575098 464080
84580 21497 8420
709837 536840 348653
398969 244502 86604
600073 541821 362931
934876 256387 629303
920973 621567 292083
454748 270480 148660
353130 60233 213207
417634 367323 145995
905623 592634 741185
302781 59983 92725
879667 579171 553900
987372 681269 86912
24581 931 9704
616606 536551 616503
795879 711299 671468
255840 122299 11107
813735 283005 117949
372106 132743 332006
190072 43457 149875
119215 87710 48989
658391 131194 79564
445769 142536 414623
209006 64549 91474
73779 56754 46782
346869 329679 42939
54384 37968 22700
218882 132283 27894
783439 116695 679473
328734 217589 181713
31016 11461 6615
969149 467218 29032
696602 633342 677256
723120 482244 667731
630406 204092 82462
448024 348761 167359
32198 20702 1164
83187 53254 8658
523040 497381 446961
695667 14298 155494
903298 469679 567046
711370 385305 463039
333853 301193 309664
135725 91744 62423
65736 2959 23686
333018 302151 289138
156637 293 62762
458249 411784 87324
199359 85765 106249
588407 451660 398952
16659 2723 8061
734099 680121 468787
499406 227680 311361
176496 8081 30660
981852 534083 31407
465645 283364 342678
676352 367263 566265
847339 112923 777566
540642 87892 439228
954702 492218 930958
843000 162147 631707
209790 185417 102753
578238 275857 69979
656020 642119 456284
732783 473939 487491
437111 392914 230425
677152 138448 447844
320475 311856 99916
164129 125502 76836
306437 247567 210835
667936 201091 191366
809810 358478 211048
671221 406743 94512
180574 20174 45955
249084 101058 7158
934248 882456 298256
473493 57759 129277
479518 374733 224956
38055 25261 15412
862751 795634 816200
844616 149068 45927
967285 633259 207722
839378 372990 321533
363335 152012 1817
656502 158249 509718
236669 68734 99857
271256 2546 130910
409246 118376 4505
197183 18266 89111
339996 47979 280267
718416 633398 677001
863445 107784 538103
78507 663 20571
1842 878 1671
347770 86600 204013
552369 109427 313753
757979 33205 426218
119907 9085 90662
704358 326005 244045
846204 330859 687199
524647 10700 393675
289136 91301 194747
669628 512771 406895
960745 848413 817395
38126 23457 7024
71424 46069 28517
506062 53978 263753
709067 515153 521054
271920 194527 19857
616214 516875 267010
500951 395635 31950
177211 109100 30495
110402 56151 40743
647436 377765 528304
218544 91184 154234
604913 116437 512840
855241 770864 647015
598839 16724 119760
816862 311077 417139
527757 6293 94131
186736 120392 28607
152632 89986 71456
775602 122112 425134
651056 641437 408411
825135 747539 573401
587646 405484 107042
894033 636226 692029
723283 226765 650456
265316 156150 6882
559242 531400 87545
857541 66803 15244
928601 812551 773487
744670 667553 582630
691363 516310 42762
874202 499947 538690
62163 16523 43231
580324 316951 116478
276080 191938 48037
33054 32593 23374
846719 569768 733393
191972 171506 21100
662897 337880 269611
402226 29898 233018
303866 6146 128730
286052 254103 159350
271021 198367 112709
892544 95996 433630
624447 621752 59567
430766 19437 72729
674471 600214 333652
386774 294319 228451
263262 174910 43032
434619 316922 149368
444176 126096 70038
275161 273353 183976
236301 125366 57456
621683 588336 199359
306798 184165 284809
157956 153182 53891
222938 119584 10008
696846 66421 20812
106976 55373 87196
976859 615564 93362
752603 595747 629947
396167 250533 223925
543667 186249 350724
924744 890534 254842
132946 77109 65693
267492 88760 25986
456247 152591 377711
581285 199738 240816
112197 26277 105640
64315 47945 19002
570795 297489 488264
853378 17560 270147
832938 257974 821722
662607 140763 506873
878254 505225 736976
731130 518559 548611
269143 230444 86406
451265 344831 71456
141086 21788 65746
662176 384080 191769
764963 664497 496053
747438 360102 291264
218169 167344 126795
716493 632613 207448
102437 71119 81479
441076 336397 133632
457360 366365 385910
471409 377615 20640
572005 508314 228349
562456 361848 171713
385967 350196 371163
469649 135591 439737
325732 291556 170525
192916 73542 92284
54119 26708 28621
409438 374612 191917
188201 111094 157973
675305 180175 608023
95119 34162 13094
279064 122063 229740
834683 48272 165036
763052 66033 645330
52306 49519 47021
583763 352334 174805
930523 808125 798325
946515 673489 198434
346764 7677 263389
392872 226874 118882
482968 964 128371
647147 580020 468811
182065 115092 2389
659309 91316 412040
277316 212422 224263
854844 229476 355602
385250 299988 260864
667071 623864 378630
222409 25967 165135
491303 490171 241397
546024 244408 440231
88350 74761 40288
912980 608826 36818
317905 310531 284827
809235 46260 71562
715326 12327 275785
342219 338857 33300
662526 361204 493834
509415 502709 452337
782679 621287 514473
899057 312674 516509
163402 128644 148646
756838 642949 699664
357401 52347 74927
874770 92956 808139
552662 191515 51807
328430 310159 71536
281948 3650 99455
235178 204322 90277
78735 68650 62278
18444 1533 2575
829772 642794 323099
417541 43693 44822
390454 234730 368689
959257 651871 508009
173025 115731 21905
89484 36902 3373
169370 101502 13393
474268 1760 110764
252971 190027 78571
204021 189605 18113
355551 31388 281231
680821 621818 493454
701618 578773 151130
851507 737367 41487
402739 388676 137788
24835 3722 16467
602564 173065 126793
272054 43060 130609
640040 284947 523981
488924 329564 462649
604328 475317 68034
907351 136769 746948
268959 94430 81137
596181 272107 316871
162458 62075 11431
809985 556805 237481
157954 78888 102684
449799 177725 222178
273216 234763 183860
909851 23563 143195
947163 654380 920660
505874 142078 345159
329984 280826 103624
321919 124665 194927
778545 440221 668560
435584 194975 24842
170717 163873 20482
212889 204528 20981
404842 63972 297779
121926 33757 72159
215379 21698 8053
869535 500172 23489
136272 30030 102597
79983 6497 62516
