50
66 12 51
323 147 251
719 262 377
745 326 148
771 691 669
208 98 25
605 249 470
366 312 317
62 36 57
353 59 277
211 19 21
283 195 143
190 30 182
176 1 98
529 365 245
77 19 63
86 76 64
301 23 295
787 766 787
155 94 38
195 85 150
410 324 158
633 541 233
563 417 129
638 324 587
552 97 234
622 222 457
654 368 366
716 434 613
772 211 457
44 42 23
777 672 539
362 71 75
30 28 12
189 147 99
258 148 7
721 248 178
66 34 46
275 168 75
457 140 314
6 1 5
148 117 138
299 41 201
159 32 56
125 18 72
96 41 40
294 105 262
243 205 11
511 152 257
576 143 117
