200
400
482
569
386
158
88
399
24
217
899
154
173
15
95
506
743
851
180
364
671
790
829
263
491
668
172
37
537
421
859
270
828
639
871
391
280
613
987
690
905
220
710
431
493
557
938
856
590
341
723
708
970
352
143
789
583
665
727
511
480
69
10
903
641
281
719
424
562
160
898
517
559
29
30
361
305
948
485
394
83
980
351
112
300
507
474
638
667
726
153
365
489
32
142
418
155
496
797
934
125
62
958
104
573
472
875
679
141
487
377
412
184
216
718
207
174
2
538
969
131
868
636
902
729
192
912
967
11
170
666
956
475
844
760
981
957
304
343
133
649
19
814
383
465
314
976
326
551
238
886
183
39
971
469
535
152
621
845
290
393
919
659
624
42
791
289
109
366
631
673
75
954
100
264
50
323
990
761
735
181
548
295
245
877
140
677
358
313
171
833
286
198
949
823
933
355
960
157
468
793
156
156
793
355
949
468
198
157
960
933
833
823
286
313
877
171
358
295
677
548
140
735
245
181
761
264
990
673
631
109
289
791
393
323
621
152
50
535
971
100
39
183
886
954
75
326
366
42
314
465
624
814
649
760
659
844
919
290
956
170
845
469
238
551
976
383
636
969
19
133
538
412
141
343
304
679
875
104
957
155
981
32
489
365
667
638
475
666
11
507
300
967
112
351
83
361
517
912
192
69
729
511
665
902
868
352
970
341
131
590
856
2
987
174
280
207
871
828
718
859
216
184
537
377
37
172
487
491
263
472
790
364
573
851
506
958
15
173
62
154
217
399
482
125
934
797
496
418
142
153
726
474
980
394
485
948
305
30
29
559
898
160
562
424
719
281
641
903
10
480
727
583
789
143
708
723
938
557
493
431
710
220
905
690
613
391
639
270
421
668
829
671
180
743
95
899
24
88
158
386
569
