70
140
382
932
587
309
189
977
559
506
10
154
16
224
776
483
298
962
109
999
595
539
708
1
378
57
416
110
53
507
81
183
134
32
114
297
551
892
338
722
404
825
989
296
415
426
487
182
982
433
720
67
603
82
147
223
787
181
231
494
532
857
122
813
281
875
131
850
350
254
590
179
179
590
850
254
350
131
875
281
122
532
231
787
223
813
147
857
67
426
989
494
338
114
181
82
81
53
603
110
720
433
982
182
378
1
487
539
109
224
16
10
415
506
559
189
296
825
404
722
892
551
297
32
134
183
507
416
57
708
595
999
962
298
483
776
154
977
309
587
932
382
