19 10 15
607845 559591 436551 145160 808624 764948 597386 307218 195273 755540 
399248 242386 413497 894886 140624 682421 28145 531969 335736 699916 
161626 663535 46043 796012 454680 24153 575245 977296 878819 590397 
87693 301816 112992 740034 122670 119398 489554 410548 975826 121211 
729663 830212 533809 273378 822762 626 737336 401869 977996 2777 
62768 997440 829875 689332 540557 456302 468873 300561 120095 918985 
113756 639790 851408 828016 30194 222770 15681 303456 16856 267507 
170964 233503 586677 863109 963250 602332 277845 887639 760809 939998 
428652 54850 645204 495732 796532 198015 395420 636776 42010 530181 
687930 995224 244055 588261 76738 991546 747318 837526 204201 134257 
421565 960598 306649 337705 225551 925151 541977 301413 938555 482798 
102505 348382 34749 7066 659379 847700 878210 725130 578554 265484 
650448 264608 180774 45323 664306 755177 170054 927225 784631 280367 
205401 660445 495371 570286 883017 193899 608156 841134 515558 696577 
953179 658267 187358 221712 227879 320615 474820 795738 983134 620592 
623721 48763 306634 976198 576032 238589 860590 54874 998878 637305 
979359 861201 777255 68961 14916 293948 645481 207731 669956 674547 
837108 841239 340001 984927 545036 774858 561114 250115 929594 601361 
498355 968419 25358 342586 313730 721016 776564 106103 860918 786644 
819420 62968 547748 245270 855396 423304 404474 719104 711749 424386 
1 2
2 3
3 5
4 5
5 8
6 8
7 10
8 9
9 10
1 4
2 4
3 4
4 6
5 6
6 7
