20 24 30
876432 174278 776407 580501 21273 631602 353931 530699 899078 414550 427295 377128 423653 100060 919578 154671 138152 607225 697085 505021 975016 5220 854178 238696 
86896 925665 985601 595119 405118 313724 581618 43755 99569 538588 74576 304914 838123 604158 410717 140583 160143 340963 568009 298441 637306 121171 317407 545202 
588720 451621 352963 830318 457136 31753 760895 263236 784611 810832 84364 751852 203848 255452 341111 745550 989448 526235 571749 349224 668089 886772 260933 408960 
287257 275346 774703 959724 872890 851820 627495 734887 37108 817393 452501 684947 785402 429366 732745 502757 134475 997918 335776 783696 222867 206865 876492 490792 
799941 813757 594060 419898 578098 475310 295564 346023 169086 676900 693520 471721 407393 550149 834054 995777 862877 276834 433798 895194 882904 708009 224375 186767 
616304 536631 767582 269187 903726 567670 136426 975159 743186 152400 825422 83115 910261 995057 534873 410054 203854 175776 854582 89556 716163 945049 482746 999453 
940471 601632 398401 652264 829548 298920 377371 228202 783960 598583 811580 438997 976030 363502 707657 550931 365582 966421 996363 82152 94046 393171 988455 185158 
525094 348016 669809 753862 813967 391174 641879 693087 987031 913053 548027 774380 969711 823433 121952 465773 943302 430188 518880 895609 137538 997037 296203 318479 
437124 544089 82575 984510 423597 915124 368763 178124 137847 923880 944156 361675 578723 851432 168658 704972 796580 966195 940528 904657 586037 158217 778348 806814 
836585 350258 15861 51558 802601 601237 431514 527534 526476 948911 36163 553267 303807 745109 167508 962174 787538 567897 50056 723225 564467 345409 766834 79562 
980558 943572 836577 376115 525915 341290 615736 91860 112639 408695 88461 852928 168344 650843 418456 652122 695712 843581 681613 208810 35691 405484 521546 948439 
972435 180939 222765 986482 792841 404551 600119 741176 593599 278275 280688 498843 405589 229821 437783 49806 94735 449221 768047 637904 834621 238851 566976 935363 
42343 947071 302439 769143 308116 264736 827178 438735 682268 539875 557581 517391 380697 563007 725882 716044 832273 721356 83639 741976 60621 247376 901987 318198 
389306 40538 972596 914784 685496 920177 358884 525083 499828 899152 542600 115306 308952 476378 254007 623791 79596 118397 653662 828232 232726 880607 884380 490471 
794025 721358 859123 404054 781474 75281 214504 835084 615935 282583 259858 879564 298042 604638 17830 274688 852787 519952 756095 711623 629631 469631 963155 231507 
463220 874718 796484 249140 175914 371693 90640 396145 720069 818084 6430 911866 979806 933388 941 492288 979198 846680 369569 510364 478901 518000 151448 221502 
174489 497206 290321 226245 663573 753077 957431 869320 358970 552989 701630 636153 911133 24559 748608 251682 524563 733217 804410 769246 657549 613686 223709 700814 
292868 248106 939615 49655 116336 198471 56164 813980 46959 980040 424060 279946 48524 953749 902745 995178 466738 827492 579043 400499 779778 12005 34383 725557 
900176 783134 273211 121293 900671 624271 472954 905354 49329 270129 535874 891083 293772 249301 216406 773456 607622 25385 828935 695848 958329 912489 68786 584309 
586159 532775 622924 608262 123873 723925 93336 796390 842857 513345 74999 937748 767896 343968 887384 474577 615944 960837 830538 592147 24363 499758 869943 989597 
222904 928382 945282 579295 593789 423805 691656 590688 601984 442218 35566 235294 566257 429939 321852 819488 54191 12681 423833 53527 966430 708708 973415 657618 
1 2
2 3
3 6
4 6
5 7
6 8
7 8
8 9
9 10
10 11
11 12
12 13
13 16
14 16
15 16
16 17
17 18
18 19
19 20
20 21
21 23
22 23
1 3
2 4
3 4
4 8
5 6
6 7
7 9
8 10
