15 15 30
433550 174543 306250 252772 766311 915880 200984 669971 392041 82724 73651 902972 753230 190319 917747 
710300 687231 185622 270777 850125 668245 76959 747697 666772 829065 791561 56599 318752 869941 764504 
789552 192802 427206 315081 780419 559275 659650 40414 783321 519026 322013 901784 854789 624118 424009 
81551 265325 319196 451258 824512 835691 438667 262411 760594 490554 809566 190961 228743 151404 254353 
7308 256142 244911 413201 192800 343128 120172 157788 334415 31626 116642 619518 55349 901843 114316 
515975 181446 211374 972221 739912 509240 245055 641306 556930 382254 354190 815167 204357 359305 659861 
645899 5593 901721 866117 151581 98868 149353 26940 178699 494902 160812 716617 756892 848672 331729 
326672 951662 77046 303121 620241 317159 299454 769628 685351 853712 535564 629595 207534 401728 307828 
398796 919532 737443 351517 885007 478516 466925 642602 627098 168662 967104 34325 980109 44937 2282 
517016 43711 963217 301906 775974 767782 882721 270792 481170 297866 715828 329537 616729 357126 320385 
580168 789950 500477 416047 521577 568667 577468 260521 627385 341992 425211 333259 428212 268745 419519 
685719 321935 666826 280768 658690 449819 73015 211826 102919 958029 333030 78035 6728 151241 933755 
486541 408397 90936 203084 48049 846866 87012 615253 553065 377877 17238 232676 70246 482711 470416 
728193 24711 454748 463038 701300 368448 949716 241694 259580 567130 195165 333980 553502 295526 110290 
574959 114034 211801 165090 87671 535218 880847 521039 509544 240339 385937 603322 597720 536497 791248 
943789 428360 425988 145036 765236 383913 185685 745990 683785 263735 422668 500520 972616 167046 665977 
1 3
2 3
3 4
4 6
5 6
6 7
7 8
8 10
9 10
10 11
11 12
12 13
13 14
14 15
1 2
2 4
3 5
4 7
5 7
6 8
7 9
8 13
9 11
10 12
11 13
12 14
1 4
2 5
3 6
4 5
