1000
4 1 3
27 26 22
30 27 15
5 2 2
12 2 9
16 12 10
9 7 4
8 1 4
17 10 15
1 1 1
29 2 23
6 3 1
10 6 9
29 4 24
26 19 15
28 5 22
28 6 23
17 2 8
30 15 19
8 8 7
10 1 10
23 13 16
17 4 4
6 5 4
14 14 10
8 7 6
27 10 2
10 10 10
1 1 1
8 7 2
2 2 1
31 2 5
11 11 6
14 3 13
19 13 17
9 4 9
17 3 4
5 2 5
18 9 17
1 1 1
5 1 4
7 4 6
20 2 4
4 4 1
18 6 12
3 2 2
16 15 13
11 10 7
6 6 1
9 3 7
12 5 11
5 5 2
25 13 21
13 2 5
4 3 1
20 8 12
24 13 2
30 18 26
31 3 28
25 19 23
3 1 1
28 22 21
11 3 3
4 1 1
1 1 1
9 5 5
25 25 7
1 1 1
24 19 7
14 8 8
31 4 5
29 19 10
25 20 1
22 20 19
4 4 2
15 12 4
16 11 8
5 2 1
11 4 3
9 7 7
12 2 4
28 25 1
8 6 7
17 1 1
13 4 7
29 12 5
31 15 22
2 1 1
6 3 5
29 11 1
31 9 9
1 1 1
12 11 5
4 4 3
22 5 21
13 13 3
4 1 3
14 9 6
6 5 3
2 2 1
16 9 16
26 25 23
30 19 23
12 9 9
19 4 17
12 4 6
21 12 9
20 14 20
20 15 18
26 24 1
11 1 10
16 6 9
31 27 13
29 17 2
17 11 5
7 5 7
9 6 9
22 17 12
24 15 9
21 8 16
20 2 6
15 2 1
31 26 24
7 4 6
26 13 1
22 12 2
21 2 4
21 18 11
18 10 12
14 5 5
7 6 4
17 7 15
6 1 6
31 29 20
2 2 2
8 3 7
11 8 3
9 6 5
30 9 14
5 2 2
22 2 7
26 14 12
24 13 11
5 3 1
29 8 20
16 14 6
3 3 2
10 10 10
23 17 12
29 4 9
20 20 18
4 2 2
8 5 2
27 25 25
22 12 8
18 7 17
26 13 21
21 2 5
5 3 5
18 3 14
29 25 29
30 20 18
2 2 1
31 25 28
21 16 1
23 18 22
2 1 2
27 26 4
31 16 4
19 17 9
19 10 8
14 4 12
22 7 6
18 18 2
25 23 2
15 15 13
27 17 15
9 5 6
1 1 1
29 29 5
12 11 11
17 12 15
31 9 7
3 2 3
26 24 20
29 11 8
23 21 4
14 2 10
24 4 7
7 7 1
11 5 2
25 2 2
21 5 10
20 9 15
28 12 27
19 1 4
19 7 10
22 4 22
1 1 1
11 2 2
30 12 16
14 3 12
26 19 16
25 14 23
18 3 4
2 1 2
4 2 2
30 1 22
21 12 20
18 5 15
24 14 8
16 6 15
19 1 11
14 7 3
26 1 25
9 9 7
9 2 6
2 1 1
1 1 1
22 6 5
23 12 7
21 6 18
13 13 3
10 2 10
3 3 1
3 2 3
11 5 2
12 10 1
8 2 6
9 2 3
28 27 5
26 12 22
23 10 6
8 1 2
13 2 12
18 11 1
27 7 13
27 3 11
10 4 3
9 7 6
20 13 10
4 4 2
30 15 19
1 1 1
16 7 8
22 5 14
24 13 5
23 13 1
19 10 6
21 18 8
8 7 7
1 1 1
24 2 15
12 11 9
30 7 7
20 4 13
27 8 18
19 10 4
2 2 2
3 1 2
27 8 26
25 2 25
6 4 2
19 6 15
5 2 2
29 12 25
14 1 12
31 26 18
25 4 9
27 2 16
19 2 5
18 6 17
4 3 3
29 19 25
20 20 18
29 24 6
20 20 5
5 4 5
5 1 3
6 6 4
19 1 7
5 5 3
23 5 8
7 5 7
22 3 12
2 1 2
19 8 17
16 2 3
28 6 22
21 6 19
19 1 14
4 3 4
21 6 9
3 3 1
24 4 13
1 1 1
25 18 24
19 7 2
6 4 2
16 13 15
25 4 4
8 1 2
6 2 1
7 1 6
9 1 2
3 1 1
7 6 2
19 7 5
28 8 6
9 2 5
19 4 13
2 1 2
31 11 20
14 2 5
30 14 22
17 5 15
26 14 16
10 8 6
13 6 8
28 16 3
25 8 2
21 9 19
30 6 9
21 13 21
3 3 1
23 14 3
21 12 5
12 6 9
20 10 2
9 5 3
5 3 1
25 25 16
10 10 5
17 4 2
29 21 17
26 4 20
6 2 4
5 4 1
20 2 2
26 19 12
3 2 1
5 2 5
22 5 6
28 17 25
20 6 13
8 5 8
30 24 14
3 2 3
29 23 2
8 8 1
11 5 1
21 13 8
29 13 12
26 22 5
24 16 8
2 2 1
25 12 17
4 2 2
21 18 5
26 24 8
13 12 3
4 1 4
21 5 21
5 1 3
14 11 1
3 2 2
31 28 21
13 7 1
8 7 4
9 1 1
11 4 1
23 22 23
15 2 8
18 18 6
5 1 4
23 4 15
8 6 6
22 10 12
10 4 8
22 12 10
28 12 27
20 6 16
16 12 10
3 3 3
26 7 7
15 10 12
10 6 1
2 1 1
28 5 26
17 9 3
8 4 3
5 3 1
5 1 2
3 2 1
3 1 2
6 4 3
26 8 11
30 25 2
23 21 18
26 6 15
26 8 4
23 21 5
27 21 17
17 11 2
8 8 1
24 16 22
5 1 4
8 5 5
14 11 2
8 8 6
28 22 28
11 3 1
1 1 1
5 5 1
24 8 13
26 11 17
26 9 13
13 12 6
28 6 22
21 4 16
12 6 4
14 5 10
18 14 12
15 1 11
2 2 2
23 12 9
27 1 12
14 12 7
20 8 14
10 2 6
17 17 3
6 6 1
7 3 7
14 10 7
18 3 11
24 6 8
25 8 20
13 7 8
5 4 3
24 7 1
28 11 7
16 16 11
29 9 27
9 1 9
15 14 6
10 7 9
27 4 18
28 28 4
12 10 10
27 18 21
20 14 8
12 9 6
13 3 13
23 4 23
18 9 17
7 6 7
10 2 7
22 15 7
26 10 25
26 4 12
14 8 9
1 1 1
3 1 2
2 2 1
1 1 1
10 3 9
22 1 20
26 12 5
13 7 12
13 7 12
28 13 16
15 15 13
3 2 1
20 18 16
24 10 15
16 9 13
2 2 2
2 2 2
4 4 3
23 21 8
27 23 11
31 31 2
29 22 16
4 1 2
19 15 1
24 16 17
12 8 4
21 15 2
5 2 4
14 9 12
18 8 11
28 1 11
17 13 17
30 30 12
30 23 14
17 7 5
3 1 2
6 6 3
11 7 8
19 13 16
30 20 20
29 1 16
13 8 13
21 20 2
21 4 7
10 5 7
11 8 3
15 10 8
18 17 9
10 6 5
18 15 14
1 1 1
26 5 9
2 2 1
27 21 23
22 19 15
25 25 25
26 25 19
18 14 11
19 13 6
28 9 19
3 2 3
6 4 3
8 8 6
17 3 6
28 21 6
26 9 2
21 2 14
19 19 17
15 4 3
29 20 16
26 15 6
27 25 8
5 5 3
28 14 1
31 14 26
10 6 4
12 4 6
14 7 3
20 18 11
11 7 11
16 13 6
20 12 2
18 16 7
18 14 11
29 4 22
12 7 4
6 3 3
22 22 1
22 14 21
7 2 1
24 19 19
4 3 3
3 2 2
18 2 6
10 7 1
24 17 12
27 1 11
7 6 6
6 5 1
11 1 1
27 26 27
1 1 1
29 25 20
14 11 6
6 2 4
28 5 22
26 25 22
22 20 16
30 17 6
2 2 1
4 4 1
14 2 9
11 6 3
8 4 7
3 2 3
6 1 6
26 11 12
7 5 7
31 28 16
22 3 18
16 7 9
30 13 19
13 13 7
4 3 1
3 2 3
10 6 9
10 4 5
16 12 15
5 3 4
20 12 5
14 11 14
21 14 7
10 10 1
17 9 9
11 2 11
31 29 7
11 11 5
20 19 4
13 10 8
11 4 5
11 10 6
27 22 6
10 9 7
28 19 12
4 4 4
8 5 7
9 5 2
4 3 2
22 11 1
14 8 5
11 8 8
12 4 1
13 2 8
9 5 1
31 12 12
12 11 5
24 17 11
24 16 12
12 9 7
3 2 3
18 10 2
12 7 9
11 1 10
25 16 24
23 1 4
30 10 2
6 4 3
8 3 3
18 9 13
18 13 17
21 11 21
4 3 3
16 9 9
3 3 1
1 1 1
16 10 15
25 10 9
29 10 27
26 17 9
14 14 14
28 1 21
12 7 1
18 15 6
14 3 12
15 8 3
24 21 4
4 3 1
30 7 7
8 1 1
18 10 10
20 2 4
13 13 2
14 13 14
10 7 1
1 1 1
21 1 18
30 19 28
25 6 22
9 6 2
2 2 1
4 2 1
26 17 22
22 3 22
11 4 5
3 1 1
17 4 13
24 3 3
18 10 8
7 7 1
5 5 5
5 5 4
9 8 6
18 17 18
14 4 13
7 7 4
13 6 1
8 3 3
23 18 4
30 14 30
4 2 3
22 4 20
30 17 20
31 22 4
29 27 21
9 5 2
4 3 1
17 10 13
22 9 10
10 10 5
16 5 5
2 2 1
21 20 11
31 21 2
26 5 15
10 2 2
11 5 4
20 6 4
28 12 25
27 12 8
9 3 8
20 5 7
16 10 14
2 2 2
12 4 1
23 5 6
23 16 19
31 7 23
25 25 5
14 10 14
14 10 12
5 4 3
16 5 1
28 13 10
24 5 5
8 2 1
25 20 1
4 2 4
22 6 18
9 8 4
2 2 1
30 23 6
27 15 6
14 14 2
19 6 12
12 11 8
18 1 17
20 18 17
10 4 4
23 5 1
24 24 6
16 9 1
16 13 16
2 2 2
24 14 23
19 13 9
11 11 7
22 13 5
26 10 22
15 7 8
15 8 10
6 2 5
4 3 1
31 31 29
17 13 11
24 11 8
13 1 9
12 9 10
16 15 10
18 5 13
31 24 31
12 7 2
2 2 1
23 7 20
18 16 4
20 6 7
7 4 7
26 26 13
28 2 18
31 29 10
4 2 1
13 9 1
31 21 18
17 3 4
24 4 20
26 4 13
18 14 4
16 10 4
4 4 2
9 1 6
9 1 3
15 13 2
6 3 1
21 10 12
21 4 4
26 17 25
18 5 2
5 1 3
27 13 11
21 19 13
2 2 2
26 9 8
2 2 1
20 13 17
4 3 3
30 20 10
21 6 7
11 5 4
12 2 8
26 26 24
20 19 10
10 9 7
24 17 21
25 20 18
7 7 5
24 3 15
27 8 12
22 12 20
27 11 4
5 4 4
27 6 26
26 13 17
2 2 1
30 22 18
25 8 12
7 5 5
28 9 3
2 2 2
23 8 1
7 1 7
2 1 1
16 4 9
23 13 7
11 3 5
7 3 5
2 2 1
2 2 2
1 1 1
9 5 2
15 13 8
2 1 1
6 1 3
20 6 17
30 2 9
28 20 17
2 1 1
15 13 13
22 14 19
1 1 1
7 1 5
24 2 23
16 10 1
22 5 20
13 2 10
23 14 18
25 17 16
24 8 22
13 7 8
7 5 6
12 4 4
13 2 1
29 29 2
11 10 10
21 13 19
31 23 29
1 1 1
28 22 1
25 4 16
14 12 8
17 3 12
9 1 3
13 11 5
12 5 6
25 23 5
27 2 13
29 24 10
14 6 13
24 23 12
24 11 12
23 17 15
16 16 8
12 9 12
23 14 14
11 8 10
28 10 14
16 16 16
31 26 15
8 1 6
11 9 7
31 10 1
30 12 16
15 3 3
21 6 18
12 4 12
17 2 6
10 5 10
14 5 7
4 2 1
2 1 1
9 4 1
11 2 3
22 11 13
28 15 3
12 10 10
29 28 9
30 11 20
19 17 18
10 10 3
3 3 3
31 3 2
8 8 8
17 2 5
30 26 8
12 8 2
17 2 14
28 14 4
23 15 14
10 9 8
31 31 9
12 8 6
29 12 21
4 3 2
30 13 23
18 15 11
2 1 1
20 8 18
16 1 7
17 10 9
1 1 1
11 6 9
2 2 2
23 3 17
22 14 4
27 26 17
30 18 3
27 20 1
14 5 6
8 2 1
10 7 10
16 4 6
21 15 2
5 1 3
12 12 6
27 21 24
24 13 20
19 4 14
20 10 13
21 11 5
20 7 9
4 4 1
6 2 3
18 4 9
31 21 27
15 10 10
29 7 9
17 9 10
23 1 5
29 16 26
5 2 2
22 9 17
12 9 2
18 16 15
23 14 23
1 1 1
29 16 28
4 4 3
23 14 14
18 8 14
5 4 2
3 2 3
17 9 9
11 4 7
18 13 10
1 1 1
11 2 9
28 12 12
16 14 3
11 4 4
8 6 2
20 14 14
29 28 18
3 1 1
4 4 4
28 26 15
14 14 4
22 17 17
28 9 2
9 4 4
10 6 4
12 9 11
12 3 10
3 1 2
4 4 1
27 10 15
23 23 18
17 1 8
15 15 10
3 1 3
19 1 9
1 1 1
20 1 17
27 5 9
5 5 3
5 1 4
30 25 10
29 29 10
10 2 9
29 17 7
20 3 17
10 1 1
29 1 19
21 20 14
23 21 13
30 21 26
1 1 1
23 19 22
22 6 20
28 21 3
11 4 11
15 11 6
