200
25 20 5
75 65 36
38 17 30
48 6 3
46 35 19
30 17 5
36 7 8
10 5 1
9 1 8
61 11 9
99 91 93
1 1 1
86 19 11
39 26 22
97 67 33
24 16 1
49 42 2
30 13 16
98 48 84
2 2 2
36 27 27
49 35 40
80 66 56
66 12 13
49 9 9
73 43 60
86 11 69
68 8 54
74 62 14
36 33 20
40 27 4
20 17 9
46 34 11
6 1 6
73 44 41
15 7 5
51 38 45
13 11 8
83 64 8
4 2 2
9 6 6
16 9 9
45 16 17
81 14 70
69 27 29
1 1 1
76 46 22
23 1 13
75 48 31
28 14 25
8 7 1
13 12 10
53 24 5
70 28 37
21 19 9
2 1 1
79 72 8
45 41 38
5 3 2
33 10 31
19 11 6
40 15 1
68 44 49
95 46 37
26 9 13
14 6 8
3 3 3
48 19 35
67 40 33
32 20 23
8 4 4
94 46 68
70 34 34
55 54 31
84 44 55
84 69 13
64 52 50
26 13 2
89 80 58
8 6 3
42 9 35
41 28 9
90 35 20
65 20 2
19 3 8
44 33 32
15 2 10
24 19 12
25 22 2
55 15 39
40 12 25
81 54 52
36 24 4
67 7 25
77 27 58
85 26 6
15 4 14
84 53 19
16 12 10
71 34 22
60 54 34
60 21 3
78 9 6
76 19 73
54 10 48
25 15 1
66 28 21
33 4 23
57 9 30
98 94 17
47 2 7
36 35 9
14 5 11
74 67 41
53 29 33
92 15 22
73 65 8
50 29 22
87 28 82
41 39 34
51 8 35
12 11 2
62 42 48
45 38 27
6 2 1
6 2 2
17 16 8
29 16 3
5 2 1
58 2 39
52 38 10
67 7 57
24 17 24
46 39 19
58 19 34
39 35 10
85 44 47
87 83 14
26 18 26
16 11 7
37 30 13
90 55 48
34 33 23
63 58 58
24 10 20
19 3 9
50 26 46
91 81 73
36 28 18
53 28 28
67 59 59
62 8 44
54 24 11
18 13 16
99 44 78
6 6 3
3 2 3
89 81 32
20 8 16
79 10 73
58 51 17
34 18 8
9 7 7
8 4 8
73 18 6
18 9 4
48 14 48
84 57 14
24 23 19
96 56 81
49 2 22
42 2 29
42 14 38
40 40 38
25 24 13
6 4 3
3 3 1
81 8 4
2 1 2
53 1 10
80 33 54
18 3 5
74 3 15
98 31 94
54 9 50
86 66 40
1 1 1
22 7 11
82 22 44
4 4 4
83 82 16
32 32 27
68 68 10
91 63 79
28 24 25
87 67 3
6 5 1
68 3 35
26 23 19
7 6 5
