50 21 30
876573 647648 25344 922752 308340 687996 566627 791615 25686 866420 847081 673099 818857 116210 341490 227646 200166 241077 182152 882442 93974 
316816 346745 925747 643004 235284 456541 820134 115254 915887 302853 683813 286669 650283 333388 267569 370563 295705 119597 864813 876965 698810 
715046 140017 491710 692262 120579 542362 233032 250513 115012 488057 731961 55000 539198 698343 664507 53524 511545 883908 867285 582788 810581 
320058 60379 540941 740810 376263 238067 948122 735937 748808 140927 604438 173137 956107 135953 646331 131968 746601 691037 563617 463516 124447 
976600 651678 965313 310481 495637 453125 848911 750588 714255 424936 2024 919432 551174 889778 556758 583895 231217 152666 218472 654013 626477 
395326 194508 524210 446076 891451 958793 735607 668564 681189 594030 382201 926737 742004 553316 664032 917276 669198 850109 61697 699510 611717 
610678 586676 869025 964558 340520 135093 185545 242658 279116 894973 212255 637226 358168 17138 357749 503797 684871 363537 631414 60643 388042 
309679 422604 650982 748363 850220 922809 636712 953777 96183 732368 92424 23669 491121 670952 64421 50750 556663 297625 14292 796866 75772 
956030 468870 784074 602384 334128 664569 989 198012 487231 943625 307958 294640 965260 180661 843180 406625 920478 93687 626602 395866 468033 
425748 910363 542292 67180 112992 7001 76688 818432 438624 12719 966036 250311 737225 814220 62558 467293 78265 273377 977906 957337 773432 
824367 318493 256727 475921 291678 197405 20986 231308 745506 950413 561807 871572 91219 87895 999782 864070 543234 355072 383382 8587 256063 
464801 87620 696142 124480 569110 790186 50380 999583 101981 677657 289020 683495 903487 952960 161123 685464 441384 752331 555729 980451 863600 
560066 900598 719840 443684 253614 463554 238693 866825 818154 385714 61496 335012 619721 902570 427844 777569 383468 856152 423511 955316 411265 
27392 179250 163541 392888 38024 592045 882539 101122 242068 477353 942753 729813 355457 433063 170552 339185 696301 927617 18028 22718 89221 
48209 903111 14862 324091 666864 654091 604659 696505 148933 22743 617174 707811 919812 810258 778654 923015 491873 498901 847408 268022 415339 
388761 853482 688035 927538 184883 426642 49511 540634 840638 31505 377110 996392 291450 539161 717072 48537 567960 753950 905476 518726 300388 
974829 321881 98008 330956 282773 413008 945624 340998 323063 893713 511015 874239 187597 339420 401348 467864 118175 70559 141270 725133 76013 
920068 911180 350723 874367 377449 314255 221264 315885 682648 301780 824601 333138 190824 499621 304612 916956 285139 23646 290220 97710 946778 
570144 357709 442293 4277 681750 940003 237153 571014 326272 695875 953672 889105 329702 712187 140392 954201 944423 571216 960065 727958 24872 
279414 162983 125878 661686 142351 206559 235871 600855 624410 765606 662211 487375 877792 348459 826067 902978 213984 679572 283716 370734 613492 
458259 377222 513545 754684 955319 949174 581586 933441 520485 905028 122762 811029 752007 888616 551174 334015 847632 367355 888613 128933 907413 
699140 344380 421113 235758 350819 148402 378048 716036 394188 102326 497994 710060 804934 825854 2408 779408 522253 652094 398691 678270 591034 
827936 152824 202277 474162 810419 255316 864650 281780 568933 700803 998589 15936 918757 175606 338223 620235 320847 643405 704176 738794 776421 
420849 981799 693188 133647 209298 554168 657421 703740 730174 929300 258117 357606 570657 290365 244535 566601 84418 132262 884657 390701 116430 
63200 155605 728789 263328 740461 181197 632835 885483 711754 244649 569902 451905 416341 524437 122551 808023 777985 49682 9720 489373 153602 
628791 93444 330370 298675 495780 936209 892586 779086 394323 881212 280079 146088 768003 938576 965622 905383 701917 238794 658671 45161 498282 
397876 547913 266864 393552 62229 322049 374888 917258 699790 351091 614606 608090 395006 708490 528386 994768 492937 786106 107624 476360 507337 
168889 658235 676452 709733 459667 34889 698536 573516 305770 611298 552088 220887 766391 20391 708170 384553 697297 369256 399802 763201 793891 
21235 401595 396601 498875 812589 462287 724026 172354 3392 687869 855276 246421 44082 801500 417086 724796 700620 884852 442996 83140 386396 
394670 144446 767799 663995 262180 10448 180744 599197 240927 650464 490946 471327 971772 366020 760986 429920 321481 791080 471735 262127 993048 
138359 104625 870497 628474 420599 21992 568554 233540 849801 70531 815707 539661 290129 10939 110501 165611 790729 825059 685488 440195 885153 
68981 764857 567699 27616 214056 761423 650344 403760 244450 185129 312101 289471 249066 739593 485890 790467 408593 147453 274158 971725 11491 
435088 984206 410232 74690 466457 679339 164891 395751 784968 229197 797292 551945 335817 410234 345959 919863 923067 316320 349233 967403 472919 
281978 322782 997194 833890 373948 732972 158850 205048 408342 153966 562680 557615 502400 428761 452267 911528 206772 420095 222018 309042 887996 
820616 547098 945975 353852 176975 680447 119218 196380 268267 55080 893002 311998 904053 561238 555651 63871 255332 568015 260069 878198 134492 
29879 780514 349220 82530 537913 575804 367537 460499 559690 131287 194110 689544 163796 437500 486205 868076 149734 627205 421262 683364 512862 
976923 700452 922062 114443 825163 110489 171686 522204 958875 866519 203057 910297 801279 685512 452538 672537 616390 130761 119221 611178 859799 
627819 316998 805481 163139 648736 657063 323904 79041 91393 651277 860475 375327 595735 729365 20148 385644 441893 716877 324364 152269 49091 
811617 982797 612054 840861 614958 702278 599559 144366 284795 784539 899131 70914 760928 628012 341852 38047 243949 57583 261127 187172 318109 
28679 209274 842706 324616 814643 390723 873191 286919 437285 198251 272945 616270 815611 399198 692903 146354 115461 41343 230892 132057 824158 
887637 190690 539027 444459 801658 605402 978241 929013 55568 871549 743214 489424 794433 591376 351037 644572 293098 949655 720142 344522 302138 
307573 316482 417847 112937 720633 847446 665692 96625 808770 634642 885182 480219 617184 682778 963394 737669 294609 117391 417521 681748 804607 
937316 450042 48940 659736 948134 721295 594917 71436 305271 75877 523197 812964 456141 374492 800492 367852 285890 11881 82086 824918 130718 
720624 679903 371430 968709 278151 434368 232387 946233 380340 710689 826416 629230 364793 28001 331605 255813 562308 431540 976778 984208 210386 
323477 410415 158261 244123 518236 521510 442098 417194 946487 10177 352314 953064 260843 135202 348378 703572 757693 590985 220896 477112 652894 
486680 239678 228440 986320 794750 530741 33876 30656 809834 586335 851166 360183 139249 659922 208308 584868 276604 561245 450031 370079 719451 
304052 714096 326467 882596 151566 958059 494285 271615 964557 521011 169949 245244 140756 211163 846958 663745 181063 518287 775958 617786 407496 
332858 845400 362178 152237 150231 829485 27948 217472 493097 493807 758094 731454 854884 897356 174139 311981 211706 272416 580834 265035 134948 
699690 535195 714984 35704 711101 839920 440606 111115 821975 211665 3396 889439 590594 25821 186006 880836 282450 970815 98809 343130 3434 
49184 9437 867241 447883 12637 914807 988179 326405 264647 395705 708 821125 148984 230745 496920 522252 901307 626489 259020 516693 166618 
678893 32753 41081 230121 348382 229923 586997 675302 916294 869839 971454 580175 776098 294870 839260 64562 249356 860115 98020 907208 865428 
1 3
2 3
3 4
4 5
5 8
6 8
7 8
8 10
9 10
10 13
11 13
12 13
13 14
14 16
15 16
16 18
17 18
19 20
20 21
1 2
2 5
3 5
4 6
5 7
6 7
7 9
8 11
9 11
10 14
11 12
