11 10 15
673558 441595 688009 716396 325969 119114 204531 471007 910963 797943 
285366 842083 179853 530768 633822 185696 824713 973672 859902 248591 
724832 314739 153058 631617 819791 555641 110680 437336 77007 497973 
936099 649096 975320 583455 345224 112290 556761 948906 586127 236124 
129507 45814 476771 935239 329095 896221 987845 712367 140535 725227 
915395 941364 318739 607845 559591 436551 145160 808624 764948 597386 
307218 195273 755540 399248 242386 413497 894886 140624 682421 28145 
531969 335736 699916 161626 663535 46043 796012 454680 24153 575245 
977296 878819 590397 87693 301816 112992 740034 122670 119398 489554 
410548 975826 121211 729663 830212 533809 273378 822762 626 737336 
401869 977996 2777 62768 997440 829875 689332 540557 456302 468873 
300561 120095 918985 113756 639790 851408 828016 30194 222770 15681 
1 2
2 6
3 4
4 5
5 9
6 8
8 9
1 3
2 3
3 6
4 6
5 6
7 8
8 10
1 4
